0 0.300992 0.045454 0.694118 0.060604
0 0.723539 0.045454 0.882353 0.060604
0 0.815033 0.078282 0.828105 0.088383
0 0.885621 0.078282 0.898693 0.088383
0 0.815033 0.123736 0.828105 0.133837
0 0.885621 0.123736 0.898693 0.133837
0 0.815033 0.138886 0.828105 0.148987
0 0.885621 0.138886 0.898693 0.148987
0 0.815033 0.184340 0.828105 0.194441
0 0.885621 0.184340 0.898693 0.194441
0 0.815033 0.214644 0.828105 0.224745
0 0.885621 0.214644 0.898693 0.224745
0 0.815033 0.260098 0.828105 0.270199
0 0.885621 0.260098 0.898693 0.270199
0 0.800000 0.303028 0.941176 0.318179
0 0.815033 0.320703 0.828105 0.330804
0 0.885621 0.320703 0.898693 0.330804
0 0.815033 0.366157 0.828105 0.376258
0 0.885621 0.366157 0.898693 0.376258
0 0.815033 0.381307 0.828105 0.391408
0 0.885621 0.381307 0.898693 0.391408
0 0.800000 0.424237 0.941176 0.439387
0 0.815033 0.441915 0.828105 0.452016
0 0.885621 0.441915 0.898693 0.452016
0 0.815033 0.472215 0.828105 0.482316
0 0.885621 0.472215 0.898693 0.482316
0 0.815033 0.517669 0.828105 0.527770
0 0.885621 0.517669 0.898693 0.527770
0 0.815033 0.547973 0.828105 0.558074
0 0.885621 0.547973 0.898693 0.558074
0 0.815033 0.578277 0.828105 0.588378
0 0.885621 0.578277 0.898693 0.588378
0 0.815033 0.608577 0.828105 0.618678
0 0.885621 0.608577 0.898693 0.618678
0 0.815033 0.623731 0.828105 0.633832
0 0.885621 0.623731 0.898693 0.633832
0 0.815033 0.669185 0.828105 0.679286
0 0.885621 0.669185 0.898693 0.679286
0 0.815033 0.699485 0.828105 0.709586
0 0.885621 0.699485 0.898693 0.709586
0 0.815033 0.714639 0.828105 0.724740
0 0.885621 0.714639 0.898693 0.724740
0 0.815033 0.744939 0.828105 0.755040
0 0.885621 0.744939 0.898693 0.755040
0 0.815033 0.790394 0.828105 0.800494
0 0.885621 0.790394 0.898693 0.800494
0 0.815033 0.820698 0.828105 0.830798
0 0.885621 0.820698 0.898693 0.830798
0 0.815033 0.835848 0.828105 0.845949
0 0.885621 0.835848 0.898693 0.845949
