0 0.300992 0.045454 0.694118 0.060604
0 0.723539 0.045454 0.882353 0.060604
0 0.105882 0.121208 0.435294 0.151512
0 0.436928 0.121208 0.800000 0.136358
0 0.436928 0.136358 0.800000 0.151509
0 0.800000 0.121208 0.941176 0.151512
0 0.105882 0.151512 0.435294 0.181816
0 0.436928 0.151512 0.800000 0.166662
0 0.436928 0.166666 0.800000 0.181816
0 0.800000 0.151512 0.941176 0.181816
0 0.815033 0.184340 0.828105 0.194441
0 0.885621 0.184340 0.898693 0.194441
0 0.815033 0.214644 0.828105 0.224745
0 0.885621 0.214644 0.898693 0.224745
0 0.815033 0.396461 0.828105 0.406562
0 0.885621 0.396461 0.898693 0.406562
0 0.815033 0.457065 0.828105 0.467166
0 0.885621 0.457065 0.898693 0.467166
0 0.815033 0.517669 0.828105 0.527770
0 0.885621 0.517669 0.898693 0.527770
0 0.815033 0.593427 0.828105 0.603528
0 0.885621 0.593427 0.898693 0.603528
0 0.815033 0.638881 0.828105 0.648982
0 0.885621 0.638881 0.898693 0.648982
0 0.815033 0.684335 0.828105 0.694436
0 0.885621 0.684335 0.898693 0.694436
0 0.815033 0.729789 0.828105 0.739890
0 0.885621 0.729789 0.898693 0.739890
0 0.815033 0.820698 0.828105 0.830798
0 0.885621 0.820698 0.898693 0.830798
