0 0.300992 0.045454 0.694118 0.060604
0 0.723539 0.045454 0.882353 0.060604
0 0.815033 0.108582 0.828105 0.118683
0 0.885621 0.108582 0.898693 0.118683
0 0.815033 0.154036 0.828105 0.164137
0 0.885621 0.154036 0.898693 0.164137
0 0.815033 0.184340 0.828105 0.194441
0 0.885621 0.184340 0.898693 0.194441
0 0.815033 0.214644 0.828105 0.224745
0 0.885621 0.214644 0.898693 0.224745
0 0.815033 0.244944 0.828105 0.255045
0 0.885621 0.244944 0.898693 0.255045
0 0.815033 0.290399 0.828105 0.300499
0 0.885621 0.290399 0.898693 0.300499
0 0.815033 0.335853 0.828105 0.345954
0 0.885621 0.335853 0.898693 0.345954
0 0.815033 0.366157 0.828105 0.376258
0 0.885621 0.366157 0.898693 0.376258
0 0.815033 0.441911 0.828105 0.452012
0 0.885621 0.441911 0.898693 0.452012
0 0.815033 0.517669 0.828105 0.527770
0 0.885621 0.517669 0.898693 0.527770
