0 0.058826 0.118692 0.941213 0.227282
0 0.823562 0.229806 0.836634 0.239907
0 0.894153 0.229806 0.907225 0.239907
0 0.105887 0.257587 0.788266 0.272738
0 0.800031 0.257587 0.941213 0.272738
0 0.105887 0.272738 0.788266 0.287889
0 0.800031 0.272738 0.941213 0.287889
0 0.105887 0.287889 0.788266 0.303040
0 0.800031 0.287889 0.941213 0.303040
0 0.823562 0.320719 0.836634 0.330820
0 0.894153 0.320719 0.907225 0.330820
0 0.105887 0.348500 0.788266 0.363651
0 0.800031 0.348500 0.941213 0.363651
0 0.105887 0.363651 0.788266 0.378802
0 0.800031 0.363651 0.941213 0.378802
0 0.105887 0.378802 0.788266 0.393953
0 0.800031 0.378802 0.941213 0.393953
0 0.823562 0.396481 0.836634 0.406582
0 0.894153 0.396481 0.907225 0.406582
0 0.823562 0.411632 0.836634 0.421733
0 0.894153 0.411632 0.907225 0.421733
0 0.823562 0.426782 0.836634 0.436884
0 0.894153 0.426782 0.907225 0.436884
0 0.823562 0.457088 0.836634 0.467189
0 0.894153 0.457088 0.907225 0.467189
0 0.105887 0.487393 0.118959 0.497495
0 0.352955 0.484869 0.941213 0.500020
0 0.105887 0.502544 0.118959 0.512646
0 0.058826 0.530323 0.941213 0.636389
0 0.058826 0.673007 0.941213 0.818215
0 0.058826 0.833367 0.941213 0.939433
