0 0.058824 0.227270 0.635294 0.257574
0 0.636928 0.227270 0.941176 0.257574
0 0.058824 0.272725 0.541176 0.303028
0 0.541176 0.272722 0.635294 0.303025
0 0.635294 0.272725 0.941176 0.303028
0 0.058824 0.318176 0.635294 0.348479
0 0.635294 0.318179 0.941176 0.348483
0 0.058824 0.378784 0.635294 0.409087
0 0.718629 0.348479 0.941176 0.393933
0 0.770578 0.393933 0.941176 0.409083
0 0.811765 0.411611 0.824837 0.421712
0 0.882353 0.411611 0.895425 0.421712
0 0.811765 0.487365 0.824837 0.497466
0 0.882353 0.487365 0.895425 0.497466
0 0.270588 0.560599 0.941176 0.575749
0 0.316683 0.590903 0.941176 0.606053
0 0.811765 0.608577 0.824837 0.618678
0 0.882353 0.608577 0.895425 0.618678
0 0.724521 0.666657 0.776471 0.681808
0 0.784641 0.666657 0.823529 0.681808
0 0.831699 0.666657 0.929412 0.681808
0 0.811765 0.684335 0.824837 0.694436
0 0.882353 0.684335 0.895425 0.694436
0 0.283075 0.696961 0.941176 0.712111
