0 0.058826 0.196978 0.623554 0.227282
0 0.623554 0.207079 0.941213 0.227282
0 0.058826 0.242434 0.941213 0.272738
0 0.058826 0.287890 0.941213 0.318195
0 0.058826 0.343448 0.623554 0.378802
0 0.623554 0.333347 0.941213 0.348500
0 0.623554 0.363652 0.941213 0.378806
0 0.811797 0.381326 0.824869 0.391427
0 0.882388 0.381326 0.895460 0.391427
0 0.694145 0.393957 0.941213 0.409107
0 0.105887 0.409107 0.941213 0.424258
0 0.105887 0.424258 0.941213 0.439409
0 0.082356 0.487393 0.095429 0.497495
0 0.082356 0.502544 0.095429 0.512646
0 0.517667 0.575782 0.658849 0.590933
0 0.658849 0.575782 0.800031 0.590933
0 0.800031 0.575782 0.941213 0.590933
0 0.517667 0.590933 0.658849 0.606084
0 0.658849 0.590933 0.800031 0.606084
0 0.800031 0.590933 0.941213 0.606084
0 0.517667 0.606084 0.658849 0.621235
0 0.658849 0.606084 0.800031 0.621235
0 0.800031 0.606084 0.941213 0.621235
0 0.517667 0.621235 0.658849 0.636386
0 0.658849 0.621235 0.800031 0.636386
0 0.800031 0.621235 0.941213 0.636386
0 0.800031 0.651540 0.941213 0.666691
0 0.800031 0.666695 0.941213 0.681846
0 0.800031 0.681846 0.941213 0.696997
0 0.800031 0.696997 0.941213 0.712148
0 0.800031 0.712151 0.922824 0.727302
0 0.058826 0.742454 0.941213 0.787909
0 0.058826 0.815688 0.941213 0.848517
0 0.800031 0.863671 0.941213 0.878822
0 0.458841 0.909128 0.764736 0.924281
