0 0.300992 0.045454 0.694118 0.060604
0 0.723539 0.045454 0.882353 0.060604
0 0.815033 0.093432 0.828105 0.103533
0 0.885621 0.093432 0.898693 0.103533
0 0.815033 0.123736 0.828105 0.133837
0 0.885621 0.123736 0.898693 0.133837
0 0.815033 0.154036 0.828105 0.164137
0 0.885621 0.154036 0.898693 0.164137
0 0.815033 0.199490 0.828105 0.209591
0 0.885621 0.199490 0.898693 0.209591
0 0.815033 0.229794 0.828105 0.239895
0 0.885621 0.229794 0.898693 0.239895
0 0.815033 0.275249 0.828105 0.285349
0 0.885621 0.275249 0.898693 0.285349
0 0.815033 0.305552 0.828105 0.315653
0 0.885621 0.305552 0.898693 0.315653
0 0.815033 0.366157 0.828105 0.376258
0 0.885621 0.366157 0.898693 0.376258
0 0.815033 0.426761 0.828105 0.436862
0 0.885621 0.426761 0.898693 0.436862
0 0.815033 0.502519 0.828105 0.512620
0 0.885621 0.502519 0.898693 0.512620
0 0.815033 0.563123 0.828105 0.573224
0 0.885621 0.563123 0.898693 0.573224
0 0.815033 0.608577 0.828105 0.618678
0 0.885621 0.608577 0.898693 0.618678
0 0.815033 0.699485 0.828105 0.709586
0 0.885621 0.699485 0.898693 0.709586
0 0.815033 0.744939 0.828105 0.755040
0 0.885621 0.744939 0.898693 0.755040
