0 0.300992 0.045454 0.694118 0.060604
0 0.723539 0.045454 0.882353 0.060604
0 0.107516 0.181816 0.235294 0.196966
0 0.235294 0.181816 0.352941 0.196966
0 0.352941 0.181816 0.470588 0.196966
0 0.470588 0.181816 0.588235 0.196966
0 0.588235 0.181816 0.705882 0.196966
0 0.705882 0.181816 0.823529 0.196966
0 0.823529 0.181816 0.941176 0.196966
0 0.107516 0.196966 0.235294 0.212117
0 0.235294 0.196966 0.352941 0.212117
0 0.352941 0.196966 0.470588 0.212117
0 0.470588 0.196966 0.588235 0.212117
0 0.588235 0.196966 0.705882 0.212117
0 0.705882 0.196966 0.823529 0.212117
0 0.823529 0.196966 0.941176 0.212117
0 0.107516 0.212117 0.235294 0.227267
0 0.235294 0.212117 0.352941 0.227267
0 0.352941 0.212117 0.470588 0.227267
0 0.470588 0.212117 0.588235 0.227267
0 0.588235 0.212117 0.705882 0.227267
0 0.705882 0.212117 0.823529 0.227267
0 0.823529 0.212117 0.941176 0.227267
0 0.107516 0.227267 0.235294 0.242417
0 0.235294 0.227267 0.352941 0.242417
0 0.352941 0.227267 0.470588 0.242417
0 0.470588 0.227267 0.588235 0.242417
0 0.588235 0.227267 0.705882 0.242417
0 0.705882 0.227267 0.823529 0.242417
0 0.823529 0.227267 0.941176 0.242417
0 0.107516 0.242417 0.235294 0.257567
0 0.235294 0.242417 0.352941 0.257567
0 0.352941 0.242417 0.470588 0.257567
0 0.470588 0.242417 0.588235 0.257567
0 0.588235 0.242417 0.705882 0.257567
0 0.705882 0.242417 0.823529 0.257567
0 0.823529 0.242417 0.941176 0.257567
0 0.235294 0.257567 0.352941 0.272717
0 0.352941 0.257567 0.470588 0.272717
0 0.470588 0.257567 0.588235 0.272717
0 0.588235 0.257567 0.705882 0.272717
0 0.705882 0.257567 0.823529 0.272717
0 0.823529 0.257567 0.941176 0.272717
0 0.107516 0.363633 0.235294 0.378783
0 0.235294 0.363633 0.329412 0.378783
0 0.329412 0.363633 0.411765 0.378783
0 0.411765 0.363633 0.504248 0.378783
0 0.505882 0.363633 0.586601 0.378783
0 0.588235 0.363633 0.682353 0.378783
0 0.682353 0.363633 0.764706 0.378783
0 0.764706 0.363633 0.857190 0.378783
0 0.858823 0.363633 0.939542 0.378783
0 0.107516 0.378783 0.235294 0.393933
0 0.235294 0.378783 0.329412 0.393933
0 0.329412 0.378783 0.411765 0.393933
0 0.411765 0.378783 0.504248 0.393933
0 0.505882 0.378783 0.586601 0.393933
0 0.588235 0.378783 0.682353 0.393933
0 0.682353 0.378783 0.764706 0.393933
0 0.764706 0.378783 0.857190 0.393933
0 0.858823 0.378783 0.939542 0.393933
0 0.107516 0.393933 0.235294 0.409083
0 0.235294 0.393933 0.329412 0.409083
0 0.329412 0.393933 0.411765 0.409083
0 0.411765 0.393933 0.504248 0.409083
0 0.505882 0.393933 0.586601 0.409083
0 0.588235 0.393933 0.682353 0.409083
0 0.682353 0.393933 0.764706 0.409083
0 0.764706 0.393933 0.857190 0.409083
0 0.858823 0.393933 0.939542 0.409083
0 0.107516 0.409083 0.235294 0.424233
0 0.235294 0.409083 0.329412 0.424233
0 0.329412 0.409083 0.411765 0.424233
0 0.411765 0.409083 0.504248 0.424233
0 0.505882 0.409083 0.586601 0.424233
0 0.588235 0.409083 0.682353 0.424233
0 0.682353 0.409083 0.764706 0.424233
0 0.764706 0.409083 0.857190 0.424233
0 0.858823 0.409083 0.939542 0.424233
0 0.107516 0.424233 0.235294 0.439383
0 0.235294 0.424233 0.329412 0.439383
0 0.329412 0.424233 0.411765 0.439383
0 0.411765 0.424233 0.504248 0.439383
0 0.505882 0.424233 0.586601 0.439383
0 0.588235 0.424233 0.682353 0.439383
0 0.682353 0.424233 0.764706 0.439383
0 0.764706 0.424233 0.857190 0.439383
0 0.858823 0.424233 0.939542 0.439383
0 0.235294 0.439383 0.329412 0.454533
0 0.329412 0.439383 0.411765 0.454533
0 0.411765 0.439383 0.504248 0.454533
0 0.505882 0.439383 0.586601 0.454533
0 0.588235 0.439383 0.682353 0.454533
0 0.682353 0.439383 0.764706 0.454533
0 0.764706 0.439383 0.857190 0.454533
0 0.858823 0.439383 0.939542 0.454533
0 0.815033 0.517669 0.828105 0.527770
0 0.885621 0.517669 0.898693 0.527770
0 0.815033 0.563123 0.828105 0.573224
0 0.885621 0.563123 0.898693 0.573224
