0 0.300992 0.045454 0.694118 0.060604
0 0.723539 0.045454 0.882353 0.060604
0 0.815033 0.244944 0.828105 0.255045
0 0.885621 0.244944 0.898693 0.255045
0 0.815033 0.275249 0.828105 0.285349
0 0.885621 0.275249 0.898693 0.285349
0 0.815033 0.305552 0.828105 0.315653
0 0.885621 0.305552 0.898693 0.315653
0 0.815033 0.381307 0.828105 0.391408
0 0.885621 0.381307 0.898693 0.391408
0 0.815033 0.472215 0.828105 0.482316
0 0.885621 0.472215 0.898693 0.482316
0 0.815033 0.532823 0.828105 0.542924
0 0.885621 0.532823 0.898693 0.542924
0 0.815033 0.623731 0.828105 0.633832
0 0.885621 0.623731 0.898693 0.633832
0 0.815033 0.638881 0.828105 0.648982
0 0.885621 0.638881 0.898693 0.648982
0 0.815033 0.669185 0.828105 0.679286
0 0.885621 0.669185 0.898693 0.679286
0 0.815033 0.760093 0.828105 0.770194
0 0.885621 0.760093 0.898693 0.770194
0 0.815033 0.820698 0.828105 0.830798
0 0.885621 0.820698 0.898693 0.830798
