0 0.300992 0.045454 0.694118 0.060604
0 0.723539 0.045454 0.882353 0.060604
0 0.815033 0.078282 0.828105 0.088383
0 0.885621 0.078282 0.898693 0.088383
0 0.815033 0.138886 0.828105 0.148987
0 0.885621 0.138886 0.898693 0.148987
0 0.815033 0.214644 0.828105 0.224745
0 0.885621 0.214644 0.898693 0.224745
0 0.815033 0.244944 0.828105 0.255045
0 0.885621 0.244944 0.898693 0.255045
0 0.162711 0.318179 0.752941 0.333329
0 0.798139 0.318179 0.941176 0.333329
0 0.174158 0.333329 0.752941 0.348479
0 0.105882 0.409087 0.388235 0.439391
0 0.389869 0.409087 0.764706 0.424237
0 0.389869 0.424237 0.764706 0.439387
0 0.764706 0.424238 0.941176 0.439391
0 0.105882 0.439391 0.388235 0.469695
0 0.389869 0.439391 0.764706 0.454541
0 0.389869 0.454541 0.764706 0.469691
0 0.764706 0.454542 0.941176 0.469695
0 0.105882 0.469695 0.388235 0.499999
0 0.389869 0.469695 0.764706 0.484845
0 0.389869 0.484849 0.764706 0.499999
0 0.764706 0.484846 0.941176 0.499999
0 0.105882 0.499999 0.388235 0.530303
0 0.389869 0.499999 0.764706 0.515149
0 0.389869 0.515153 0.764706 0.530303
0 0.764706 0.515150 0.941176 0.530303
0 0.105882 0.530303 0.388235 0.560607
0 0.389869 0.530303 0.764706 0.545453
0 0.389869 0.545453 0.764706 0.560603
0 0.764706 0.545454 0.941176 0.560607
0 0.815033 0.563123 0.828105 0.573224
0 0.885621 0.563123 0.898693 0.573224
0 0.815033 0.608577 0.828105 0.618678
0 0.885621 0.608577 0.898693 0.618678
0 0.815033 0.669185 0.828105 0.679286
0 0.885621 0.669185 0.898693 0.679286
0 0.815033 0.714639 0.828105 0.724740
0 0.885621 0.714639 0.898693 0.724740
0 0.815033 0.775243 0.828105 0.785344
0 0.885621 0.775243 0.898693 0.785344
0 0.815033 0.835848 0.828105 0.845949
0 0.885621 0.835848 0.898693 0.845949
