0 0.058824 0.159596 0.075163 0.172222
0 0.235294 0.159596 0.251634 0.172222
0 0.058824 0.216364 0.941176 0.245455
0 0.058824 0.261818 0.494118 0.290909
0 0.505882 0.261818 0.788235 0.290909
0 0.800000 0.261818 0.847059 0.290909
0 0.858823 0.261818 0.941176 0.290909
0 0.105882 0.311818 0.123529 0.327273
0 0.129412 0.311818 0.147059 0.327273
0 0.158824 0.311818 0.176471 0.327273
0 0.182353 0.311818 0.200000 0.327273
0 0.205882 0.311818 0.223529 0.327273
0 0.229412 0.311818 0.247059 0.327273
0 0.252941 0.311818 0.270588 0.327273
0 0.276471 0.311818 0.294118 0.327273
0 0.300000 0.311818 0.317647 0.327273
0 0.411765 0.311818 0.429412 0.327273
0 0.435294 0.311818 0.452941 0.327273
0 0.458824 0.311818 0.476471 0.327273
0 0.488235 0.311818 0.505882 0.327273
0 0.511765 0.311818 0.529412 0.327273
0 0.541176 0.311818 0.558824 0.327273
0 0.564706 0.311818 0.582353 0.327273
0 0.588235 0.311818 0.605882 0.327273
0 0.611765 0.311818 0.629412 0.327273
0 0.058824 0.370909 0.788235 0.400000
0 0.800000 0.370909 0.941176 0.400000
0 0.058824 0.439091 0.788235 0.468182
0 0.800000 0.439091 0.941176 0.468182
0 0.058824 0.484545 0.941176 0.513636
0 0.076471 0.520960 0.092810 0.533586
0 0.058824 0.648182 0.494118 0.677273
0 0.505882 0.648182 0.941176 0.677273
0 0.058824 0.693636 0.788235 0.722727
0 0.800000 0.693636 0.941176 0.722727
