0 0.083990 0.118690 0.681154 0.136369
0 0.682380 0.118690 0.941213 0.136369
0 0.083990 0.148996 0.681154 0.166675
0 0.682380 0.148996 0.941213 0.166675
0 0.083990 0.179301 0.681154 0.196980
0 0.682380 0.179301 0.941213 0.196980
0 0.083990 0.209603 0.422320 0.227282
0 0.425180 0.209603 0.681154 0.227282
0 0.682380 0.209603 0.941213 0.227282
0 0.266350 0.242433 0.492911 0.257584
0 0.525184 0.242433 0.716450 0.257584
0 0.748722 0.242433 0.941213 0.257584
0 0.166346 0.272738 0.335307 0.287889
0 0.449691 0.272738 0.611789 0.287889
0 0.637933 0.272738 0.681154 0.287889
0 0.682380 0.272738 0.941213 0.287893
0 0.764409 0.295466 0.941213 0.310617
0 0.494137 0.333346 0.941213 0.348496
0 0.524530 0.356074 0.647084 0.371225
0 0.763429 0.356074 0.941213 0.371225
0 0.668000 0.378802 0.941213 0.393953
0 0.838595 0.404054 0.851667 0.414156
0 0.900689 0.404054 0.913761 0.414156
0 0.838595 0.441937 0.851667 0.452038
0 0.900689 0.441937 0.913761 0.452038
0 0.838595 0.479816 0.851667 0.489918
0 0.900689 0.479816 0.913761 0.489918
0 0.411781 0.505071 0.458841 0.520223
0 0.482699 0.525274 0.552963 0.540426
0 0.600024 0.505071 0.647084 0.520223
0 0.670941 0.525274 0.741206 0.540426
0 0.788266 0.505071 0.835327 0.520223
0 0.859184 0.525274 0.929448 0.540426
0 0.376485 0.598510 0.469381 0.613661
0 0.470607 0.598510 0.563502 0.613661
0 0.564728 0.598510 0.657624 0.613661
0 0.658849 0.598510 0.751745 0.613661
0 0.752971 0.598510 0.845867 0.613661
0 0.847092 0.598510 0.941213 0.613661
0 0.376485 0.628813 0.469381 0.643967
0 0.470607 0.628813 0.563502 0.643967
0 0.564728 0.628813 0.657624 0.643967
0 0.658849 0.628813 0.751745 0.643967
0 0.752971 0.628813 0.845867 0.643967
0 0.847092 0.628813 0.941213 0.643967
0 0.376485 0.659119 0.469381 0.674272
0 0.470607 0.659119 0.563502 0.674272
0 0.564728 0.659119 0.657624 0.674272
0 0.658849 0.659119 0.751745 0.674272
0 0.752971 0.659119 0.845867 0.674272
0 0.847092 0.659119 0.941213 0.674272
0 0.376485 0.689424 0.469381 0.704578
0 0.470607 0.689424 0.563502 0.704578
0 0.564728 0.689424 0.657624 0.704578
0 0.658849 0.689424 0.751745 0.704578
0 0.752971 0.689424 0.845867 0.704578
0 0.847092 0.689424 0.941213 0.704578
0 0.376485 0.719730 0.469381 0.734883
0 0.470607 0.719730 0.563502 0.734883
0 0.564728 0.719730 0.657624 0.734883
0 0.658849 0.719730 0.751745 0.734883
0 0.752971 0.719730 0.845867 0.734883
0 0.847092 0.719730 0.941213 0.734883
0 0.376485 0.750035 0.469381 0.765189
0 0.470607 0.750035 0.563502 0.765189
0 0.564728 0.750035 0.657624 0.765189
0 0.658849 0.750035 0.751745 0.765189
0 0.752971 0.750035 0.845867 0.765189
0 0.847092 0.750035 0.941213 0.765189
0 0.376485 0.787917 0.469381 0.803068
0 0.470607 0.787917 0.563502 0.803068
0 0.564728 0.787917 0.657624 0.803068
0 0.658849 0.787917 0.751745 0.803068
0 0.752971 0.787917 0.845867 0.803068
0 0.847092 0.787917 0.941213 0.803068
0 0.376485 0.840948 0.469381 0.856101
0 0.470607 0.840948 0.563502 0.856101
0 0.564728 0.840948 0.657624 0.856101
0 0.658849 0.840948 0.751745 0.856101
0 0.752971 0.840948 0.845867 0.856101
0 0.847092 0.840948 0.941213 0.856101
0 0.376485 0.871254 0.469381 0.886407
0 0.470607 0.871254 0.563502 0.886407
0 0.564728 0.871254 0.657624 0.886407
0 0.658849 0.871254 0.751745 0.886407
0 0.752971 0.871254 0.845867 0.886407
0 0.847092 0.871254 0.941213 0.886407
0 0.376485 0.901559 0.469381 0.916713
0 0.470607 0.901559 0.563502 0.916713
0 0.564728 0.901559 0.657624 0.916713
0 0.658849 0.901559 0.751745 0.916713
0 0.752971 0.901559 0.845867 0.916713
0 0.847092 0.901559 0.941213 0.916713
