0 0.497386 0.063760 0.510458 0.073861
0 0.591503 0.063760 0.604575 0.073861
0 0.685619 0.063760 0.698691 0.073861
0 0.705882 0.060605 0.776471 0.075755
0 0.823529 0.060605 0.941176 0.075755
0 0.823529 0.075759 0.941176 0.090909
0 0.823529 0.090909 0.941176 0.106059
0 0.823529 0.106059 0.941176 0.121210
0 0.823529 0.121213 0.941176 0.136364
0 0.823529 0.136364 0.941176 0.151514
0 0.823529 0.151514 0.941176 0.166664
0 0.670588 0.181818 0.787010 0.196968
0 0.670588 0.212122 0.787010 0.227273
0 0.670588 0.227273 0.787010 0.242423
0 0.823529 0.242423 0.941176 0.257573
0 0.823529 0.257577 0.941176 0.272727
0 0.670588 0.287878 0.787010 0.303028
0 0.670588 0.303032 0.787010 0.318182
0 0.670588 0.318182 0.787010 0.333332
0 0.823529 0.333332 0.941176 0.348482
0 0.823529 0.348486 0.941176 0.363636
0 0.823529 0.363636 0.941176 0.378787
0 0.823529 0.378787 0.941176 0.393937
0 0.823529 0.393941 0.941176 0.409091
0 0.670588 0.409091 0.787010 0.424241
0 0.670588 0.424241 0.787010 0.439391
0 0.670588 0.439395 0.787010 0.454545
0 0.670588 0.454545 0.787010 0.469696
0 0.670588 0.469696 0.787010 0.484846
0 0.823529 0.484850 0.941176 0.500000
0 0.823529 0.500000 0.941176 0.515150
0 0.823529 0.515150 0.941176 0.530300
0 0.760131 0.532828 0.773203 0.542929
0 0.823529 0.530304 0.941176 0.545455
0 0.294118 0.546718 0.505642 0.560609
0 0.616667 0.547979 0.629739 0.558080
0 0.710784 0.547979 0.723856 0.558080
0 0.294118 0.561869 0.694118 0.575759
0 0.270588 0.590909 0.787010 0.606059
0 0.670588 0.606059 0.787010 0.621210
0 0.823529 0.636364 0.941176 0.651514
0 0.670588 0.651514 0.787010 0.666664
0 0.697386 0.669192 0.710457 0.679293
0 0.873856 0.669192 0.886928 0.679293
0 0.211765 0.694444 0.482353 0.709597
0 0.529412 0.694444 0.682353 0.709597
0 0.823529 0.694446 0.941176 0.709596
0 0.531046 0.755049 0.751716 0.780300
0 0.823529 0.765150 0.941176 0.780300
0 0.213072 0.780304 0.435294 0.795455
0 0.528431 0.780304 0.941176 0.795455
0 0.142810 0.808081 0.375245 0.825759
0 0.729412 0.808081 0.823529 0.825759
0 0.835294 0.811866 0.848366 0.821967
0 0.226144 0.825759 0.728186 0.840909
0 0.801307 0.825759 0.941176 0.840909
0 0.239216 0.840909 0.728186 0.856059
0 0.801307 0.840909 0.941176 0.856059
