0 0.305882 0.109215 0.318954 0.119316
0 0.423529 0.109215 0.436601 0.119316
0 0.647059 0.109215 0.660131 0.119316
0 0.788235 0.138256 0.801307 0.148357
0 0.882353 0.138256 0.895425 0.148357
0 0.764706 0.166668 0.941176 0.181818
0 0.764706 0.196968 0.941176 0.212119
0 0.764706 0.227273 0.941176 0.242423
0 0.764706 0.257577 0.941176 0.272727
0 0.764706 0.287878 0.941176 0.303028
0 0.764706 0.318182 0.941176 0.333332
0 0.764706 0.348486 0.941176 0.363636
0 0.764706 0.378787 0.941176 0.393937
0 0.611765 0.454545 0.658824 0.469696
0 0.664724 0.454545 0.705882 0.469696
0 0.711879 0.454545 0.752941 0.469696
0 0.169616 0.515150 0.329412 0.530300
0 0.541935 0.515150 0.694118 0.530300
0 0.764479 0.515150 0.941176 0.530300
0 0.800000 0.547067 0.813797 0.557729
0 0.882353 0.547067 0.896150 0.557729
0 0.800000 0.577371 0.813797 0.588033
0 0.882353 0.577371 0.896150 0.588033
0 0.800000 0.607672 0.813799 0.618335
0 0.882353 0.607672 0.896150 0.618333
0 0.800000 0.637976 0.813799 0.648639
0 0.882353 0.637976 0.896150 0.648638
0 0.058824 0.681819 0.752941 0.696972
0 0.764706 0.681819 0.941176 0.696972
0 0.058824 0.712124 0.752941 0.727277
0 0.764706 0.712124 0.941176 0.727277
0 0.058824 0.742428 0.752941 0.757581
0 0.764706 0.742428 0.941176 0.757581
0 0.058824 0.772732 0.752941 0.787885
0 0.764706 0.772732 0.941176 0.787885
0 0.058824 0.803037 0.752941 0.818189
0 0.764706 0.803037 0.941176 0.818189
0 0.058824 0.833341 0.752941 0.848494
0 0.764706 0.833341 0.941176 0.848494
0 0.058824 0.863645 0.752941 0.878798
0 0.764706 0.863645 0.941176 0.878798
0 0.058824 0.893949 0.752941 0.909102
0 0.764706 0.893949 0.941176 0.909102
0 0.058824 0.924254 0.752941 0.939407
0 0.764706 0.924254 0.941176 0.939407
0 0.764706 0.939395 0.941176 0.954545
