0 0.786632 0.075762 0.788266 0.090913
0 0.670615 0.090913 0.787041 0.106064
0 0.670615 0.166675 0.787041 0.181826
0 0.670615 0.181826 0.787041 0.196976
0 0.670615 0.196976 0.787041 0.212127
0 0.670615 0.212131 0.787041 0.227282
0 0.823562 0.227282 0.941213 0.242433
0 0.670615 0.242433 0.787041 0.257584
0 0.670615 0.272738 0.787041 0.287889
0 0.823562 0.287889 0.941213 0.303040
0 0.670615 0.318195 0.787041 0.333346
0 0.670615 0.333346 0.787041 0.348496
0 0.823562 0.348500 0.941213 0.363651
0 0.823562 0.363651 0.941213 0.378802
0 0.823562 0.393957 0.941213 0.409107
0 0.823562 0.409107 0.941213 0.424258
