0 0.058826 0.133845 0.763510 0.151524
0 0.764736 0.133845 0.941213 0.151524
0 0.920949 0.154044 0.934022 0.164146
0 0.342824 0.371226 0.539972 0.401530
0 0.542832 0.371226 0.739980 0.401530
0 0.742840 0.371226 0.941213 0.401530
0 0.342415 0.401530 0.539972 0.537899
0 0.542423 0.401530 0.739980 0.537899
0 0.742431 0.401530 0.941213 0.537899
0 0.400016 0.545477 0.423546 0.560627
0 0.435311 0.545477 0.458841 0.560627
0 0.470607 0.545477 0.494137 0.560627
0 0.505902 0.545477 0.529433 0.560627
0 0.600024 0.545477 0.623554 0.560627
0 0.635319 0.545477 0.658849 0.560627
0 0.670615 0.545477 0.694145 0.560627
0 0.705910 0.545477 0.729440 0.560627
0 0.800031 0.545477 0.823562 0.560627
0 0.835327 0.545477 0.858857 0.560627
0 0.870622 0.545477 0.894153 0.560627
0 0.905918 0.545477 0.929448 0.560627
0 0.352955 0.623130 0.377466 0.642070
0 0.447076 0.623130 0.471587 0.642070
0 0.552963 0.623130 0.577474 0.642070
0 0.647084 0.623130 0.671595 0.642070
0 0.752971 0.623130 0.777481 0.642070
0 0.847092 0.623130 0.871603 0.642070
0 0.352955 0.691315 0.377466 0.710255
0 0.447076 0.691315 0.471587 0.710255
0 0.552963 0.691315 0.577474 0.710255
0 0.647084 0.691315 0.671595 0.710255
0 0.752971 0.691315 0.777481 0.710255
0 0.847092 0.691315 0.871603 0.710255
0 0.342824 0.750030 0.539972 0.795487
0 0.542832 0.750030 0.739980 0.795487
0 0.742840 0.750030 0.941213 0.795487
0 0.400016 0.863671 0.458841 0.893977
0 0.600024 0.863671 0.658849 0.893977
0 0.800031 0.863671 0.858857 0.893977
