0 0.823529 0.090909 0.941176 0.106059
0 0.517647 0.106059 0.634069 0.121210
0 0.823529 0.106059 0.941176 0.121210
0 0.823529 0.121213 0.941176 0.136364
0 0.823529 0.136364 0.941176 0.151514
0 0.823529 0.151514 0.941176 0.166664
0 0.823529 0.166668 0.941176 0.181818
0 0.422876 0.181818 0.776471 0.196968
0 0.823529 0.181818 0.941176 0.196968
0 0.823529 0.196968 0.941176 0.212119
0 0.670588 0.212122 0.787010 0.227273
0 0.670588 0.227273 0.787010 0.242423
0 0.670588 0.242423 0.787010 0.257573
0 0.670588 0.257577 0.787010 0.272727
0 0.823529 0.272727 0.941176 0.287878
0 0.823529 0.287878 0.941176 0.303028
0 0.058824 0.368686 0.728186 0.386364
0 0.729412 0.368686 0.941176 0.386364
0 0.258824 0.431818 0.376471 0.446968
0 0.600000 0.431818 0.729412 0.446968
0 0.823529 0.431818 0.941176 0.446968
0 0.670588 0.446968 0.787010 0.462119
0 0.670588 0.462122 0.787010 0.477273
0 0.670588 0.477273 0.787010 0.492423
0 0.670588 0.492423 0.787010 0.507573
0 0.670588 0.507577 0.787010 0.522727
0 0.670588 0.522727 0.787010 0.537878
0 0.670588 0.537878 0.787010 0.553028
0 0.823529 0.553032 0.941176 0.568182
0 0.823529 0.568182 0.941176 0.583332
0 0.823529 0.583332 0.941176 0.598482
0 0.823529 0.598486 0.941176 0.613636
0 0.376471 0.628787 0.492892 0.643937
0 0.376471 0.655304 0.492892 0.670455
0 0.376471 0.670455 0.492892 0.685605
0 0.376471 0.685605 0.492892 0.700755
0 0.376471 0.700759 0.492892 0.715909
0 0.376471 0.765150 0.492892 0.780300
0 0.376471 0.803032 0.492892 0.818182
0 0.376471 0.818182 0.492892 0.833332
0 0.376471 0.844696 0.492892 0.859846
0 0.376471 0.859850 0.492892 0.875000
0 0.376471 0.875000 0.492892 0.890150
0 0.376471 0.901514 0.492892 0.916664
0 0.823529 0.643941 0.941176 0.659091
0 0.823529 0.659091 0.941176 0.674241
0 0.823529 0.674241 0.941176 0.689391
0 0.823529 0.704545 0.941176 0.719696
0 0.823529 0.719696 0.941176 0.734846
0 0.823529 0.750000 0.941176 0.765150
0 0.823529 0.765150 0.941176 0.780300
0 0.823529 0.780304 0.941176 0.795455
0 0.823529 0.795455 0.941176 0.810605
0 0.552941 0.840909 0.776471 0.856059
0 0.552941 0.856059 0.776471 0.871210
0 0.552941 0.871213 0.776471 0.886364
0 0.552941 0.886364 0.776471 0.901514
0 0.823529 0.901514 0.941176 0.916664
0 0.823529 0.916668 0.941176 0.931818
0 0.823529 0.931818 0.941176 0.946968
