0 0.823529 0.090909 0.941176 0.106059
0 0.830065 0.166668 0.934641 0.181818
0 0.823529 0.257577 0.941176 0.272727
0 0.670588 0.287878 0.787010 0.303028
0 0.517647 0.318182 0.634069 0.333332
0 0.517647 0.348486 0.634069 0.363636
0 0.670588 0.378787 0.787010 0.393937
0 0.670588 0.409091 0.787010 0.424241
0 0.517647 0.439395 0.634069 0.454545
0 0.517647 0.469696 0.634069 0.484846
0 0.670588 0.500000 0.787010 0.515150
0 0.670588 0.530304 0.787010 0.545455
0 0.517647 0.590909 0.634069 0.606059
0 0.670588 0.606059 0.787010 0.621210
0 0.670588 0.636364 0.787010 0.651514
0 0.823529 0.666668 0.941176 0.681818
0 0.823529 0.696968 0.941176 0.712119
0 0.823529 0.742423 0.941176 0.757573
