0 0.352941 0.093434 0.494118 0.116163
0 0.564706 0.093434 0.705882 0.116163
0 0.735294 0.093434 0.761438 0.116163
0 0.058824 0.133840 0.386601 0.151518
0 0.389869 0.133840 0.763072 0.151518
0 0.766340 0.133840 0.941176 0.151518
0 0.058824 0.174241 0.386601 0.189391
0 0.389869 0.174241 0.763072 0.189391
0 0.766340 0.174241 0.941176 0.189391
0 0.058824 0.202021 0.680719 0.219700
0 0.683987 0.202021 0.763072 0.219700
0 0.058824 0.242423 0.551307 0.257573
0 0.554575 0.242423 0.657190 0.257573
0 0.660458 0.242423 0.763072 0.257573
0 0.058824 0.280304 0.421895 0.295455
0 0.425163 0.280304 0.657190 0.295455
0 0.660458 0.280304 0.763072 0.295455
0 0.800000 0.280934 0.813072 0.291035
0 0.870588 0.280934 0.883660 0.291035
0 0.156208 0.297979 0.169279 0.308080
0 0.626796 0.297979 0.639868 0.308080
0 0.156208 0.313129 0.169279 0.323230
0 0.156208 0.328283 0.169279 0.338384
0 0.626796 0.328283 0.639868 0.338384
0 0.435294 0.356059 0.941176 0.371210
0 0.847059 0.395833 0.860131 0.405934
0 0.894118 0.395833 0.907190 0.405934
0 0.332678 0.411615 0.345750 0.421716
0 0.520913 0.411615 0.533985 0.421716
0 0.156208 0.426765 0.169279 0.436866
0 0.203266 0.449492 0.216338 0.459593
0 0.438560 0.449492 0.451632 0.459593
0 0.615031 0.449492 0.628103 0.459593
0 0.850325 0.449492 0.863397 0.459593
0 0.130227 0.549241 0.143299 0.559342
0 0.152941 0.507577 0.434069 0.522727
0 0.435294 0.507577 0.576471 0.522727
0 0.578105 0.507577 0.681127 0.522727
0 0.740523 0.510101 0.753595 0.520202
0 0.869935 0.510101 0.883007 0.520202
0 0.152941 0.522727 0.434069 0.537878
0 0.435294 0.522727 0.576471 0.537878
0 0.578105 0.522727 0.681127 0.537878
0 0.740523 0.525251 0.753595 0.535352
0 0.869935 0.525251 0.883007 0.535352
0 0.152941 0.537878 0.434069 0.553028
0 0.435294 0.537878 0.576471 0.553028
0 0.578105 0.537878 0.681127 0.553028
0 0.740523 0.540401 0.753595 0.550503
0 0.869935 0.540401 0.883007 0.550503
0 0.152941 0.553028 0.434069 0.568178
0 0.435294 0.553028 0.576471 0.568178
0 0.578105 0.553028 0.681127 0.568178
0 0.740523 0.555552 0.753595 0.565653
0 0.869935 0.555552 0.883007 0.565653
0 0.823529 0.568182 0.941176 0.583332
0 0.823529 0.583332 0.941176 0.598482
0 0.823529 0.598486 0.941176 0.613636
0 0.823529 0.613636 0.941176 0.628787
0 0.823529 0.628787 0.941176 0.643937
0 0.823529 0.643941 0.941176 0.659091
0 0.823529 0.659091 0.941176 0.674241
0 0.823529 0.674241 0.941176 0.689391
0 0.670588 0.689395 0.787010 0.704545
0 0.823529 0.704545 0.941176 0.719696
0 0.423529 0.719696 0.539951 0.734846
0 0.823529 0.719696 0.941176 0.734846
0 0.423529 0.734850 0.539951 0.750000
0 0.823529 0.734850 0.941176 0.750000
0 0.423529 0.750000 0.539951 0.765150
0 0.823529 0.750000 0.941176 0.765150
0 0.423529 0.765150 0.539951 0.780300
0 0.823529 0.765150 0.941176 0.780300
0 0.423529 0.780304 0.539951 0.795455
0 0.823529 0.780304 0.941176 0.795455
0 0.760131 0.797979 0.773203 0.808080
0 0.760131 0.814076 0.773203 0.824177
0 0.823529 0.810605 0.941176 0.825755
0 0.823529 0.825759 0.941176 0.840909
0 0.823529 0.840909 0.941176 0.856059
0 0.823529 0.856059 0.941176 0.871210
0 0.823529 0.871213 0.941176 0.886364
0 0.823529 0.886364 0.941176 0.901514
0 0.823529 0.901514 0.941176 0.916664
0 0.823529 0.916668 0.941176 0.931818
0 0.823529 0.931818 0.941176 0.946968
