0 0.760131 0.084593 0.773203 0.094694
0 0.823529 0.083332 0.941176 0.098482
0 0.823529 0.106059 0.941176 0.121210
0 0.823529 0.128787 0.941176 0.143937
0 0.823529 0.151514 0.941176 0.166664
0 0.823529 0.174241 0.941176 0.189391
0 0.823529 0.196968 0.941176 0.212119
0 0.823529 0.219696 0.941176 0.234846
0 0.823529 0.242423 0.941176 0.257573
0 0.823529 0.280304 0.941176 0.295455
0 0.211765 0.327020 0.224837 0.337121
0 0.364706 0.327020 0.377778 0.337121
0 0.518462 0.327020 0.531534 0.337121
0 0.541176 0.325759 0.635294 0.340909
0 0.823529 0.325759 0.941176 0.340909
0 0.823529 0.348486 0.941176 0.363636
0 0.823529 0.371213 0.941176 0.386364
0 0.823529 0.393941 0.941176 0.409091
0 0.823529 0.416668 0.941176 0.431818
0 0.823529 0.439395 0.941176 0.454545
0 0.823529 0.462122 0.941176 0.477273
0 0.823529 0.484850 0.941176 0.500000
0 0.823529 0.507577 0.941176 0.522727
0 0.670588 0.553032 0.787010 0.568182
0 0.670588 0.575759 0.787010 0.590909
0 0.670588 0.598486 0.787010 0.613636
0 0.823529 0.621213 0.941176 0.636364
0 0.823529 0.643941 0.941176 0.659091
0 0.670588 0.666668 0.787010 0.681818
0 0.670588 0.689395 0.787010 0.704545
0 0.670588 0.712122 0.787010 0.727273
0 0.670588 0.734848 0.787010 0.750000
0 0.670588 0.757577 0.787010 0.772727
0 0.823529 0.795455 0.941176 0.810605
0 0.823529 0.818182 0.941176 0.833332
