0 0.823562 0.090913 0.941213 0.106064
0 0.823562 0.121218 0.941213 0.136369
0 0.823562 0.151520 0.941213 0.166671
0 0.823562 0.166675 0.941213 0.181826
0 0.823562 0.181826 0.941213 0.196976
0 0.823562 0.212131 0.941213 0.227282
0 0.823562 0.227282 0.941213 0.242433
0 0.823562 0.242433 0.941213 0.257584
0 0.823562 0.257587 0.941213 0.272738
0 0.823562 0.272738 0.941213 0.287889
0 0.823562 0.287889 0.941213 0.303040
0 0.823562 0.303044 0.941213 0.318195
0 0.823562 0.333346 0.941213 0.348496
0 0.670615 0.348500 0.787041 0.363651
0 0.823562 0.378802 0.941213 0.393953
0 0.823562 0.393957 0.941213 0.409107
0 0.823562 0.409107 0.941213 0.424258
0 0.823562 0.424258 0.941213 0.439409
0 0.670615 0.439413 0.787041 0.454564
0 0.670615 0.454564 0.787041 0.469715
0 0.823562 0.469715 0.941213 0.484866
0 0.823562 0.530326 0.941213 0.545477
0 0.670615 0.545477 0.787041 0.560627
0 0.113076 0.578306 0.126149 0.588408
0 0.113076 0.593457 0.126149 0.603558
0 0.670615 0.606084 0.787041 0.621235
0 0.113076 0.638913 0.126149 0.649015
0 0.113076 0.654064 0.126149 0.664166
0 0.823562 0.757608 0.941213 0.772758
