0 0.058824 0.121211 0.728186 0.136364
0 0.731046 0.121211 0.941176 0.136364
0 0.823529 0.159091 0.941176 0.174241
0 0.823529 0.174241 0.941176 0.189391
0 0.594673 0.189395 0.776471 0.204545
0 0.823529 0.204545 0.941176 0.219696
0 0.823529 0.219696 0.941176 0.234846
0 0.823529 0.234850 0.941176 0.250000
0 0.823529 0.250000 0.941176 0.265150
0 0.823529 0.265150 0.941176 0.280300
0 0.677124 0.295455 0.781699 0.310605
0 0.670588 0.310605 0.787010 0.325755
0 0.670588 0.325759 0.787010 0.340909
0 0.677124 0.340909 0.781699 0.356059
0 0.670588 0.356059 0.787010 0.371210
0 0.670588 0.371213 0.787010 0.386364
0 0.670588 0.386364 0.787010 0.401514
0 0.670588 0.401514 0.787010 0.416664
0 0.670588 0.416668 0.787010 0.431818
0 0.670588 0.431818 0.787010 0.446968
0 0.670588 0.446968 0.787010 0.462119
0 0.670588 0.477273 0.787010 0.492423
0 0.670588 0.507577 0.787010 0.522727
0 0.670588 0.522727 0.787010 0.537878
0 0.670588 0.537878 0.787010 0.553028
0 0.670588 0.553032 0.787010 0.568182
0 0.670588 0.568182 0.787010 0.583332
0 0.670588 0.583332 0.787010 0.598482
0 0.677124 0.613636 0.781699 0.628787
0 0.670588 0.643941 0.787010 0.659091
0 0.670588 0.659091 0.787010 0.674241
0 0.377124 0.674241 0.623529 0.689391
0 0.105882 0.689395 0.623529 0.704545
0 0.670588 0.689395 0.787010 0.704545
0 0.823529 0.704545 0.941176 0.719696
0 0.823529 0.734850 0.941176 0.750000
