0 0.623554 0.121218 0.728215 0.136369
0 0.729440 0.121218 0.834101 0.136369
0 0.835327 0.121218 0.941213 0.136369
0 0.623554 0.136369 0.728215 0.151520
0 0.729440 0.136369 0.834101 0.151520
0 0.835327 0.136369 0.941213 0.151520
0 0.623554 0.151520 0.728215 0.166671
0 0.729440 0.151520 0.834101 0.166671
0 0.835327 0.151520 0.941213 0.166671
0 0.623554 0.166671 0.728215 0.181822
0 0.729440 0.166671 0.834101 0.181822
0 0.835327 0.166671 0.941213 0.181822
0 0.623554 0.181822 0.728215 0.196973
0 0.729440 0.181822 0.834101 0.196973
0 0.835327 0.181822 0.941213 0.196973
0 0.623554 0.196973 0.728215 0.212123
0 0.729440 0.196973 0.834101 0.212123
0 0.835327 0.196973 0.941213 0.212123
0 0.094775 0.319456 0.107847 0.329558
0 0.141182 0.272738 0.457616 0.287889
0 0.458841 0.272738 0.588258 0.287889
0 0.589892 0.272738 0.728215 0.287889
0 0.775847 0.275262 0.788920 0.285364
0 0.881734 0.275262 0.894806 0.285364
0 0.141182 0.287889 0.457616 0.303040
0 0.458841 0.287889 0.588258 0.303040
0 0.589892 0.287889 0.728215 0.303040
0 0.775847 0.290413 0.788920 0.300515
0 0.881734 0.290413 0.894806 0.300515
0 0.141182 0.303040 0.457616 0.318191
0 0.458841 0.303040 0.588258 0.318191
0 0.589892 0.303040 0.728215 0.318191
0 0.775847 0.305564 0.788920 0.315666
0 0.881734 0.305564 0.894806 0.315666
0 0.141182 0.318191 0.457616 0.333342
0 0.458841 0.318191 0.588258 0.333342
0 0.589892 0.318191 0.728215 0.333342
0 0.775847 0.320715 0.788920 0.330816
0 0.881734 0.320715 0.894806 0.330816
0 0.094121 0.363652 0.941213 0.515175
0 0.542832 0.580832 0.763510 0.606084
0 0.823562 0.590933 0.941213 0.606084
0 0.542832 0.618711 0.763510 0.643963
0 0.823562 0.628812 0.941213 0.643963
0 0.218309 0.643967 0.445442 0.659118
0 0.529433 0.643967 0.941213 0.659118
0 0.152947 0.671744 0.386616 0.689423
0 0.742840 0.671744 0.834101 0.689423
0 0.847092 0.675530 0.860164 0.685631
0 0.231382 0.689423 0.739980 0.704574
0 0.806568 0.689423 0.941213 0.704574
0 0.244454 0.704574 0.739980 0.719725
0 0.806568 0.704574 0.941213 0.719725
