0 0.485621 0.047979 0.498693 0.058080
0 0.567974 0.047979 0.581046 0.058080
0 0.650325 0.047979 0.663397 0.058080
0 0.670588 0.045455 0.729412 0.060605
0 0.823529 0.045455 0.941176 0.060605
0 0.823529 0.060605 0.941176 0.075755
0 0.823529 0.075759 0.941176 0.090909
0 0.823529 0.090909 0.941176 0.106059
0 0.823529 0.106059 0.941176 0.121210
0 0.823529 0.121213 0.941176 0.136364
0 0.823529 0.136364 0.941176 0.151514
0 0.823529 0.151514 0.941176 0.166664
0 0.823529 0.166668 0.941176 0.181818
0 0.670588 0.196968 0.787010 0.212119
0 0.670588 0.212122 0.787010 0.227273
0 0.670588 0.227273 0.787010 0.242423
0 0.823529 0.242423 0.941176 0.257573
0 0.823529 0.257577 0.941176 0.272727
0 0.670588 0.272727 0.787010 0.287878
0 0.670588 0.287878 0.787010 0.303028
0 0.670588 0.303032 0.787010 0.318182
0 0.670588 0.318182 0.787010 0.333332
0 0.670588 0.333332 0.787010 0.348482
0 0.823529 0.348486 0.941176 0.363636
0 0.823529 0.363636 0.941176 0.378787
0 0.823529 0.378787 0.941176 0.393937
0 0.760131 0.397096 0.773203 0.407197
0 0.823529 0.393941 0.941176 0.409091
0 0.282353 0.409721 0.494118 0.423611
0 0.616667 0.412878 0.629739 0.422979
0 0.710784 0.412878 0.723856 0.422979
0 0.282353 0.424875 0.682353 0.438765
0 0.670588 0.439670 0.787010 0.454563
0 0.823529 0.469696 0.941176 0.484846
0 0.670588 0.484850 0.787010 0.500000
0 0.670588 0.515780 0.683660 0.525881
0 0.835294 0.515780 0.848366 0.525881
0 0.235294 0.530304 0.482353 0.553032
0 0.541176 0.530304 0.694118 0.553032
0 0.823529 0.537878 0.941176 0.553028
0 0.531046 0.595958 0.751716 0.621210
0 0.823529 0.606059 0.941176 0.621210
0 0.531046 0.633840 0.751716 0.659091
0 0.823529 0.643941 0.941176 0.659091
0 0.220260 0.659091 0.445833 0.674241
0 0.529412 0.659091 0.941176 0.674241
0 0.149672 0.686867 0.351307 0.704545
0 0.731046 0.686867 0.822304 0.704545
0 0.835294 0.690657 0.848366 0.700758
0 0.233005 0.704545 0.751716 0.719696
0 0.815033 0.704545 0.941176 0.719696
0 0.246077 0.719696 0.751716 0.734846
0 0.816667 0.719696 0.941176 0.734846
