0 0.105882 0.136362 0.623529 0.151514
0 0.670588 0.136362 0.787010 0.151514
0 0.670588 0.174241 0.787010 0.189391
0 0.670588 0.196971 0.787010 0.212122
0 0.670588 0.234850 0.787010 0.250000
0 0.670588 0.257576 0.787010 0.272727
0 0.670588 0.295455 0.787010 0.310605
0 0.670588 0.333332 0.787010 0.348482
0 0.670588 0.371213 0.787010 0.386364
0 0.670588 0.409091 0.787010 0.424241
0 0.670588 0.431817 0.787010 0.446968
0 0.670588 0.454544 0.787010 0.469696
0 0.670588 0.477271 0.787010 0.492423
0 0.670588 0.515150 0.787010 0.530300
0 0.670588 0.553032 0.787010 0.568182
0 0.670588 0.590909 0.787010 0.606059
0 0.670588 0.628787 0.787010 0.643937
0 0.670588 0.651516 0.787010 0.666668
0 0.421242 0.674244 0.623529 0.689395
0 0.105882 0.696971 0.623529 0.712122
0 0.670588 0.696971 0.787010 0.712122
0 0.823529 0.719698 0.941176 0.734850
0 0.823529 0.742425 0.941176 0.757577
0 0.670588 0.765153 0.787010 0.780304
0 0.823529 0.803030 0.941176 0.818182
