0 0.058824 0.121211 0.728186 0.136364
0 0.731046 0.121211 0.941176 0.136364
0 0.823529 0.166667 0.941176 0.181818
0 0.823529 0.204545 0.941176 0.219696
0 0.823529 0.227271 0.941176 0.242423
0 0.823529 0.249999 0.941176 0.265150
0 0.823529 0.272726 0.941176 0.287878
0 0.823529 0.295453 0.941176 0.310605
0 0.670588 0.340908 0.787010 0.356059
0 0.670588 0.363635 0.787010 0.378787
0 0.670588 0.386362 0.787010 0.401514
0 0.670588 0.409090 0.787010 0.424241
0 0.670588 0.431817 0.787010 0.446968
0 0.670588 0.454544 0.787010 0.469696
0 0.670588 0.477271 0.787010 0.492423
0 0.670588 0.499999 0.787010 0.515150
0 0.670588 0.522726 0.787010 0.537878
0 0.670588 0.545453 0.787010 0.560605
0 0.670588 0.568181 0.787010 0.583332
0 0.670588 0.590908 0.787010 0.606059
0 0.670588 0.613635 0.787010 0.628787
0 0.522549 0.636362 0.623529 0.651514
0 0.105882 0.659091 0.623529 0.674241
0 0.670588 0.659090 0.787010 0.674241
0 0.823529 0.681817 0.941176 0.696968
0 0.823529 0.719696 0.941176 0.734846
