0 0.058824 0.118686 0.763480 0.136364
0 0.764706 0.118686 0.941176 0.136364
0 0.211765 0.181818 0.752941 0.196968
0 0.800000 0.181818 0.941176 0.196968
0 0.211765 0.196968 0.752941 0.212119
0 0.800000 0.196968 0.941176 0.212119
0 0.211765 0.212122 0.752941 0.227273
0 0.800000 0.212122 0.941176 0.227273
0 0.211765 0.227273 0.752941 0.242423
0 0.800000 0.227273 0.941176 0.242423
0 0.211765 0.242423 0.752941 0.257573
0 0.800000 0.242423 0.941176 0.257573
0 0.211765 0.257577 0.752941 0.272727
0 0.800000 0.257577 0.941176 0.272727
0 0.211765 0.272727 0.752941 0.287878
0 0.800000 0.272727 0.941176 0.287878
0 0.211765 0.287878 0.752941 0.303028
0 0.800000 0.287878 0.941176 0.303028
0 0.211765 0.303032 0.752941 0.318182
0 0.800000 0.303032 0.941176 0.318182
0 0.211765 0.318182 0.752941 0.333332
0 0.800000 0.318182 0.941176 0.333332
0 0.211765 0.333332 0.752941 0.348482
0 0.800000 0.333332 0.941176 0.348482
0 0.211765 0.348486 0.752941 0.363636
0 0.800000 0.348486 0.941176 0.363636
0 0.211765 0.363636 0.752941 0.378787
0 0.800000 0.363636 0.941176 0.378787
0 0.211765 0.378787 0.752941 0.393937
0 0.800000 0.378787 0.941176 0.393937
0 0.800000 0.393941 0.941176 0.409091
0 0.800000 0.424241 0.941176 0.439391
0 0.800000 0.439395 0.941176 0.454545
0 0.329412 0.469696 0.752941 0.484846
0 0.800000 0.469696 0.941176 0.484846
0 0.211765 0.484850 0.752941 0.500000
0 0.800000 0.484850 0.941176 0.500000
0 0.211765 0.500000 0.752941 0.515150
0 0.800000 0.500000 0.941176 0.515150
0 0.211765 0.515150 0.752941 0.530300
0 0.800000 0.515150 0.941176 0.530300
0 0.211765 0.530304 0.752941 0.545455
0 0.800000 0.530304 0.941176 0.545455
0 0.211765 0.545455 0.752941 0.560605
0 0.800000 0.545455 0.941176 0.560605
0 0.211765 0.560605 0.752941 0.575755
0 0.800000 0.560605 0.941176 0.575755
0 0.211765 0.575759 0.752941 0.590909
0 0.800000 0.575759 0.941176 0.590909
0 0.211765 0.590909 0.752941 0.606059
0 0.800000 0.590909 0.941176 0.606059
0 0.211765 0.606059 0.752941 0.621210
0 0.800000 0.606059 0.941176 0.621210
0 0.211765 0.621213 0.752941 0.636364
0 0.800000 0.621213 0.941176 0.636364
0 0.211765 0.636364 0.752941 0.651514
0 0.800000 0.636364 0.941176 0.651514
0 0.211765 0.651514 0.752941 0.666664
0 0.800000 0.651514 0.941176 0.666664
0 0.211765 0.666668 0.752941 0.681818
0 0.800000 0.666668 0.941176 0.681818
0 0.211765 0.681818 0.752941 0.696968
0 0.800000 0.681818 0.941176 0.696968
0 0.800000 0.696968 0.941176 0.712119
0 0.881373 0.819443 0.897712 0.832069
0 0.916667 0.819443 0.933007 0.832069
0 0.881373 0.864898 0.897712 0.877524
0 0.916667 0.864898 0.933007 0.877524
0 0.447059 0.893941 0.858823 0.909091
0 0.211765 0.909091 0.858823 0.924241
0 0.881373 0.940657 0.897712 0.953283
0 0.916667 0.940657 0.933007 0.953283
