0 0.789900 0.121216 0.904692 0.136369
0 0.907552 0.121216 0.937945 0.136369
0 0.082356 0.151521 0.941213 0.166675
0 0.083990 0.181827 0.351729 0.212131
0 0.354589 0.181827 0.941213 0.212131
0 0.083990 0.227283 0.941213 0.242437
0 0.083990 0.257585 0.657624 0.272738
0 0.658849 0.257585 0.800031 0.272738
0 0.800031 0.257585 0.941213 0.272738
0 0.083990 0.287890 0.434086 0.303044
0 0.436945 0.287890 0.798806 0.303044
0 0.800031 0.287890 0.941213 0.303044
0 0.789900 0.439410 0.904692 0.454564
0 0.907552 0.439410 0.937945 0.454564
0 0.082356 0.469716 0.941213 0.484869
0 0.083990 0.500021 0.351729 0.530326
0 0.354589 0.500021 0.941213 0.530326
0 0.083990 0.545478 0.941213 0.560631
0 0.083990 0.575780 0.657624 0.590933
0 0.658849 0.575780 0.800031 0.590933
0 0.800031 0.575780 0.941213 0.590933
0 0.083990 0.606085 0.434086 0.621238
0 0.436945 0.606085 0.798806 0.621238
0 0.800031 0.606085 0.941213 0.621238
0 0.789900 0.742454 0.904692 0.757608
0 0.907552 0.742454 0.937945 0.757608
0 0.082356 0.772760 0.941213 0.787913
0 0.083990 0.803061 0.351729 0.833366
0 0.354589 0.803061 0.941213 0.833366
0 0.083990 0.848518 0.941213 0.863671
0 0.083990 0.878823 0.657624 0.893977
0 0.658849 0.878823 0.800031 0.893977
0 0.800031 0.878823 0.941213 0.893977
0 0.083990 0.909129 0.434086 0.924282
0 0.436945 0.909129 0.798806 0.924282
0 0.800031 0.909129 0.941213 0.924282
