0 0.060460 0.133845 0.563502 0.151524
0 0.705910 0.123112 0.729440 0.135106
0 0.705910 0.137632 0.729440 0.149626
0 0.741206 0.133845 0.941213 0.151524
0 0.060460 0.164147 0.939988 0.181826
0 0.060460 0.194452 0.939988 0.212131
0 0.235303 0.257587 0.254912 0.272738
0 0.247069 0.289782 0.261775 0.301146
0 0.341190 0.289782 0.355896 0.301146
0 0.228439 0.320087 0.243145 0.331452
0 0.441161 0.348500 0.505902 0.363651
0 0.811797 0.380695 0.826503 0.392059
0 0.788266 0.424258 0.929448 0.439409
0 0.635319 0.500020 0.788266 0.515171
0 0.635319 0.530326 0.788266 0.545477
0 0.685646 0.616185 0.698719 0.626287
0 0.425180 0.724778 0.692919 0.742457
0 0.789900 0.724778 0.941213 0.742457
