0 0.823529 0.075758 0.941176 0.090908
0 0.823529 0.090908 0.941176 0.106058
0 0.823529 0.136362 0.941176 0.151512
0 0.823529 0.151512 0.941176 0.166662
0 0.823529 0.166666 0.941176 0.181816
0 0.823529 0.212120 0.941176 0.227270
0 0.823529 0.227270 0.941176 0.242421
0 0.823529 0.257574 0.941176 0.272725
0 0.823529 0.272725 0.941176 0.287875
0 0.823529 0.287875 0.941176 0.303025
0 0.823529 0.303028 0.941176 0.318179
0 0.823529 0.318179 0.941176 0.333329
0 0.823529 0.333329 0.941176 0.348479
0 0.823529 0.363633 0.941176 0.378783
0 0.823529 0.378783 0.941176 0.393933
0 0.670588 0.409087 0.787010 0.424237
0 0.670588 0.424237 0.787010 0.439387
0 0.823529 0.439391 0.941176 0.454541
0 0.823529 0.545449 0.941176 0.560599
0 0.670588 0.575753 0.787010 0.590903
0 0.109804 0.608577 0.122876 0.618678
0 0.109804 0.623731 0.122876 0.633832
0 0.670588 0.636357 0.787010 0.651507
0 0.109804 0.669185 0.122876 0.679286
0 0.109804 0.684335 0.122876 0.694436
0 0.823529 0.727265 0.941176 0.742416
