0 0.811797 0.128792 0.941213 0.143943
0 0.647084 0.166675 0.775276 0.181826
0 0.647084 0.189403 0.775276 0.204554
0 0.647084 0.212131 0.775276 0.227282
0 0.482372 0.250010 0.610563 0.265161
0 0.647084 0.272738 0.775276 0.287889
0 0.482372 0.310617 0.610563 0.325768
0 0.647084 0.333346 0.775276 0.348496
0 0.811797 0.356074 0.941213 0.371225
0 0.482372 0.409107 0.610563 0.424258
0 0.647084 0.431836 0.775276 0.446987
0 0.482372 0.469715 0.610563 0.484866
0 0.647084 0.492443 0.775276 0.507594
0 0.647084 0.515175 0.775276 0.530326
0 0.647084 0.537899 0.775276 0.553050
0 0.647084 0.613661 0.775276 0.628812
0 0.811797 0.636389 0.941213 0.651540
0 0.647084 0.659118 0.775276 0.674268
0 0.647084 0.704574 0.775276 0.719725
0 0.647084 0.727302 0.775276 0.742453
0 0.811797 0.750030 0.941213 0.765181
0 0.811797 0.772758 0.941213 0.787909
0 0.811797 0.795487 0.941213 0.810638
0 0.811797 0.833366 0.941213 0.848517
