0 0.776471 0.075759 0.941176 0.090909
0 0.776471 0.090909 0.941176 0.106059
0 0.505882 0.151514 0.658824 0.166664
0 0.400000 0.166668 0.611765 0.181818
0 0.776471 0.181818 0.941176 0.196968
0 0.776471 0.227273 0.941176 0.242423
0 0.776471 0.313130 0.789543 0.323231
0 0.776471 0.336489 0.789543 0.346590
0 0.329412 0.419823 0.342484 0.429924
0 0.447059 0.419823 0.460131 0.429924
0 0.694118 0.419823 0.707190 0.429924
0 0.788235 0.448861 0.801307 0.458962
0 0.882353 0.448861 0.895425 0.458962
0 0.764706 0.492423 0.941176 0.507573
0 0.764706 0.522727 0.941176 0.537878
0 0.764706 0.553032 0.941176 0.568182
0 0.764706 0.583332 0.941176 0.598482
0 0.764706 0.613636 0.941176 0.628787
0 0.764706 0.643941 0.941176 0.659091
0 0.764706 0.674241 0.941176 0.689391
0 0.764706 0.704545 0.941176 0.719696
