0 0.878431 0.106061 0.898039 0.121212
0 0.913726 0.106061 0.933333 0.121212
0 0.878431 0.136365 0.898039 0.151516
0 0.913726 0.136365 0.933333 0.151516
0 0.878431 0.166665 0.898039 0.181817
0 0.913726 0.166665 0.933333 0.181817
0 0.823529 0.227273 0.941176 0.242423
0 0.670588 0.242423 0.787010 0.257573
0 0.823529 0.257577 0.941176 0.272727
0 0.823529 0.287878 0.941176 0.303028
0 0.058824 0.424242 0.198775 0.439395
0 0.200000 0.424242 0.339951 0.439395
0 0.341176 0.424242 0.411765 0.439395
0 0.411765 0.424242 0.482353 0.439395
0 0.482353 0.424242 0.587010 0.439395
0 0.588235 0.424242 0.681127 0.439395
0 0.682353 0.424242 0.763480 0.439395
0 0.764706 0.424242 0.857598 0.439395
0 0.858823 0.424242 0.941176 0.439395
0 0.058824 0.454547 0.198775 0.469700
0 0.200000 0.454547 0.339951 0.469700
0 0.341176 0.454547 0.411765 0.469700
0 0.411765 0.454547 0.482353 0.469700
0 0.482353 0.454547 0.587010 0.469700
0 0.588235 0.454547 0.681127 0.469700
0 0.682353 0.454547 0.763480 0.469700
0 0.764706 0.454547 0.857598 0.469700
0 0.858823 0.454547 0.941176 0.469700
0 0.764706 0.469696 0.857598 0.484846
0 0.858823 0.469696 0.941176 0.484846
0 0.670588 0.484850 0.787010 0.500000
0 0.823529 0.515150 0.941176 0.530300
0 0.823529 0.530304 0.941176 0.545455
0 0.670588 0.545455 0.787010 0.560605
0 0.761765 0.592170 0.776471 0.603534
0 0.823529 0.590909 0.941176 0.606059
0 0.823529 0.606059 0.941176 0.621210
0 0.823529 0.636364 0.941176 0.651514
0 0.823529 0.681818 0.941176 0.696968
0 0.058824 0.724749 0.763480 0.742427
0 0.764706 0.724749 0.941176 0.742427
0 0.058824 0.755049 0.941176 0.772727
0 0.142810 0.848484 0.351716 0.863636
0 0.817325 0.849111 0.830397 0.859212
0 0.836928 0.848484 0.941176 0.863636
0 0.269118 0.863636 0.716422 0.878787
0 0.275493 0.878787 0.716422 0.893937
0 0.825859 0.863636 0.941176 0.878787
0 0.825490 0.878787 0.941176 0.893937
