0 0.823562 0.106064 0.941213 0.121215
0 0.823562 0.257587 0.941213 0.272738
0 0.823562 0.363651 0.941213 0.378802
0 0.670615 0.424258 0.787041 0.439409
0 0.670615 0.469715 0.787041 0.484866
0 0.670615 0.530326 0.787041 0.545477
0 0.517667 0.560627 0.634093 0.575778
0 0.517667 0.606084 0.634093 0.621235
0 0.517667 0.651540 0.634093 0.666691
0 0.670615 0.666695 0.787041 0.681846
0 0.823562 0.681846 0.941213 0.696997
0 0.823562 0.712151 0.941213 0.727302
0 0.823562 0.727302 0.941213 0.742453
0 0.823562 0.742453 0.941213 0.757604
0 0.823562 0.772758 0.941213 0.787909
