0 0.670588 0.083332 0.787010 0.098482
0 0.670588 0.106059 0.787010 0.121210
0 0.670588 0.143941 0.787010 0.159091
0 0.670588 0.166667 0.787010 0.181818
0 0.670588 0.189395 0.787010 0.204545
0 0.823529 0.227273 0.941176 0.242423
0 0.823529 0.250000 0.941176 0.265150
0 0.823529 0.287878 0.941176 0.303028
0 0.760131 0.328283 0.773203 0.338384
0 0.823529 0.325759 0.941176 0.340909
0 0.317647 0.348486 0.529412 0.362376
0 0.611765 0.351010 0.624837 0.361111
0 0.705556 0.351010 0.718627 0.361111
0 0.317647 0.363636 0.717647 0.377527
0 0.670588 0.401514 0.787010 0.416664
0 0.823529 0.454545 0.941176 0.469696
0 0.670588 0.492423 0.787010 0.507573
0 0.673856 0.525251 0.686928 0.535352
0 0.882353 0.525251 0.895425 0.535352
0 0.235294 0.560605 0.470588 0.575755
0 0.552941 0.560605 0.705882 0.575755
0 0.823529 0.560605 0.941176 0.575755
0 0.531046 0.626263 0.751307 0.659091
0 0.823529 0.643941 0.941176 0.659091
0 0.531046 0.671717 0.751307 0.704545
0 0.823529 0.689395 0.941176 0.704545
0 0.285621 0.704545 0.445425 0.719696
0 0.567974 0.704545 0.941176 0.719696
0 0.164706 0.732322 0.363072 0.750000
0 0.731046 0.732322 0.821895 0.750000
0 0.830065 0.735480 0.843137 0.745581
0 0.308170 0.750000 0.751307 0.765150
0 0.834641 0.750000 0.941176 0.765150
0 0.308170 0.765150 0.751307 0.787878
0 0.821569 0.765150 0.941176 0.787878
