0 0.823529 0.060605 0.941176 0.075755
0 0.670588 0.075759 0.787010 0.090909
0 0.670588 0.090909 0.787010 0.106059
0 0.670588 0.106059 0.787010 0.121210
0 0.823529 0.121213 0.941176 0.136364
0 0.823529 0.136364 0.941176 0.151514
0 0.823529 0.181818 0.941176 0.196968
0 0.823529 0.196968 0.941176 0.212119
0 0.823529 0.212122 0.941176 0.227273
0 0.823529 0.227273 0.941176 0.242423
0 0.823529 0.242423 0.941176 0.257573
0 0.823529 0.257577 0.941176 0.272727
0 0.823529 0.272727 0.941176 0.287878
0 0.670588 0.287878 0.787010 0.303028
0 0.670588 0.318182 0.787010 0.333332
0 0.823529 0.333332 0.941176 0.348482
0 0.823529 0.348486 0.941176 0.363636
0 0.823529 0.363636 0.941176 0.378787
0 0.823529 0.409091 0.941176 0.424241
0 0.117647 0.590909 0.282353 0.606059
0 0.282353 0.590909 0.447059 0.606059
0 0.447059 0.590909 0.610539 0.606059
0 0.611765 0.590909 0.775245 0.606059
0 0.776471 0.590909 0.941176 0.606059
0 0.117647 0.606059 0.282353 0.621210
0 0.282353 0.606059 0.447059 0.621210
0 0.447059 0.606059 0.610539 0.621210
0 0.611765 0.606059 0.775245 0.621210
0 0.776471 0.606059 0.941176 0.621210
0 0.117647 0.621210 0.282353 0.636360
0 0.282353 0.621210 0.447059 0.636360
0 0.447059 0.621210 0.610539 0.636360
0 0.611765 0.621210 0.775245 0.636360
0 0.776471 0.621210 0.941176 0.636360
0 0.117647 0.636360 0.282353 0.651510
0 0.282353 0.636360 0.447059 0.651510
0 0.447059 0.636360 0.610539 0.651510
0 0.611765 0.636360 0.775245 0.651510
0 0.776471 0.636360 0.941176 0.651510
0 0.447059 0.651514 0.610539 0.666664
0 0.611765 0.651514 0.775245 0.666664
0 0.776471 0.651514 0.941176 0.666664
0 0.764706 0.772727 0.904657 0.787878
0 0.905882 0.772727 0.937908 0.787878
0 0.058824 0.848486 0.317647 0.878790
0 0.341176 0.800504 0.941176 0.818182
0 0.342810 0.830808 0.941176 0.848486
0 0.342810 0.861112 0.941176 0.878790
0 0.342810 0.891413 0.941176 0.909091
0 0.342810 0.921717 0.941176 0.939395
