0 0.823529 0.083332 0.941176 0.098482
0 0.823529 0.113636 0.941176 0.128787
0 0.823529 0.128787 0.941176 0.143937
0 0.823529 0.143941 0.941176 0.159091
0 0.823529 0.159091 0.941176 0.174241
0 0.823529 0.174241 0.941176 0.189391
0 0.823529 0.189395 0.941176 0.204545
0 0.823529 0.204545 0.941176 0.219696
0 0.823529 0.219696 0.941176 0.234846
0 0.658824 0.234850 0.776471 0.250000
0 0.581373 0.250000 0.776471 0.265150
0 0.823529 0.265150 0.941176 0.280300
0 0.823529 0.280304 0.941176 0.295455
0 0.823529 0.295455 0.941176 0.310605
0 0.823529 0.310605 0.941176 0.325755
0 0.670588 0.340909 0.787010 0.356059
0 0.670588 0.371210 0.787010 0.386360
0 0.670588 0.401514 0.787010 0.416664
0 0.670588 0.416668 0.787010 0.431818
0 0.670588 0.446968 0.787010 0.462119
0 0.670588 0.462122 0.787010 0.477273
0 0.670588 0.477273 0.787010 0.492423
0 0.670588 0.507577 0.787010 0.522727
0 0.670588 0.553032 0.787010 0.568182
0 0.670588 0.568182 0.787010 0.583332
0 0.670588 0.598486 0.787010 0.613636
0 0.413072 0.613636 0.623529 0.628787
0 0.105882 0.628787 0.623529 0.643937
0 0.670588 0.628787 0.787010 0.643937
0 0.823529 0.643941 0.941176 0.659091
0 0.823529 0.674241 0.941176 0.689391
