0 0.058824 0.118686 0.728186 0.136364
0 0.731046 0.118686 0.941176 0.136364
0 0.569935 0.136364 0.941176 0.151514
0 0.651634 0.151514 0.941176 0.166664
0 0.847059 0.169192 0.860131 0.179293
0 0.900654 0.169192 0.913726 0.179293
0 0.847059 0.199492 0.860131 0.209593
0 0.900654 0.199492 0.913726 0.209593
0 0.847059 0.214646 0.860131 0.224747
0 0.900654 0.214646 0.913726 0.224747
0 0.529412 0.266413 0.835294 0.280300
0 0.847059 0.282828 0.860131 0.292929
0 0.900654 0.282828 0.913726 0.292929
0 0.483574 0.295455 0.835294 0.310605
0 0.685621 0.342170 0.698693 0.352271
0 0.771242 0.342170 0.784314 0.352271
0 0.105882 0.393937 0.294118 0.409087
0 0.294118 0.393937 0.482353 0.409087
0 0.105882 0.409087 0.294118 0.424237
0 0.294118 0.409087 0.482353 0.424237
0 0.105882 0.424237 0.294118 0.439388
0 0.294118 0.424237 0.482353 0.439388
0 0.105882 0.439388 0.294118 0.454538
0 0.294118 0.439388 0.482353 0.454538
0 0.564706 0.393937 0.752941 0.409087
0 0.752941 0.393937 0.941176 0.409087
0 0.564706 0.409087 0.752941 0.424237
0 0.752941 0.409087 0.941176 0.424237
0 0.564706 0.424237 0.752941 0.439388
0 0.752941 0.424237 0.941176 0.439388
0 0.564706 0.439388 0.752941 0.454538
0 0.752941 0.439388 0.941176 0.454538
0 0.141176 0.484850 0.329412 0.500000
0 0.376471 0.484850 0.564706 0.500000
0 0.611765 0.484850 0.800000 0.500000
0 0.847059 0.502524 0.860131 0.512625
0 0.900654 0.502524 0.913726 0.512625
0 0.600000 0.515150 0.835294 0.530300
0 0.847059 0.532828 0.860131 0.542929
0 0.900654 0.532828 0.913726 0.542929
0 0.847059 0.562497 0.860131 0.572598
0 0.900654 0.562497 0.913726 0.572598
0 0.847059 0.578283 0.860131 0.588384
0 0.900654 0.578283 0.913726 0.588384
0 0.847059 0.593433 0.860131 0.603534
0 0.900654 0.593433 0.913726 0.603534
0 0.105882 0.719696 0.457598 0.750000
0 0.458824 0.734847 0.600000 0.750000
0 0.600000 0.734847 0.752941 0.750000
0 0.752941 0.734847 0.941176 0.750000
0 0.105882 0.750000 0.457598 0.780304
0 0.458824 0.765152 0.600000 0.780304
0 0.600000 0.765152 0.752941 0.780304
0 0.752941 0.765152 0.941176 0.780304
0 0.105882 0.780304 0.457598 0.810609
0 0.458824 0.795456 0.600000 0.810609
0 0.600000 0.795456 0.752941 0.810609
0 0.752941 0.795456 0.941176 0.810609
0 0.752941 0.810605 0.941176 0.825755
0 0.847059 0.828283 0.860131 0.838384
0 0.900654 0.828283 0.913726 0.838384
0 0.847059 0.843433 0.860131 0.853534
0 0.900654 0.843433 0.913726 0.853534
0 0.924837 0.904038 0.937908 0.914139
0 0.924837 0.941919 0.937908 0.952020
