0 0.150327 0.098486 0.294118 0.111111
0 0.444444 0.098486 0.588235 0.111111
0 0.629085 0.098486 0.658824 0.111111
0 0.058824 0.133838 0.398775 0.151514
0 0.401634 0.133838 0.763480 0.151514
0 0.764706 0.133838 0.941176 0.151514
0 0.058824 0.164140 0.857598 0.181818
0 0.858823 0.164140 0.941176 0.181818
0 0.058824 0.194444 0.704657 0.212122
0 0.705882 0.194444 0.811765 0.212122
0 0.811765 0.194444 0.941176 0.212122
0 0.058824 0.224749 0.398775 0.242427
0 0.401634 0.224749 0.704657 0.242427
0 0.705882 0.224749 0.941176 0.242427
0 0.166993 0.253155 0.178431 0.261994
0 0.222876 0.253155 0.234314 0.261994
0 0.508170 0.253155 0.519608 0.261994
0 0.766993 0.253155 0.778431 0.261994
0 0.872876 0.253155 0.884314 0.261994
0 0.164706 0.280304 0.941176 0.295455
0 0.856863 0.318812 0.869935 0.328913
0 0.903922 0.318812 0.916993 0.328913
0 0.134967 0.425503 0.148039 0.435604
0 0.154575 0.378787 0.445833 0.393937
0 0.447059 0.378787 0.588235 0.393937
0 0.589869 0.378787 0.728186 0.393937
0 0.775817 0.381311 0.788889 0.391412
0 0.881699 0.381311 0.894771 0.391412
0 0.154575 0.393937 0.445833 0.409087
0 0.447059 0.393937 0.588235 0.409087
0 0.589869 0.393937 0.728186 0.409087
0 0.775817 0.396461 0.788889 0.406562
0 0.881699 0.396461 0.894771 0.406562
0 0.154575 0.409087 0.445833 0.424237
0 0.447059 0.409087 0.588235 0.424237
0 0.589869 0.409087 0.728186 0.424237
0 0.775817 0.411611 0.788889 0.421712
0 0.881699 0.411611 0.894771 0.421712
0 0.154575 0.424237 0.445833 0.439388
0 0.447059 0.424237 0.588235 0.439388
0 0.589869 0.424237 0.728186 0.439388
0 0.775817 0.426761 0.788889 0.436862
0 0.881699 0.426761 0.894771 0.436862
0 0.823529 0.439395 0.941176 0.454545
0 0.823529 0.454545 0.941176 0.469696
0 0.823529 0.469696 0.941176 0.484846
0 0.823529 0.484850 0.941176 0.500000
0 0.823529 0.500000 0.941176 0.515150
0 0.823529 0.515150 0.941176 0.530300
0 0.823529 0.530304 0.941176 0.545455
0 0.823529 0.545455 0.941176 0.560605
0 0.670588 0.560605 0.787010 0.575755
0 0.823529 0.575759 0.941176 0.590909
0 0.670588 0.598486 0.787010 0.613636
0 0.823529 0.613636 0.941176 0.628787
0 0.435294 0.628787 0.551716 0.643937
0 0.823529 0.628787 0.941176 0.643937
0 0.435294 0.643941 0.551716 0.659091
0 0.823529 0.643941 0.941176 0.659091
0 0.435294 0.659091 0.551716 0.674241
0 0.823529 0.659091 0.941176 0.674241
0 0.435294 0.674241 0.551716 0.689391
0 0.823529 0.674241 0.941176 0.689391
0 0.823529 0.689395 0.941176 0.704545
0 0.763399 0.707069 0.776471 0.717170
0 0.823529 0.704545 0.941176 0.719696
0 0.823529 0.719696 0.941176 0.734846
0 0.823529 0.734850 0.941176 0.750000
0 0.823529 0.757577 0.941176 0.772727
0 0.823529 0.772727 0.941176 0.787878
0 0.823529 0.795455 0.941176 0.810605
0 0.670588 0.810605 0.787010 0.825755
0 0.670588 0.825759 0.787010 0.840909
0 0.823529 0.840909 0.941176 0.856059
0 0.823529 0.856059 0.941176 0.871210
0 0.823529 0.871213 0.941176 0.886364
