0 0.152947 0.106064 0.434086 0.121215
0 0.435311 0.106064 0.576493 0.121215
0 0.578127 0.106064 0.681154 0.121215
0 0.740552 0.108588 0.753624 0.118689
0 0.869969 0.108588 0.883041 0.118689
0 0.152947 0.121215 0.434086 0.136365
0 0.435311 0.121215 0.576493 0.136365
0 0.578127 0.121215 0.681154 0.136365
0 0.740552 0.123739 0.753624 0.133840
0 0.869969 0.123739 0.883041 0.133840
0 0.152947 0.136365 0.434086 0.151516
0 0.435311 0.136365 0.576493 0.151516
0 0.578127 0.136365 0.681154 0.151516
0 0.740552 0.138889 0.753624 0.148991
0 0.869969 0.138889 0.883041 0.148991
0 0.152947 0.151516 0.434086 0.166667
0 0.435311 0.151516 0.576493 0.166667
0 0.578127 0.151516 0.681154 0.166667
0 0.740552 0.154040 0.753624 0.164142
0 0.869969 0.154040 0.883041 0.164142
0 0.835327 0.181826 0.941213 0.196976
0 0.835327 0.196976 0.941213 0.212127
0 0.835327 0.212131 0.941213 0.227282
0 0.835327 0.227282 0.941213 0.242433
0 0.835327 0.242433 0.941213 0.257584
0 0.835327 0.257587 0.941213 0.272738
0 0.835327 0.272738 0.941213 0.287889
0 0.835327 0.287889 0.941213 0.303040
0 0.694145 0.303044 0.798806 0.318195
0 0.835327 0.333346 0.941213 0.348496
0 0.835327 0.348500 0.941213 0.363651
0 0.694145 0.393957 0.798806 0.409107
0 0.694145 0.424258 0.798806 0.439409
0 0.317659 0.439413 0.647084 0.454564
0 0.694145 0.439413 0.798806 0.454564
0 0.835327 0.454564 0.941213 0.469715
0 0.835327 0.469715 0.941213 0.484866
0 0.835327 0.500020 0.941213 0.515171
0 0.542832 0.565681 0.763510 0.590933
0 0.823562 0.575782 0.941213 0.590933
0 0.542832 0.603560 0.763510 0.628812
0 0.823562 0.613665 0.941213 0.628816
0 0.200008 0.628812 0.447076 0.643963
0 0.529433 0.628812 0.941213 0.643963
0 0.131051 0.656593 0.387025 0.674272
0 0.770292 0.647122 0.783364 0.657224
0 0.813431 0.656593 0.941213 0.674272
0 0.223538 0.674268 0.716450 0.689419
0 0.223538 0.689423 0.716450 0.704574
0 0.788266 0.674268 0.941213 0.689419
0 0.788266 0.689423 0.941213 0.704574
0 0.114222 0.750030 0.282364 0.765181
0 0.307301 0.750030 0.329425 0.765181
0 0.396967 0.750030 0.564728 0.765181
0 0.589239 0.750030 0.611789 0.765181
0 0.734342 0.750030 0.882388 0.765181
0 0.906898 0.750030 0.929448 0.765181
0 0.505902 0.780336 0.941213 0.795487
0 0.088239 0.833366 0.282364 0.848517
0 0.294129 0.833366 0.341190 0.848517
0 0.364720 0.833366 0.635319 0.848519
0 0.647084 0.833366 0.941213 0.848519
