0 0.058824 0.121211 0.739951 0.136364
0 0.742810 0.121211 0.941176 0.136364
0 0.823529 0.166667 0.941176 0.181818
0 0.823529 0.204544 0.941176 0.219696
0 0.823529 0.227271 0.941176 0.242423
0 0.823529 0.249999 0.941176 0.265150
0 0.823529 0.272726 0.941176 0.287878
0 0.823529 0.295453 0.941176 0.310605
0 0.670588 0.340908 0.787010 0.356059
0 0.670588 0.378789 0.787010 0.393941
0 0.670588 0.401516 0.787010 0.416668
0 0.670588 0.424244 0.787010 0.439395
0 0.670588 0.446971 0.787010 0.462122
0 0.670588 0.469698 0.787010 0.484850
0 0.670588 0.492426 0.787010 0.507577
0 0.670588 0.530303 0.787010 0.545455
0 0.670588 0.553030 0.787010 0.568182
0 0.670588 0.590908 0.787010 0.606059
0 0.670588 0.628789 0.787010 0.643941
0 0.670588 0.651516 0.787010 0.666668
0 0.670588 0.689394 0.787010 0.704545
0 0.530719 0.712121 0.623529 0.727273
0 0.105882 0.734848 0.623529 0.750000
0 0.670588 0.734848 0.787010 0.750000
0 0.823529 0.757576 0.941176 0.772727
0 0.823529 0.795453 0.941176 0.810605
