0 0.788235 0.121208 0.937908 0.136362
0 0.156209 0.151514 0.516422 0.166666
0 0.519281 0.151514 0.751716 0.166666
0 0.752941 0.151514 0.941176 0.166666
0 0.156209 0.196968 0.516422 0.212120
0 0.519281 0.196968 0.751716 0.212120
0 0.752941 0.196968 0.941176 0.212120
0 0.156209 0.227272 0.941176 0.242424
0 0.156209 0.257572 0.681127 0.272725
0 0.682353 0.257572 0.811765 0.272725
0 0.811765 0.257572 0.941176 0.272725
0 0.156209 0.287876 0.516422 0.303028
0 0.519281 0.287876 0.751716 0.303028
0 0.752941 0.287876 0.941176 0.303028
0 0.788235 0.439387 0.937908 0.454541
0 0.156209 0.469692 0.516422 0.484845
0 0.519281 0.469692 0.751716 0.484845
0 0.752941 0.469692 0.941176 0.484845
0 0.156209 0.515146 0.516422 0.530299
0 0.519281 0.515146 0.751716 0.530299
0 0.752941 0.515146 0.941176 0.530299
0 0.156209 0.545450 0.941176 0.560603
0 0.156209 0.575750 0.681127 0.590903
0 0.682353 0.575750 0.811765 0.590903
0 0.811765 0.575750 0.941176 0.590903
0 0.156209 0.606054 0.516422 0.621207
0 0.519281 0.606054 0.751716 0.621207
0 0.752941 0.606054 0.941176 0.621207
0 0.788235 0.757566 0.937908 0.772719
0 0.156209 0.787871 0.516422 0.803023
0 0.519281 0.787871 0.751716 0.803023
0 0.752941 0.787871 0.941176 0.803023
0 0.156209 0.833325 0.516422 0.848478
0 0.519281 0.833325 0.751716 0.848478
0 0.752941 0.833325 0.941176 0.848478
0 0.156209 0.863629 0.941176 0.878782
0 0.156209 0.893929 0.681127 0.909082
0 0.682353 0.893929 0.811765 0.909082
0 0.811765 0.893929 0.941176 0.909082
0 0.156209 0.924233 0.516422 0.939386
0 0.519281 0.924233 0.751716 0.939386
0 0.752941 0.924233 0.941176 0.939386
