0 0.058826 0.121216 0.728215 0.136369
0 0.729440 0.121216 0.941213 0.136369
0 0.058826 0.159097 0.422320 0.174248
0 0.423546 0.159097 0.564728 0.174248
0 0.572898 0.160359 0.585971 0.170460
0 0.644470 0.160359 0.657542 0.170460
0 0.729440 0.159097 0.941213 0.174248
0 0.850360 0.187505 0.863433 0.197607
0 0.900689 0.187505 0.913761 0.197607
0 0.850360 0.202660 0.863433 0.212761
0 0.900689 0.202660 0.913761 0.212761
0 0.850360 0.217811 0.863433 0.227912
0 0.900689 0.217811 0.913761 0.227912
0 0.670615 0.257587 0.787041 0.272738
0 0.670615 0.272738 0.787041 0.287889
0 0.823562 0.287889 0.941213 0.303040
0 0.823562 0.303044 0.941213 0.318195
0 0.517667 0.318195 0.634093 0.333346
0 0.823562 0.318195 0.941213 0.333346
0 0.517667 0.333346 0.634093 0.348496
0 0.823562 0.333346 0.941213 0.348496
0 0.823562 0.348500 0.941213 0.363651
0 0.517667 0.363651 0.634093 0.378802
0 0.823562 0.363651 0.941213 0.378802
0 0.517667 0.405321 0.634093 0.420472
0 0.823562 0.405321 0.941213 0.420472
0 0.568650 0.422996 0.581722 0.433097
0 0.823562 0.420472 0.941213 0.435622
0 0.823562 0.435622 0.941213 0.450773
0 0.823562 0.462141 0.941213 0.477292
0 0.823562 0.503807 0.941213 0.518958
0 0.376485 0.568205 0.492911 0.583356
0 0.376485 0.583356 0.492911 0.598507
0 0.376485 0.609874 0.492911 0.625025
0 0.376485 0.636389 0.492911 0.651540
0 0.376485 0.670482 0.492911 0.685633
0 0.376485 0.704574 0.492911 0.719725
0 0.376485 0.719725 0.492911 0.734876
0 0.376485 0.734879 0.492911 0.750030
0 0.376485 0.750030 0.492911 0.765181
0 0.376485 0.765181 0.492911 0.780332
0 0.376485 0.780336 0.492911 0.795487
0 0.376485 0.810638 0.492911 0.825788
0 0.376485 0.825792 0.492911 0.840943
0 0.376485 0.848520 0.492911 0.863671
0 0.823562 0.556841 0.941213 0.571992
0 0.823562 0.598510 0.941213 0.613661
0 0.823562 0.613661 0.941213 0.628812
0 0.823562 0.628812 0.941213 0.643963
0 0.823562 0.643967 0.941213 0.659118
0 0.823562 0.659118 0.941213 0.674268
0 0.823562 0.674268 0.941213 0.689419
0 0.823562 0.689423 0.941213 0.704574
0 0.823562 0.704574 0.941213 0.719725
0 0.823562 0.731089 0.941213 0.746240
0 0.552963 0.772758 0.776501 0.787909
0 0.823562 0.772758 0.941213 0.787909
0 0.552963 0.787909 0.776501 0.803060
0 0.823562 0.787909 0.941213 0.803060
0 0.552963 0.803064 0.776501 0.818215
0 0.823562 0.803064 0.941213 0.818215
0 0.552963 0.818215 0.776501 0.833366
0 0.823562 0.818215 0.941213 0.833366
0 0.552963 0.833366 0.776501 0.848517
0 0.823562 0.833366 0.941213 0.848517
0 0.552963 0.848520 0.776501 0.863671
0 0.823562 0.848520 0.941213 0.863671
0 0.823562 0.863671 0.941213 0.878822
0 0.823562 0.878822 0.941213 0.893973
0 0.107521 0.941326 0.120593 0.951427
0 0.376485 0.941326 0.389558 0.951427
