0 0.045455 0.153593 0.789962 0.176471
0 0.790909 0.153593 0.954545 0.176471
0 0.772727 0.215688 0.845455 0.235294
0 0.863636 0.215688 0.936364 0.235294
0 0.500000 0.254900 0.589962 0.274507
0 0.590909 0.254900 0.680871 0.274507
0 0.681818 0.254900 0.771780 0.274507
0 0.772727 0.254900 0.862689 0.274507
0 0.863636 0.254900 0.954545 0.274507
0 0.500000 0.274507 0.589962 0.294113
0 0.590909 0.274507 0.680871 0.294113
0 0.681818 0.274507 0.771780 0.294113
0 0.772727 0.274507 0.862689 0.294113
0 0.863636 0.274507 0.954545 0.294113
0 0.500000 0.294113 0.589962 0.313719
0 0.590909 0.294113 0.680871 0.313719
0 0.681818 0.294113 0.771780 0.313719
0 0.772727 0.294113 0.862689 0.313719
0 0.863636 0.294113 0.954545 0.313719
0 0.500000 0.333325 0.589962 0.352931
0 0.590909 0.333325 0.680871 0.352931
0 0.681818 0.333325 0.771780 0.352931
0 0.772727 0.333325 0.862689 0.352931
0 0.863636 0.333325 0.954545 0.352931
0 0.500000 0.352931 0.589962 0.372538
0 0.590909 0.352931 0.680871 0.372538
0 0.681818 0.352931 0.771780 0.372538
0 0.772727 0.352931 0.862689 0.372538
0 0.863636 0.352931 0.954545 0.372538
0 0.500000 0.372538 0.589962 0.392144
0 0.590909 0.372538 0.680871 0.392144
0 0.681818 0.372538 0.771780 0.392144
0 0.772727 0.372538 0.862689 0.392144
0 0.863636 0.372538 0.954545 0.392144
0 0.500000 0.392144 0.589962 0.411750
0 0.590909 0.392144 0.680871 0.411750
0 0.681818 0.392144 0.771780 0.411750
0 0.772727 0.392144 0.862689 0.411750
0 0.863636 0.392144 0.954545 0.411750
0 0.500000 0.411750 0.589962 0.431356
0 0.590909 0.411750 0.680871 0.431356
0 0.681818 0.411750 0.771780 0.431356
0 0.772727 0.411750 0.862689 0.431356
0 0.863636 0.411750 0.954545 0.431356
0 0.500000 0.431356 0.589962 0.450962
0 0.590909 0.431356 0.680871 0.450962
0 0.681818 0.431356 0.771780 0.450962
0 0.772727 0.431356 0.862689 0.450962
0 0.863636 0.431356 0.954545 0.450962
0 0.500000 0.450962 0.589962 0.470569
0 0.590909 0.450962 0.680871 0.470569
0 0.681818 0.450962 0.771780 0.470569
0 0.772727 0.450962 0.862689 0.470569
0 0.863636 0.450962 0.954545 0.470569
0 0.500000 0.470569 0.589962 0.490175
0 0.590909 0.470569 0.680871 0.490175
0 0.681818 0.470569 0.771780 0.490175
0 0.772727 0.470569 0.862689 0.490175
0 0.863636 0.470569 0.954545 0.490175
0 0.500000 0.490175 0.589962 0.509781
0 0.590909 0.490175 0.680871 0.509781
0 0.681818 0.490175 0.771780 0.509781
0 0.772727 0.490175 0.862689 0.509781
0 0.863636 0.490175 0.954545 0.509781
0 0.500000 0.509781 0.589962 0.529387
0 0.590909 0.509781 0.680871 0.529387
0 0.681818 0.509781 0.771780 0.529387
0 0.772727 0.509781 0.862689 0.529387
0 0.863636 0.509781 0.954545 0.529387
0 0.136364 0.558827 0.226326 0.576799
0 0.136364 0.578433 0.226326 0.596405
0 0.500000 0.578405 0.589962 0.598011
0 0.590909 0.578405 0.680871 0.598011
0 0.681818 0.578405 0.771780 0.598011
0 0.772727 0.578405 0.862689 0.598011
0 0.863636 0.578405 0.953598 0.598011
0 0.500000 0.607815 0.589962 0.627423
0 0.590909 0.607815 0.680871 0.627423
0 0.681818 0.607815 0.771780 0.627423
0 0.772727 0.607815 0.862689 0.627423
0 0.863636 0.607815 0.953598 0.627423
0 0.157576 0.627451 0.463636 0.647057
0 0.081818 0.647057 0.463636 0.666663
0 0.500000 0.647031 0.589962 0.666641
0 0.590909 0.647031 0.680871 0.666641
0 0.681818 0.647031 0.771780 0.666641
0 0.772727 0.647031 0.862689 0.666641
0 0.863636 0.647031 0.954545 0.666641
0 0.500000 0.666641 0.589962 0.686247
0 0.590909 0.666641 0.680871 0.686247
0 0.681818 0.666641 0.771780 0.686247
0 0.772727 0.666641 0.862689 0.686247
0 0.863636 0.666641 0.954545 0.686247
0 0.500000 0.686247 0.589962 0.705853
0 0.590909 0.686247 0.680871 0.705853
0 0.681818 0.686247 0.771780 0.705853
0 0.772727 0.686247 0.862689 0.705853
0 0.863636 0.686247 0.954545 0.705853
0 0.863636 0.705882 0.954545 0.725489
0 0.183081 0.794118 0.408144 0.813724
0 0.409091 0.794118 0.500000 0.813724
0 0.500000 0.794118 0.590909 0.813724
0 0.590909 0.794118 0.680871 0.813724
0 0.681818 0.794118 0.771780 0.813724
0 0.772727 0.794118 0.862689 0.813724
0 0.863636 0.794118 0.954545 0.813724
0 0.183081 0.813724 0.408144 0.833330
0 0.409091 0.813724 0.500000 0.833330
0 0.500000 0.813724 0.590909 0.833330
0 0.590909 0.813724 0.680871 0.833330
0 0.681818 0.813724 0.771780 0.833330
0 0.772727 0.813724 0.862689 0.833330
0 0.863636 0.813724 0.954545 0.833330
0 0.183081 0.833330 0.408144 0.852936
0 0.409091 0.833330 0.500000 0.852936
0 0.500000 0.833330 0.590909 0.852936
0 0.590909 0.833330 0.680871 0.852936
0 0.681818 0.833330 0.771780 0.852936
0 0.772727 0.833330 0.862689 0.852936
0 0.863636 0.833330 0.954545 0.852936
0 0.183081 0.852936 0.408144 0.872542
0 0.409091 0.852936 0.500000 0.872542
0 0.500000 0.852936 0.590909 0.872542
0 0.590909 0.852936 0.680871 0.872542
0 0.681818 0.852936 0.771780 0.872542
0 0.772727 0.852936 0.862689 0.872542
0 0.863636 0.852936 0.954545 0.872542
0 0.183081 0.872542 0.408144 0.892149
0 0.409091 0.872542 0.500000 0.892149
0 0.500000 0.872542 0.590909 0.892149
0 0.590909 0.872542 0.680871 0.892149
0 0.681818 0.872542 0.771780 0.892149
0 0.772727 0.872542 0.862689 0.892149
0 0.863636 0.872542 0.954545 0.892149
0 0.777778 0.892158 0.858586 0.911765
0 0.863636 0.892158 0.954545 0.911765
0 0.863636 0.911765 0.954545 0.931371
