0 0.058824 0.133840 0.739951 0.151518
0 0.742810 0.133840 0.941176 0.151518
0 0.658824 0.154038 0.671895 0.164139
0 0.729412 0.154038 0.742484 0.164139
0 0.470588 0.333333 0.587010 0.348486
0 0.588235 0.333333 0.704657 0.348486
0 0.705882 0.333333 0.822304 0.348486
0 0.823529 0.333333 0.941176 0.348486
0 0.470588 0.363638 0.587010 0.378790
0 0.588235 0.363638 0.704657 0.378790
0 0.705882 0.363638 0.822304 0.378790
0 0.823529 0.363638 0.941176 0.378790
0 0.470588 0.393942 0.587010 0.409095
0 0.588235 0.393942 0.704657 0.409095
0 0.705882 0.393942 0.822304 0.409095
0 0.823529 0.393942 0.941176 0.409095
0 0.470588 0.424246 0.587010 0.439399
0 0.588235 0.424246 0.704657 0.439399
0 0.705882 0.424246 0.822304 0.439399
0 0.823529 0.424246 0.941176 0.439399
0 0.823529 0.439395 0.941176 0.454545
0 0.823529 0.469696 0.941176 0.484846
0 0.828431 0.500000 0.936275 0.515150
0 0.823529 0.530304 0.941176 0.545455
0 0.470588 0.696970 0.587010 0.712122
0 0.588235 0.696970 0.704657 0.712122
0 0.705882 0.696970 0.822304 0.712122
0 0.823529 0.696970 0.941176 0.712122
0 0.470588 0.727274 0.587010 0.742427
0 0.588235 0.727274 0.704657 0.742427
0 0.705882 0.727274 0.822304 0.742427
0 0.823529 0.727274 0.941176 0.742427
0 0.470588 0.757578 0.587010 0.772731
0 0.588235 0.757578 0.704657 0.772731
0 0.705882 0.757578 0.822304 0.772731
0 0.823529 0.757578 0.941176 0.772731
0 0.470588 0.787883 0.587010 0.803035
0 0.588235 0.787883 0.704657 0.803035
0 0.705882 0.787883 0.822304 0.803035
0 0.823529 0.787883 0.941176 0.803035
0 0.823529 0.818182 0.941176 0.833332
0 0.823529 0.833332 0.941176 0.848482
0 0.823529 0.848486 0.941176 0.863636
0 0.828431 0.878787 0.936275 0.893937
0 0.823529 0.909091 0.941176 0.924241
