0 0.082356 0.815688 0.317659 0.833366
0 0.317659 0.815688 0.529433 0.833366
0 0.752971 0.803060 0.938762 0.833366
0 0.083990 0.845993 0.481146 0.863671
0 0.484006 0.845993 0.941213 0.863671
0 0.083990 0.876298 0.481146 0.893977
0 0.484006 0.876298 0.941213 0.893977
0 0.083990 0.906604 0.410555 0.924282
0 0.411781 0.906604 0.482372 0.924282
0 0.484006 0.906604 0.798806 0.924282
0 0.800031 0.906604 0.847092 0.924282
0 0.847092 0.906604 0.941213 0.924282
0 0.083990 0.936905 0.481146 0.954584
0 0.484006 0.936905 0.798806 0.954584
0 0.800031 0.936905 0.941213 0.954584
