0 0.564728 0.090913 0.588258 0.106064
0 0.058826 0.118690 0.751745 0.136369
0 0.752971 0.118690 0.941213 0.136369
0 0.058826 0.148996 0.941213 0.166675
0 0.058826 0.179301 0.941213 0.196980
0 0.058826 0.209603 0.941213 0.227282
0 0.788266 0.257587 0.904692 0.272738
0 0.905918 0.257587 0.941213 0.272738
0 0.788266 0.272738 0.904692 0.287889
0 0.905918 0.272738 0.941213 0.287889
0 0.788266 0.287889 0.904692 0.303040
0 0.905918 0.287889 0.941213 0.303040
0 0.788266 0.303044 0.904692 0.318195
0 0.905918 0.303044 0.941213 0.318195
0 0.788266 0.318195 0.904692 0.333346
0 0.905918 0.318195 0.941213 0.333346
0 0.788266 0.333346 0.904692 0.348496
0 0.905918 0.333346 0.941213 0.348496
0 0.788266 0.348500 0.904692 0.363651
0 0.905918 0.348500 0.941213 0.363651
0 0.388251 0.363651 0.741206 0.378802
0 0.788266 0.363651 0.904692 0.378802
0 0.905918 0.363651 0.941213 0.378802
0 0.788266 0.378802 0.904692 0.393953
0 0.905918 0.378802 0.941213 0.393953
0 0.788266 0.393957 0.904692 0.409107
0 0.905918 0.393957 0.941213 0.409107
0 0.788266 0.409107 0.904692 0.424258
0 0.905918 0.409107 0.941213 0.424258
0 0.788266 0.424258 0.904692 0.439409
0 0.905918 0.424258 0.941213 0.439409
0 0.788266 0.439413 0.904692 0.454564
0 0.905918 0.439413 0.941213 0.454564
0 0.788266 0.454564 0.904692 0.469715
0 0.905918 0.454564 0.941213 0.469715
0 0.788266 0.469715 0.904692 0.484866
0 0.905918 0.469715 0.941213 0.484866
0 0.788266 0.530326 0.904692 0.545477
0 0.905918 0.530326 0.941213 0.545477
0 0.105887 0.590933 0.552963 0.606084
0 0.600024 0.590933 0.716450 0.606084
0 0.717675 0.590937 0.751745 0.606088
0 0.105887 0.606084 0.552963 0.621235
0 0.600024 0.606084 0.716450 0.621235
0 0.717675 0.606084 0.751745 0.621235
0 0.105887 0.621238 0.552963 0.636389
0 0.600024 0.621238 0.716450 0.636389
0 0.717675 0.621238 0.751745 0.636389
0 0.105887 0.636389 0.552963 0.651540
0 0.600024 0.636389 0.716450 0.651540
0 0.717675 0.636389 0.751745 0.651540
0 0.105887 0.651540 0.552963 0.666691
0 0.600024 0.651540 0.716450 0.666691
0 0.717675 0.651540 0.751745 0.666691
0 0.788266 0.666695 0.904692 0.681846
0 0.905918 0.666695 0.941213 0.681846
0 0.788266 0.681846 0.904692 0.696997
0 0.905918 0.681846 0.941213 0.696997
0 0.788266 0.712151 0.904692 0.727302
0 0.905918 0.712151 0.941213 0.727302
0 0.788266 0.727302 0.904692 0.742453
0 0.905918 0.727302 0.941213 0.742453
0 0.788266 0.772758 0.904692 0.787909
0 0.905918 0.772758 0.941213 0.787909
0 0.105887 0.818215 0.552963 0.833366
0 0.600024 0.818215 0.716450 0.833366
0 0.717675 0.818215 0.751745 0.833366
0 0.105887 0.833366 0.552963 0.848517
0 0.600024 0.833366 0.716450 0.848517
0 0.717675 0.833416 0.751745 0.848567
0 0.105887 0.848520 0.552963 0.863671
0 0.600024 0.848520 0.716450 0.863671
0 0.717675 0.848520 0.751745 0.863671
0 0.105887 0.863671 0.552963 0.878822
0 0.600024 0.863671 0.716450 0.878822
0 0.717675 0.863671 0.751745 0.878822
0 0.105887 0.878822 0.552963 0.893973
0 0.600024 0.878822 0.716450 0.893973
0 0.717675 0.878822 0.751745 0.893973
0 0.788266 0.893977 0.904692 0.909128
0 0.905918 0.893977 0.941213 0.909128
