0 0.823529 0.106059 0.941176 0.121210
0 0.823529 0.143941 0.941176 0.159091
0 0.823529 0.174241 0.941176 0.189391
0 0.058824 0.232322 0.728186 0.250000
0 0.729412 0.232322 0.941176 0.250000
0 0.670588 0.325759 0.787010 0.340909
0 0.670588 0.340909 0.787010 0.356059
0 0.823529 0.356059 0.941176 0.371210
0 0.823529 0.371213 0.941176 0.386364
0 0.517647 0.386364 0.634069 0.401514
0 0.823529 0.386364 0.941176 0.401514
0 0.823529 0.401514 0.941176 0.416664
0 0.823529 0.416668 0.941176 0.431818
0 0.823529 0.431818 0.941176 0.446968
0 0.823529 0.446968 0.941176 0.462119
0 0.823529 0.462122 0.941176 0.477273
0 0.823529 0.500000 0.941176 0.515150
0 0.376471 0.583332 0.492892 0.598482
0 0.376471 0.598486 0.492892 0.613636
0 0.376471 0.613636 0.492892 0.628787
0 0.376471 0.640150 0.492892 0.655300
0 0.376471 0.704545 0.492892 0.719696
0 0.376471 0.742423 0.492892 0.757573
0 0.376471 0.757577 0.492892 0.772727
0 0.376471 0.772727 0.492892 0.787878
0 0.376471 0.787878 0.492892 0.803028
0 0.376471 0.803032 0.492892 0.818182
0 0.376471 0.818182 0.492892 0.833332
0 0.376471 0.848486 0.492892 0.863636
0 0.376471 0.863636 0.492892 0.878787
0 0.823529 0.571972 0.939951 0.587122
0 0.823529 0.598486 0.941176 0.613636
0 0.823529 0.628787 0.941176 0.643937
0 0.823529 0.643941 0.941176 0.659091
0 0.823529 0.659091 0.941176 0.674241
0 0.823529 0.674241 0.941176 0.689391
0 0.823529 0.689395 0.941176 0.704545
0 0.823529 0.704545 0.941176 0.719696
0 0.823529 0.719696 0.941176 0.734846
0 0.823529 0.734850 0.941176 0.750000
0 0.823529 0.761364 0.941176 0.776514
0 0.552941 0.803032 0.776471 0.818182
0 0.823529 0.803032 0.941176 0.818182
0 0.552941 0.818182 0.776471 0.833332
0 0.823529 0.818182 0.941176 0.833332
0 0.552941 0.833332 0.776471 0.848482
0 0.823529 0.833332 0.941176 0.848482
0 0.552941 0.848486 0.776471 0.863636
0 0.823529 0.848486 0.941176 0.863636
0 0.552941 0.863636 0.776471 0.878787
0 0.823529 0.863636 0.941176 0.878787
0 0.823529 0.878787 0.941176 0.893937
0 0.823529 0.909091 0.941176 0.924241
