0 0.058826 0.118690 0.681154 0.136369
0 0.682380 0.118690 0.941213 0.136369
0 0.788266 0.138893 0.801339 0.148995
0 0.858857 0.138893 0.871930 0.148995
0 0.470607 0.318192 0.587033 0.333346
0 0.588258 0.318192 0.704684 0.333346
0 0.705910 0.272736 0.822336 0.333346
0 0.823562 0.318192 0.941213 0.333346
0 0.470607 0.348498 0.587033 0.363651
0 0.588258 0.348498 0.704684 0.363651
0 0.705910 0.348498 0.822336 0.363651
0 0.823562 0.348498 0.941213 0.363651
0 0.470607 0.378803 0.587033 0.393957
0 0.588258 0.378803 0.704684 0.393957
0 0.705910 0.378803 0.822336 0.393957
0 0.823562 0.378803 0.941213 0.393957
0 0.470607 0.409109 0.587033 0.424262
0 0.588258 0.409109 0.704684 0.424262
0 0.705910 0.409109 0.822336 0.424262
0 0.823562 0.409109 0.941213 0.424262
0 0.823562 0.439413 0.941213 0.454564
0 0.823562 0.469715 0.941213 0.484866
0 0.830098 0.500020 0.934677 0.515171
0 0.823562 0.530326 0.941213 0.545477
0 0.470607 0.681843 0.587033 0.696997
0 0.588258 0.681843 0.704684 0.696997
0 0.705910 0.636387 0.822336 0.696997
0 0.823562 0.681843 0.941213 0.696997
0 0.470607 0.712149 0.587033 0.727302
0 0.588258 0.712149 0.704684 0.727302
0 0.705910 0.712149 0.822336 0.727302
0 0.823562 0.712149 0.941213 0.727302
0 0.470607 0.742454 0.587033 0.757608
0 0.588258 0.742454 0.704684 0.757608
0 0.705910 0.742454 0.822336 0.757608
0 0.823562 0.742454 0.941213 0.757608
0 0.470607 0.772760 0.587033 0.787913
0 0.588258 0.772760 0.704684 0.787913
0 0.705910 0.772760 0.822336 0.787913
0 0.823562 0.772760 0.941213 0.787913
0 0.823562 0.787909 0.941213 0.803060
0 0.823562 0.803064 0.941213 0.818215
0 0.823562 0.818215 0.941213 0.833366
0 0.823562 0.833366 0.941213 0.848517
0 0.830098 0.863671 0.934677 0.878822
0 0.823562 0.893977 0.941213 0.909128
