0 0.336615 0.106064 0.552963 0.121215
0 0.672709 0.106064 0.894153 0.121215
0 0.058826 0.164147 0.716450 0.181826
0 0.717675 0.164147 0.941213 0.181826
0 0.058826 0.194452 0.941213 0.212131
0 0.058826 0.224758 0.941213 0.257587
0 0.058826 0.270214 0.716450 0.287893
0 0.717675 0.270214 0.941213 0.287893
0 0.082356 0.304937 0.095429 0.315038
0 0.200008 0.304937 0.213080 0.315038
0 0.341190 0.304937 0.354262 0.315038
0 0.458841 0.304937 0.471914 0.315038
0 0.741206 0.304937 0.754278 0.315038
0 0.823562 0.363651 0.941213 0.378802
0 0.670615 0.378802 0.787041 0.393953
0 0.823562 0.393957 0.941213 0.409107
0 0.670615 0.409107 0.787041 0.424258
0 0.823562 0.424258 0.941213 0.439409
0 0.382205 0.439413 0.776501 0.454564
0 0.823562 0.439413 0.941213 0.454564
0 0.823562 0.469715 0.941213 0.484866
0 0.823562 0.500020 0.941213 0.515171
0 0.823562 0.515171 0.941213 0.530322
0 0.823562 0.530326 0.941213 0.545477
0 0.823562 0.545477 0.941213 0.560627
0 0.823562 0.575782 0.941213 0.590933
0 0.823562 0.606084 0.941213 0.621235
0 0.452632 0.638916 0.465705 0.649017
0 0.823562 0.636389 0.941213 0.651540
0 0.496591 0.651540 0.776501 0.666691
0 0.823562 0.651540 0.941213 0.666691
0 0.823562 0.681846 0.941213 0.696997
0 0.823562 0.696997 0.941213 0.712148
0 0.823562 0.712151 0.941213 0.727302
0 0.823562 0.727302 0.941213 0.742453
0 0.823562 0.742453 0.941213 0.757604
0 0.823562 0.757608 0.941213 0.772758
0 0.823562 0.772758 0.941213 0.787909
0 0.526725 0.803061 0.682380 0.818215
0 0.823562 0.803064 0.941213 0.818215
0 0.847092 0.867458 0.856896 0.875034
0 0.894153 0.867458 0.903957 0.875034
0 0.142816 0.891449 0.387025 0.909128
0 0.787578 0.883242 0.800651 0.893343
0 0.823562 0.891449 0.941213 0.909128
0 0.235303 0.909128 0.704684 0.924279
0 0.235303 0.924279 0.704684 0.939429
0 0.776501 0.909128 0.941213 0.924279
0 0.776501 0.924279 0.941213 0.939429
