0 0.188243 0.136369 0.304669 0.151520
0 0.305894 0.136369 0.400016 0.151520
0 0.400016 0.136369 0.588258 0.151520
0 0.588258 0.136369 0.704684 0.151520
0 0.705910 0.136369 0.822336 0.151520
0 0.823562 0.136369 0.939988 0.151520
0 0.188243 0.151520 0.304669 0.166671
0 0.305894 0.151520 0.400016 0.166671
0 0.400016 0.151520 0.588258 0.166671
0 0.588258 0.151520 0.704684 0.166671
0 0.705910 0.151520 0.822336 0.166671
0 0.823562 0.151520 0.939988 0.166671
0 0.188243 0.166671 0.304669 0.181822
0 0.305894 0.166671 0.400016 0.181822
0 0.400016 0.166671 0.588258 0.181822
0 0.588258 0.166671 0.704684 0.181822
0 0.705910 0.166671 0.822336 0.181822
0 0.823562 0.166671 0.939988 0.181822
0 0.188243 0.181822 0.304669 0.196973
0 0.305894 0.181822 0.400016 0.196973
0 0.400016 0.181822 0.588258 0.196973
0 0.588258 0.181822 0.704684 0.196973
0 0.705910 0.181822 0.822336 0.196973
0 0.823562 0.181822 0.939988 0.196973
0 0.588258 0.196976 0.704684 0.212127
0 0.705910 0.196976 0.822336 0.212127
0 0.823562 0.196976 0.939988 0.212127
0 0.789900 0.742454 0.904692 0.757608
0 0.907552 0.742454 0.937945 0.757608
0 0.082356 0.772760 0.941213 0.787913
0 0.083990 0.803061 0.351729 0.833366
0 0.354589 0.803061 0.941213 0.833366
0 0.083990 0.848518 0.941213 0.863671
0 0.083990 0.878823 0.657624 0.893977
0 0.658849 0.878823 0.800031 0.893977
0 0.800031 0.878823 0.941213 0.893977
0 0.083990 0.909129 0.434086 0.924282
0 0.436945 0.909129 0.798806 0.924282
0 0.800031 0.909129 0.941213 0.924282
