0 0.411781 0.065658 0.458841 0.080810
0 0.482699 0.085861 0.552963 0.101013
0 0.600024 0.065658 0.647084 0.080810
0 0.670941 0.085861 0.741206 0.101013
0 0.788266 0.065658 0.835327 0.080810
0 0.859184 0.085861 0.929448 0.101013
0 0.376485 0.151521 0.469381 0.166675
0 0.470607 0.151521 0.563502 0.166675
0 0.564728 0.151521 0.657624 0.166675
0 0.658849 0.151521 0.751745 0.166675
0 0.752971 0.151521 0.845867 0.166675
0 0.847092 0.151521 0.941213 0.166675
0 0.376485 0.189403 0.469381 0.204554
0 0.470607 0.189403 0.563502 0.204554
0 0.564728 0.189403 0.657624 0.204554
0 0.658849 0.189403 0.751745 0.204554
0 0.752971 0.189403 0.845867 0.204554
0 0.847092 0.189403 0.941213 0.204554
0 0.376485 0.219706 0.469381 0.234859
0 0.470607 0.219706 0.563502 0.234859
0 0.564728 0.219706 0.657624 0.234859
0 0.658849 0.219706 0.751745 0.234859
0 0.752971 0.219706 0.845867 0.234859
0 0.847092 0.219706 0.941213 0.234859
0 0.376485 0.250011 0.469381 0.265165
0 0.470607 0.250011 0.563502 0.265165
0 0.564728 0.250011 0.657624 0.265165
0 0.658849 0.250011 0.751745 0.265165
0 0.752971 0.250011 0.845867 0.265165
0 0.847092 0.250011 0.941213 0.265165
0 0.376485 0.280317 0.469381 0.295470
0 0.470607 0.280317 0.563502 0.295470
0 0.564728 0.280317 0.657624 0.295470
0 0.658849 0.280317 0.751745 0.295470
0 0.752971 0.280317 0.845867 0.295470
0 0.847092 0.280317 0.941213 0.295470
0 0.376485 0.310622 0.469381 0.325776
0 0.470607 0.310622 0.563502 0.325776
0 0.564728 0.310622 0.657624 0.325776
0 0.658849 0.310622 0.751745 0.325776
0 0.752971 0.310622 0.845867 0.325776
0 0.847092 0.310622 0.941213 0.325776
0 0.376485 0.340928 0.469381 0.356081
0 0.470607 0.340928 0.563502 0.356081
0 0.564728 0.340928 0.657624 0.356081
0 0.658849 0.340928 0.751745 0.356081
0 0.752971 0.340928 0.845867 0.356081
0 0.847092 0.340928 0.941213 0.356081
0 0.376485 0.378809 0.469381 0.393960
0 0.470607 0.378809 0.563502 0.393960
0 0.564728 0.378809 0.657624 0.393960
0 0.658849 0.378809 0.751745 0.393960
0 0.752971 0.378809 0.845867 0.393960
0 0.847092 0.378809 0.941213 0.393960
0 0.376485 0.409113 0.469381 0.424266
0 0.470607 0.409113 0.563502 0.424266
0 0.564728 0.409113 0.657624 0.424266
0 0.658849 0.409113 0.751745 0.424266
0 0.752971 0.409113 0.845867 0.424266
0 0.847092 0.409113 0.941213 0.424266
0 0.376485 0.439418 0.469381 0.454571
0 0.470607 0.439418 0.563502 0.454571
0 0.564728 0.439418 0.657624 0.454571
0 0.658849 0.439418 0.751745 0.454571
0 0.752971 0.439418 0.845867 0.454571
0 0.847092 0.439418 0.941213 0.454571
0 0.376485 0.469724 0.469381 0.484877
0 0.470607 0.469724 0.563502 0.484877
0 0.564728 0.469724 0.657624 0.484877
0 0.658849 0.469724 0.751745 0.484877
0 0.752971 0.469724 0.845867 0.484877
0 0.847092 0.469724 0.941213 0.484877
0 0.376485 0.522757 0.469381 0.537911
0 0.470607 0.522757 0.563502 0.537911
0 0.564728 0.522757 0.657624 0.537911
0 0.658849 0.522757 0.751745 0.537911
0 0.752971 0.522757 0.845867 0.537911
0 0.847092 0.522757 0.941213 0.537911
0 0.376485 0.553063 0.469381 0.568216
0 0.470607 0.553063 0.563502 0.568216
0 0.564728 0.553063 0.657624 0.568216
0 0.658849 0.553063 0.751745 0.568216
0 0.752971 0.553063 0.845867 0.568216
0 0.847092 0.553063 0.941213 0.568216
0 0.823562 0.583356 0.941213 0.598507
0 0.142816 0.732352 0.387025 0.765181
0 0.775194 0.730458 0.788266 0.740559
0 0.811797 0.732352 0.941213 0.765181
0 0.235303 0.772757 0.704684 0.787909
0 0.235303 0.795485 0.704684 0.810638
0 0.776501 0.772757 0.941213 0.787909
0 0.776501 0.795485 0.941213 0.810638
