0 0.520915 0.063760 0.533987 0.073861
0 0.603268 0.063760 0.616340 0.073861
0 0.685619 0.063760 0.698691 0.073861
0 0.705882 0.060605 0.776471 0.075755
0 0.823529 0.060605 0.941176 0.075755
0 0.823529 0.075759 0.941176 0.090909
0 0.823529 0.090909 0.941176 0.106059
0 0.823529 0.106059 0.941176 0.121210
0 0.823529 0.121213 0.941176 0.136364
0 0.823529 0.136364 0.941176 0.151514
0 0.823529 0.151514 0.941176 0.166664
0 0.670588 0.189395 0.787010 0.204545
0 0.670588 0.212122 0.787010 0.227273
0 0.670588 0.227273 0.787010 0.242423
0 0.823529 0.242423 0.941176 0.257573
0 0.823529 0.257577 0.941176 0.272727
0 0.670588 0.287878 0.787010 0.303028
0 0.670588 0.303032 0.787010 0.318182
0 0.670588 0.318182 0.787010 0.333332
0 0.823529 0.333332 0.941176 0.348482
0 0.823529 0.348486 0.941176 0.363636
0 0.823529 0.363636 0.941176 0.378787
0 0.823529 0.378787 0.941176 0.393937
0 0.823529 0.393941 0.941176 0.409091
0 0.670588 0.409091 0.787010 0.424241
0 0.670588 0.424241 0.787010 0.439391
0 0.670588 0.439395 0.787010 0.454545
0 0.670588 0.454545 0.787010 0.469696
0 0.670588 0.469696 0.787010 0.484846
0 0.823529 0.484850 0.941176 0.500000
0 0.823529 0.500000 0.941176 0.515150
0 0.823529 0.526514 0.941176 0.541664
0 0.763399 0.555556 0.776471 0.565657
0 0.823529 0.553032 0.941176 0.568182
0 0.317647 0.568182 0.529412 0.582702
0 0.616667 0.570706 0.629739 0.580807
0 0.710784 0.570706 0.723856 0.580807
0 0.317647 0.583966 0.717647 0.598486
0 0.423529 0.611110 0.787010 0.625000
0 0.200000 0.626263 0.787010 0.640150
0 0.670588 0.651514 0.787010 0.666664
0 0.823529 0.681818 0.941176 0.696968
0 0.670588 0.696968 0.787010 0.712119
0 0.729412 0.714646 0.742484 0.724747
0 0.905556 0.714646 0.918627 0.724747
0 0.211765 0.747475 0.505882 0.762625
0 0.576471 0.747475 0.729412 0.762625
0 0.788235 0.747474 0.905882 0.762624
0 0.542810 0.830809 0.739951 0.848486
0 0.823529 0.830809 0.941176 0.845960
0 0.280392 0.848486 0.447059 0.863636
0 0.567974 0.848486 0.941176 0.863636
0 0.154575 0.876263 0.387010 0.893941
0 0.717647 0.876263 0.811765 0.893941
0 0.818301 0.879732 0.831373 0.889833
0 0.297546 0.893941 0.716422 0.909091
0 0.800000 0.893941 0.941176 0.909091
0 0.305882 0.909091 0.716422 0.924241
0 0.832026 0.909091 0.941176 0.924241
