0 0.058826 0.121216 0.728215 0.136369
0 0.729440 0.121216 0.941213 0.136369
0 0.058826 0.151521 0.422320 0.166675
0 0.423546 0.151520 0.564728 0.166671
0 0.587605 0.152781 0.600677 0.162883
0 0.650352 0.152781 0.663425 0.162883
0 0.729440 0.151521 0.941213 0.166675
0 0.835327 0.169830 0.848399 0.179932
0 0.894153 0.169830 0.907225 0.179932
0 0.835327 0.184981 0.848399 0.195082
0 0.894153 0.184981 0.907225 0.195082
0 0.835327 0.200132 0.848399 0.210233
0 0.894153 0.200132 0.907225 0.210233
0 0.670615 0.227282 0.787041 0.242433
0 0.670615 0.242433 0.787041 0.257584
0 0.823562 0.257587 0.941213 0.272738
0 0.823562 0.272738 0.941213 0.287889
0 0.447076 0.287889 0.563502 0.303040
0 0.823562 0.287889 0.941213 0.303040
0 0.447076 0.303044 0.563502 0.318195
0 0.823562 0.303044 0.941213 0.318195
0 0.823562 0.318195 0.941213 0.333346
0 0.447076 0.333346 0.563502 0.348496
0 0.823562 0.333346 0.941213 0.348496
0 0.447076 0.363651 0.563502 0.378802
0 0.823562 0.363651 0.941213 0.378802
0 0.548388 0.381957 0.561460 0.392059
0 0.823562 0.378802 0.941213 0.393953
0 0.823562 0.393957 0.941213 0.409107
0 0.823562 0.409107 0.941213 0.424258
0 0.823562 0.439413 0.941213 0.454564
0 0.376485 0.484869 0.492911 0.500020
0 0.376485 0.500020 0.492911 0.515171
0 0.376485 0.515171 0.492911 0.530322
0 0.376485 0.530326 0.492911 0.545477
0 0.376485 0.560627 0.492911 0.575778
0 0.376485 0.590933 0.492911 0.606084
0 0.376485 0.606084 0.492911 0.621235
0 0.376485 0.621238 0.492911 0.636389
0 0.376485 0.636389 0.492911 0.651540
0 0.376485 0.651540 0.492911 0.666691
0 0.376485 0.666695 0.492911 0.681846
0 0.376485 0.696997 0.492911 0.712148
0 0.376485 0.712151 0.492911 0.727302
0 0.376485 0.727302 0.492911 0.742453
0 0.823562 0.469715 0.941213 0.484866
0 0.823562 0.500020 0.941213 0.515171
0 0.823562 0.515171 0.941213 0.530322
0 0.823562 0.530326 0.941213 0.545477
0 0.823562 0.545477 0.941213 0.560627
0 0.823562 0.560627 0.941213 0.575778
0 0.823562 0.575782 0.941213 0.590933
0 0.823562 0.590933 0.941213 0.606084
0 0.823562 0.606084 0.941213 0.621235
0 0.823562 0.621238 0.941213 0.636389
0 0.552963 0.651540 0.776501 0.666691
0 0.823562 0.651540 0.941213 0.666691
0 0.552963 0.666695 0.776501 0.681846
0 0.823562 0.666695 0.941213 0.681846
0 0.552963 0.681846 0.776501 0.696997
0 0.823562 0.681846 0.941213 0.696997
0 0.552963 0.696997 0.776501 0.712148
0 0.823562 0.696997 0.941213 0.712148
0 0.552963 0.712151 0.776501 0.727302
0 0.823562 0.712151 0.941213 0.727302
0 0.552963 0.727302 0.776501 0.742453
0 0.823562 0.727302 0.941213 0.742453
0 0.823562 0.742457 0.941213 0.757608
0 0.823562 0.757608 0.941213 0.772758
0 0.107521 0.820108 0.120593 0.830209
0 0.364720 0.820108 0.377793 0.830209
