0 0.082353 0.151514 0.398775 0.181818
0 0.400000 0.166665 0.494118 0.181818
0 0.494118 0.166665 0.588235 0.181818
0 0.588235 0.166665 0.704657 0.181818
0 0.705882 0.166665 0.822304 0.181818
0 0.823529 0.166665 0.941176 0.181818
0 0.058824 0.181818 0.398775 0.212122
0 0.400000 0.196970 0.494118 0.212122
0 0.494118 0.196970 0.588235 0.212122
0 0.588235 0.196970 0.704657 0.212122
0 0.705882 0.196970 0.822304 0.212122
0 0.823529 0.196970 0.941176 0.212122
0 0.058824 0.212122 0.398775 0.242427
0 0.400000 0.227274 0.494118 0.242427
0 0.494118 0.227274 0.588235 0.242427
0 0.588235 0.227274 0.704657 0.242427
0 0.705882 0.227274 0.822304 0.242427
0 0.823529 0.227274 0.941176 0.242427
0 0.058824 0.242427 0.398775 0.272731
0 0.400000 0.257578 0.494118 0.272731
0 0.494118 0.257578 0.588235 0.272731
0 0.588235 0.257578 0.704657 0.272731
0 0.705882 0.257578 0.822304 0.272731
0 0.823529 0.257578 0.941176 0.272731
0 0.058824 0.272731 0.398775 0.303035
0 0.400000 0.287883 0.494118 0.303035
0 0.494118 0.287883 0.588235 0.303035
0 0.588235 0.287883 0.704657 0.303035
0 0.705882 0.287883 0.822304 0.303035
0 0.823529 0.287883 0.941176 0.303035
0 0.058824 0.303035 0.398775 0.333340
0 0.400000 0.318187 0.494118 0.333340
0 0.494118 0.318187 0.588235 0.333340
0 0.588235 0.318187 0.704657 0.333340
0 0.705882 0.318187 0.822304 0.333340
0 0.823529 0.318187 0.941176 0.333340
0 0.058824 0.333340 0.398775 0.363644
0 0.400000 0.348491 0.494118 0.363644
0 0.494118 0.348491 0.588235 0.363644
0 0.588235 0.348491 0.704657 0.363644
0 0.705882 0.348491 0.822304 0.363644
0 0.823529 0.348491 0.941176 0.363644
0 0.823529 0.378787 0.941176 0.393937
0 0.830065 0.409091 0.934641 0.424241
0 0.823529 0.439395 0.941176 0.454545
0 0.082353 0.530304 0.398775 0.560609
0 0.400000 0.545456 0.494118 0.560609
0 0.494118 0.545456 0.588235 0.560609
0 0.588235 0.545456 0.704657 0.560609
0 0.705882 0.545456 0.822304 0.560609
0 0.823529 0.545456 0.941176 0.560609
0 0.058824 0.560609 0.398775 0.590913
0 0.400000 0.575760 0.494118 0.590913
0 0.494118 0.575760 0.588235 0.590913
0 0.588235 0.575760 0.704657 0.590913
0 0.705882 0.575760 0.822304 0.590913
0 0.823529 0.575760 0.941176 0.590913
0 0.058824 0.590913 0.398775 0.621217
0 0.400000 0.606064 0.494118 0.621217
0 0.494118 0.606064 0.588235 0.621217
0 0.588235 0.606064 0.704657 0.621217
0 0.705882 0.606064 0.822304 0.621217
0 0.823529 0.606064 0.941176 0.621217
0 0.058824 0.621217 0.398775 0.651521
0 0.400000 0.636369 0.494118 0.651521
0 0.494118 0.636369 0.588235 0.651521
0 0.588235 0.636369 0.704657 0.651521
0 0.705882 0.636369 0.822304 0.651521
0 0.823529 0.636369 0.941176 0.651521
0 0.058824 0.651521 0.398775 0.681826
0 0.400000 0.666673 0.494118 0.681826
0 0.494118 0.666673 0.588235 0.681826
0 0.588235 0.666673 0.704657 0.681826
0 0.705882 0.666673 0.822304 0.681826
0 0.823529 0.666673 0.941176 0.681826
0 0.058824 0.681826 0.398775 0.712130
0 0.400000 0.696977 0.494118 0.712130
0 0.494118 0.696977 0.588235 0.712130
0 0.588235 0.696977 0.704657 0.712130
0 0.705882 0.696977 0.822304 0.712130
0 0.823529 0.696977 0.941176 0.712130
0 0.058824 0.712130 0.398775 0.742434
0 0.400000 0.727282 0.494118 0.742434
0 0.494118 0.727282 0.588235 0.742434
0 0.588235 0.727282 0.704657 0.742434
0 0.705882 0.727282 0.822304 0.742434
0 0.823529 0.727282 0.941176 0.742434
0 0.823529 0.757577 0.941176 0.772727
0 0.823529 0.787878 0.941176 0.803028
0 0.823529 0.818182 0.941176 0.833332
0 0.830065 0.848486 0.934641 0.863636
0 0.823529 0.878787 0.941176 0.893937
