0 0.058824 0.148990 0.728186 0.166668
0 0.729412 0.148990 0.941176 0.166668
0 0.670588 0.174241 0.787010 0.189391
0 0.823529 0.204545 0.941176 0.219696
0 0.670588 0.242423 0.787010 0.257573
0 0.670588 0.287878 0.787010 0.303028
0 0.670588 0.318182 0.787010 0.333332
0 0.823529 0.348486 0.941176 0.363636
0 0.823529 0.401514 0.941176 0.416664
0 0.211765 0.439395 0.776471 0.454545
0 0.211765 0.454545 0.776471 0.469696
0 0.211765 0.469696 0.776471 0.484846
0 0.211765 0.484850 0.776471 0.500000
0 0.211765 0.500000 0.776471 0.515150
0 0.211765 0.515150 0.776471 0.530300
0 0.211765 0.530304 0.776471 0.545455
0 0.211765 0.545455 0.776471 0.560605
0 0.211765 0.560605 0.776471 0.575755
0 0.823529 0.560605 0.941176 0.575755
0 0.823529 0.606059 0.941176 0.621210
