0 0.058824 0.118686 0.751716 0.136364
0 0.752941 0.118686 0.941176 0.136364
0 0.823529 0.151514 0.941176 0.166664
0 0.670588 0.166668 0.787010 0.181818
0 0.670588 0.181818 0.787010 0.196968
0 0.670588 0.196968 0.787010 0.212119
0 0.823529 0.212122 0.941176 0.227273
0 0.823529 0.227273 0.941176 0.242423
0 0.670588 0.257577 0.787010 0.272727
0 0.823529 0.272727 0.941176 0.287878
0 0.670588 0.303032 0.787010 0.318182
0 0.823529 0.348486 0.941176 0.363636
0 0.823529 0.363636 0.941176 0.378787
0 0.823529 0.409091 0.941176 0.424241
0 0.823529 0.484850 0.941176 0.500000
0 0.823529 0.500000 0.941176 0.515150
0 0.823529 0.515150 0.941176 0.530300
0 0.109150 0.532828 0.122222 0.542929
0 0.109150 0.578283 0.122222 0.588384
0 0.823529 0.590909 0.941176 0.606059
0 0.823529 0.621213 0.941176 0.636364
