0 0.058826 0.118690 0.739980 0.136369
0 0.741206 0.118690 0.941213 0.136369
0 0.823562 0.176772 0.836634 0.186874
0 0.882388 0.176772 0.895460 0.186874
0 0.823562 0.191611 0.836634 0.201713
0 0.882388 0.191611 0.895460 0.201713
0 0.107521 0.227282 0.941213 0.242433
0 0.107521 0.242433 0.941213 0.257584
0 0.107521 0.257584 0.941213 0.272735
0 0.105887 0.303044 0.223538 0.318195
0 0.105887 0.318195 0.223538 0.333346
0 0.105887 0.333346 0.223538 0.348496
0 0.623554 0.303044 0.741206 0.318195
0 0.741206 0.303044 0.858857 0.318195
0 0.893499 0.305568 0.906571 0.315669
0 0.623554 0.318195 0.741206 0.333346
0 0.741206 0.318195 0.858857 0.333346
0 0.893499 0.320719 0.906571 0.330820
0 0.623554 0.333346 0.741206 0.348496
0 0.741206 0.333346 0.858857 0.348496
0 0.893499 0.335870 0.906571 0.345971
0 0.772906 0.378802 0.941213 0.393953
0 0.517667 0.431836 0.657624 0.446987
0 0.658849 0.431836 0.798806 0.446987
0 0.800031 0.431836 0.941213 0.446987
0 0.517667 0.446987 0.657624 0.462137
0 0.658849 0.446987 0.798806 0.462137
0 0.800031 0.446987 0.941213 0.462137
0 0.517667 0.477292 0.657624 0.492443
0 0.658849 0.477292 0.798806 0.492443
0 0.800031 0.477292 0.941213 0.492443
0 0.517667 0.492443 0.657624 0.507594
0 0.658849 0.492443 0.798806 0.507594
0 0.800031 0.492443 0.941213 0.507594
0 0.517667 0.507594 0.657624 0.522745
0 0.658849 0.507594 0.798806 0.522745
0 0.800031 0.507594 0.941213 0.522745
0 0.517667 0.522745 0.657624 0.537895
0 0.658849 0.522745 0.798806 0.537895
0 0.800031 0.522745 0.941213 0.537895
0 0.517667 0.537895 0.657624 0.553046
0 0.658849 0.537895 0.798806 0.553046
0 0.800031 0.537895 0.941213 0.553046
0 0.517667 0.553046 0.657624 0.568197
0 0.658849 0.553046 0.798806 0.568197
0 0.800031 0.553046 0.941213 0.568197
0 0.517667 0.568197 0.657624 0.583348
0 0.658849 0.568197 0.798806 0.583348
0 0.800031 0.568197 0.941213 0.583348
0 0.517667 0.583348 0.657624 0.598499
0 0.658849 0.583348 0.798806 0.598499
0 0.800031 0.583348 0.941213 0.598499
0 0.517667 0.598499 0.657624 0.613650
0 0.658849 0.598499 0.798806 0.613650
0 0.800031 0.598499 0.941213 0.613650
0 0.517667 0.613650 0.657624 0.628801
0 0.658849 0.613650 0.798806 0.628801
0 0.800031 0.613650 0.941213 0.628801
0 0.517667 0.628801 0.657624 0.643952
0 0.658849 0.628801 0.798806 0.643952
0 0.800031 0.628801 0.941213 0.643952
0 0.517667 0.643952 0.657624 0.659102
0 0.658849 0.643952 0.798806 0.659102
0 0.800031 0.643952 0.941213 0.659102
0 0.517667 0.659102 0.657624 0.674253
0 0.658849 0.659102 0.798806 0.674253
0 0.800031 0.659102 0.941213 0.674253
0 0.517667 0.674253 0.657624 0.689404
0 0.658849 0.674253 0.798806 0.689404
0 0.800031 0.674253 0.941213 0.689404
0 0.177785 0.689404 0.472568 0.704555
0 0.517667 0.689404 0.657624 0.704555
0 0.658849 0.689404 0.798806 0.704555
0 0.800031 0.689404 0.941213 0.704555
0 0.517667 0.704555 0.657624 0.719706
0 0.658849 0.704555 0.798806 0.719706
0 0.800031 0.704555 0.941213 0.719706
0 0.517667 0.750010 0.657624 0.765162
0 0.658849 0.750010 0.798806 0.765162
0 0.800031 0.750010 0.941213 0.765162
0 0.524204 0.780314 0.652313 0.795468
0 0.665386 0.780314 0.793495 0.795468
0 0.806568 0.780314 0.934677 0.795468
0 0.658849 0.795487 0.798806 0.810638
0 0.658849 0.810638 0.798806 0.825788
0 0.658849 0.825792 0.798806 0.840943
0 0.658849 0.840943 0.798806 0.856094
0 0.658849 0.856094 0.798806 0.871245
0 0.800031 0.871249 0.941213 0.886399
0 0.806568 0.886399 0.934677 0.901550
0 0.800031 0.931856 0.941213 0.947007
