0 0.488235 0.090909 0.570588 0.103534
0 0.658824 0.090909 0.741176 0.103534
0 0.760784 0.090909 0.794118 0.103534
0 0.083987 0.118686 0.434069 0.136364
0 0.436928 0.118686 0.751716 0.136364
0 0.752941 0.118686 0.941176 0.136364
0 0.083987 0.148990 0.434069 0.166668
0 0.436928 0.148990 0.751716 0.166668
0 0.752941 0.148990 0.941176 0.166668
0 0.083987 0.179294 0.941176 0.196972
0 0.083987 0.209595 0.941176 0.227273
0 0.083987 0.239899 0.504657 0.257577
0 0.507516 0.239899 0.810539 0.257577
0 0.811765 0.239899 0.941176 0.257577
0 0.847059 0.274936 0.860131 0.285037
0 0.903922 0.274936 0.916993 0.285037
0 0.105882 0.320706 0.118954 0.330807
0 0.181373 0.320706 0.194444 0.330807
0 0.346078 0.320706 0.359150 0.330807
0 0.581373 0.320706 0.594444 0.330807
0 0.741176 0.320706 0.754248 0.330807
0 0.667974 0.333332 0.941176 0.348482
0 0.924837 0.365845 0.937908 0.375946
0 0.058824 0.393937 0.469363 0.409087
0 0.470588 0.393937 0.705882 0.409087
0 0.707516 0.393937 0.941176 0.409087
0 0.058824 0.409087 0.469363 0.424237
0 0.470588 0.409087 0.705882 0.424237
0 0.707516 0.409087 0.941176 0.424237
0 0.058824 0.424237 0.469363 0.439388
0 0.470588 0.424237 0.705882 0.439388
0 0.707516 0.424237 0.941176 0.439388
0 0.058824 0.439388 0.469363 0.454538
0 0.470588 0.439388 0.705882 0.454538
0 0.707516 0.439388 0.941176 0.454538
0 0.823529 0.469696 0.941176 0.484846
0 0.823529 0.484850 0.941176 0.500000
0 0.823529 0.500000 0.941176 0.515150
0 0.823529 0.515150 0.941176 0.530300
0 0.670588 0.530304 0.787010 0.545455
0 0.670588 0.545455 0.787010 0.560605
0 0.670588 0.560605 0.787010 0.575755
0 0.670588 0.575759 0.787010 0.590909
0 0.670588 0.606059 0.787010 0.621210
0 0.670588 0.636364 0.787010 0.651514
0 0.823529 0.651514 0.941176 0.666664
0 0.823529 0.666668 0.941176 0.681818
0 0.763399 0.684342 0.776471 0.694443
0 0.823529 0.681818 0.941176 0.696968
0 0.223529 0.696968 0.435294 0.711489
0 0.611765 0.699492 0.624837 0.709593
0 0.705882 0.699492 0.718954 0.709593
0 0.223529 0.712753 0.623529 0.727273
0 0.670588 0.727273 0.787010 0.742423
0 0.823529 0.742423 0.941176 0.757573
0 0.697386 0.760101 0.710457 0.770202
0 0.900654 0.760101 0.913726 0.770202
0 0.223529 0.787880 0.494118 0.803032
0 0.541176 0.787880 0.694118 0.803032
0 0.823529 0.785355 0.941176 0.800506
0 0.541176 0.838385 0.682353 0.856063
0 0.788235 0.836489 0.941176 0.854797
0 0.788235 0.866793 0.941176 0.885101
0 0.154575 0.901515 0.398775 0.916668
0 0.800654 0.890783 0.813725 0.900884
0 0.835294 0.901515 0.941176 0.916668
0 0.247059 0.916668 0.728186 0.931818
0 0.247059 0.931818 0.728186 0.946968
0 0.800000 0.916668 0.941176 0.931818
0 0.800000 0.931818 0.941176 0.946968
