0 0.823529 0.090909 0.941176 0.106059
0 0.670588 0.151514 0.787010 0.166664
0 0.670588 0.166668 0.787010 0.181818
0 0.670588 0.181818 0.787010 0.196968
0 0.670588 0.212122 0.787010 0.227273
0 0.823529 0.227273 0.941176 0.242423
0 0.823529 0.242423 0.941176 0.257573
0 0.823529 0.257577 0.941176 0.272727
0 0.670588 0.272727 0.787010 0.287878
0 0.670588 0.287878 0.787010 0.303028
0 0.670588 0.303032 0.787010 0.318182
0 0.670588 0.318182 0.787010 0.333332
0 0.670588 0.333332 0.787010 0.348482
0 0.823529 0.348486 0.941176 0.363636
0 0.670588 0.378787 0.787010 0.393937
0 0.670588 0.393941 0.787010 0.409091
0 0.670588 0.409091 0.787010 0.424241
0 0.670588 0.439395 0.787010 0.454545
0 0.670588 0.454545 0.787010 0.469696
0 0.670588 0.469696 0.787010 0.484846
0 0.517647 0.484850 0.634069 0.500000
0 0.517647 0.500000 0.634069 0.515150
0 0.517647 0.515150 0.634069 0.530300
0 0.670588 0.530304 0.787010 0.545455
0 0.823529 0.545455 0.941176 0.560605
0 0.670588 0.560605 0.787010 0.575755
0 0.670588 0.575759 0.787010 0.590909
0 0.670588 0.590909 0.787010 0.606059
0 0.823529 0.606059 0.941176 0.621210
0 0.670588 0.636364 0.787010 0.651514
0 0.517647 0.651514 0.634069 0.666664
0 0.517647 0.666668 0.634069 0.681818
0 0.670588 0.681818 0.787010 0.696968
0 0.670588 0.696968 0.787010 0.712119
0 0.823529 0.712126 0.941176 0.727277
0 0.670588 0.742423 0.787010 0.757573
0 0.670588 0.757577 0.787010 0.772727
0 0.670588 0.772727 0.787010 0.787878
0 0.823529 0.787878 0.941176 0.803028
0 0.823529 0.803032 0.941176 0.818182
0 0.823529 0.818182 0.941176 0.833332
0 0.823529 0.833332 0.941176 0.848482
