0 0.058824 0.118686 0.728186 0.136364
0 0.729412 0.118686 0.941176 0.136364
0 0.058824 0.148990 0.728186 0.166668
0 0.752941 0.151514 0.894118 0.166664
0 0.058824 0.179294 0.728186 0.196972
0 0.729412 0.179294 0.941176 0.196972
0 0.376471 0.196968 0.941176 0.212119
0 0.376471 0.212122 0.941176 0.227273
0 0.275817 0.231059 0.288889 0.241160
0 0.381699 0.231059 0.394771 0.241160
0 0.499346 0.231059 0.512418 0.241160
0 0.611765 0.227273 0.941176 0.242423
0 0.840523 0.244947 0.853595 0.255048
0 0.899346 0.244947 0.912418 0.255048
0 0.840523 0.260101 0.853595 0.270202
0 0.840523 0.275251 0.853595 0.285352
0 0.899346 0.275251 0.912418 0.285352
0 0.840523 0.290401 0.853595 0.300503
0 0.899346 0.290401 0.912418 0.300503
0 0.709149 0.335856 0.722221 0.345957
0 0.776471 0.333332 0.941176 0.348482
0 0.776471 0.348486 0.941176 0.363636
0 0.776471 0.363636 0.941176 0.378787
0 0.776471 0.378787 0.941176 0.393937
0 0.776471 0.393941 0.941176 0.409091
0 0.776471 0.409091 0.941176 0.424241
0 0.776471 0.424241 0.941176 0.439391
0 0.317647 0.454545 0.481127 0.469696
0 0.317647 0.484850 0.481127 0.500000
0 0.317647 0.500000 0.481127 0.515150
0 0.317647 0.515150 0.481127 0.530300
0 0.317647 0.530304 0.481127 0.545455
0 0.317647 0.575759 0.481127 0.590909
0 0.317647 0.606059 0.481127 0.621210
0 0.317647 0.621213 0.481127 0.636364
0 0.317647 0.651514 0.481127 0.666664
0 0.317647 0.666668 0.481127 0.681818
0 0.317647 0.681818 0.481127 0.696968
0 0.776471 0.454545 0.941176 0.469696
0 0.776471 0.469696 0.941176 0.484846
0 0.776471 0.500000 0.941176 0.515150
0 0.776471 0.515150 0.941176 0.530300
0 0.776471 0.530304 0.941176 0.545455
0 0.776471 0.545455 0.941176 0.560605
0 0.776471 0.560605 0.941176 0.575755
0 0.776471 0.590909 0.941176 0.606059
0 0.776471 0.606059 0.941176 0.621210
0 0.776471 0.621213 0.941176 0.636364
0 0.776471 0.636364 0.941176 0.651514
0 0.776471 0.651514 0.941176 0.666664
0 0.776471 0.681818 0.941176 0.696968
0 0.776471 0.696968 0.941176 0.712119
0 0.776471 0.712122 0.941176 0.727273
0 0.576471 0.757577 0.729412 0.772727
0 0.388235 0.772727 0.600000 0.787878
0 0.776471 0.787878 0.941176 0.803028
0 0.776471 0.833332 0.941176 0.848482
0 0.776471 0.896466 0.789543 0.906567
0 0.776471 0.912247 0.789543 0.922348
