0 0.881699 0.108586 0.894771 0.118687
0 0.916993 0.108586 0.930065 0.118687
0 0.881699 0.123737 0.894771 0.133838
0 0.916993 0.123737 0.930065 0.133838
0 0.881699 0.138888 0.894771 0.148989
0 0.916993 0.138888 0.930065 0.148989
0 0.526340 0.205808 0.776471 0.219696
0 0.670588 0.227273 0.787010 0.242423
0 0.823529 0.242423 0.941176 0.257573
0 0.823529 0.257577 0.941176 0.272727
0 0.058824 0.378788 0.198775 0.393941
0 0.200000 0.378788 0.304657 0.393941
0 0.305882 0.378788 0.364706 0.393941
0 0.364706 0.378788 0.423529 0.393941
0 0.423529 0.378788 0.494118 0.393941
0 0.494118 0.378788 0.598775 0.393941
0 0.600000 0.378788 0.704657 0.393941
0 0.705882 0.378788 0.822304 0.393941
0 0.823529 0.378788 0.941176 0.393941
0 0.058824 0.409092 0.198775 0.424245
0 0.200000 0.409092 0.304657 0.424245
0 0.305882 0.409092 0.364706 0.424245
0 0.364706 0.409092 0.423529 0.424245
0 0.423529 0.409092 0.494118 0.424245
0 0.494118 0.409092 0.598775 0.424245
0 0.600000 0.409092 0.704657 0.424245
0 0.705882 0.409092 0.822304 0.424245
0 0.823529 0.409092 0.941176 0.424245
0 0.705882 0.431817 0.822304 0.446968
0 0.823529 0.431817 0.941176 0.446968
0 0.670588 0.454545 0.787010 0.469696
0 0.823529 0.469696 0.941176 0.484846
0 0.823529 0.484850 0.941176 0.500000
0 0.670588 0.500000 0.787010 0.515150
0 0.760131 0.547347 0.773203 0.557448
0 0.823529 0.545455 0.941176 0.560605
0 0.823529 0.560605 0.941176 0.575755
0 0.823529 0.590909 0.941176 0.606059
0 0.823529 0.606059 0.941176 0.621210
0 0.105882 0.640152 0.118954 0.650253
0 0.105882 0.668561 0.118954 0.678662
0 0.058824 0.709595 0.751716 0.727273
0 0.752941 0.709595 0.941176 0.727273
0 0.058824 0.739899 0.941176 0.757577
0 0.142810 0.853535 0.387010 0.871213
0 0.787547 0.845328 0.800619 0.855429
0 0.823529 0.853535 0.941176 0.871213
0 0.218482 0.871213 0.704657 0.886364
0 0.232562 0.886364 0.704657 0.901514
0 0.771064 0.871213 0.941176 0.886364
0 0.771242 0.886364 0.941176 0.901514
