0 0.788235 0.757566 0.937908 0.772719
0 0.156209 0.787871 0.516422 0.803023
0 0.519281 0.787871 0.751716 0.803023
0 0.752941 0.787871 0.941176 0.803023
0 0.156209 0.833325 0.516422 0.848478
0 0.519281 0.833325 0.751716 0.848478
0 0.752941 0.833325 0.941176 0.848478
0 0.156209 0.863629 0.941176 0.878782
0 0.156209 0.893929 0.681127 0.909082
0 0.682353 0.893929 0.811765 0.909082
0 0.811765 0.893929 0.941176 0.909082
0 0.156209 0.924233 0.516422 0.939386
0 0.519281 0.924233 0.751716 0.939386
0 0.752941 0.924233 0.941176 0.939386
