0 0.174837 0.169188 0.176471 0.196966
0 0.177696 0.181814 0.292892 0.196966
0 0.295343 0.181814 0.398775 0.196966
0 0.401225 0.181814 0.587010 0.196966
0 0.589461 0.181814 0.704657 0.196966
0 0.707108 0.181814 0.822304 0.196966
0 0.824755 0.181814 0.939542 0.196966
0 0.174837 0.196966 0.176471 0.227270
0 0.177696 0.212118 0.292892 0.227270
0 0.295343 0.212118 0.398775 0.227270
0 0.401225 0.212118 0.587010 0.227270
0 0.589461 0.212118 0.704657 0.227270
0 0.707108 0.212118 0.822304 0.227270
0 0.824755 0.212118 0.939542 0.227270
0 0.174837 0.227270 0.176471 0.257574
0 0.177696 0.242422 0.292892 0.257574
0 0.295343 0.242422 0.398775 0.257574
0 0.401225 0.242422 0.587010 0.257574
0 0.589461 0.242422 0.704657 0.257574
0 0.707108 0.242422 0.822304 0.257574
0 0.824755 0.242422 0.939542 0.257574
0 0.174837 0.257574 0.176471 0.287878
0 0.177696 0.272726 0.292892 0.287878
0 0.295343 0.272726 0.398775 0.287878
0 0.401225 0.272726 0.587010 0.287878
0 0.589461 0.272726 0.704657 0.287878
0 0.707108 0.272726 0.822304 0.287878
0 0.824755 0.272726 0.939542 0.287878
0 0.589461 0.303026 0.704657 0.318179
0 0.707108 0.303026 0.822304 0.318179
0 0.824755 0.303026 0.939542 0.318179
