0 0.058824 0.133840 0.645833 0.151518
0 0.647059 0.133840 0.941176 0.151518
0 0.105882 0.214646 0.118954 0.224747
0 0.105882 0.229797 0.118954 0.239898
0 0.105882 0.244947 0.118954 0.255048
0 0.105882 0.260101 0.118954 0.270202
0 0.105882 0.275251 0.118954 0.285352
0 0.105882 0.290401 0.118954 0.300503
0 0.105882 0.305556 0.118954 0.315657
0 0.105882 0.320706 0.118954 0.330807
0 0.105882 0.335856 0.118954 0.345957
0 0.105882 0.351010 0.118954 0.361111
0 0.105882 0.366160 0.118954 0.376261
0 0.447059 0.214646 0.460131 0.224747
0 0.447059 0.229797 0.460131 0.239898
0 0.447059 0.244947 0.460131 0.255048
0 0.447059 0.260101 0.460131 0.270202
0 0.447059 0.275251 0.460131 0.285352
0 0.447059 0.290401 0.460131 0.300503
0 0.447059 0.305556 0.460131 0.315657
0 0.447059 0.320706 0.460131 0.330807
0 0.447059 0.335856 0.460131 0.345957
0 0.447059 0.351010 0.460131 0.361111
