0 0.045455 0.153593 0.789962 0.176471
0 0.792172 0.153593 0.954545 0.176471
0 0.772727 0.196077 0.845455 0.215683
0 0.863636 0.196077 0.936364 0.215683
0 0.500000 0.235289 0.589962 0.254895
0 0.590909 0.235289 0.680871 0.254895
0 0.681818 0.235289 0.771780 0.254895
0 0.772727 0.235289 0.862689 0.254895
0 0.863636 0.235289 0.954545 0.254895
0 0.500000 0.254895 0.589962 0.274502
0 0.590909 0.254895 0.680871 0.274502
0 0.681818 0.254895 0.771780 0.274502
0 0.772727 0.254895 0.862689 0.274502
0 0.863636 0.254895 0.954545 0.274502
0 0.500000 0.284306 0.589962 0.303913
0 0.590909 0.284306 0.680871 0.303913
0 0.681818 0.284306 0.771780 0.303913
0 0.772727 0.284306 0.862689 0.303913
0 0.863636 0.284306 0.954545 0.303913
0 0.500000 0.323520 0.589962 0.343126
0 0.590909 0.323520 0.680871 0.343126
0 0.681818 0.323520 0.771780 0.343126
0 0.772727 0.323520 0.862689 0.343126
0 0.863636 0.323520 0.954545 0.343126
0 0.500000 0.343126 0.589962 0.362732
0 0.590909 0.343126 0.680871 0.362732
0 0.681818 0.343126 0.771780 0.362732
0 0.772727 0.343126 0.862689 0.362732
0 0.863636 0.343126 0.954545 0.362732
0 0.500000 0.362732 0.589962 0.382338
0 0.590909 0.362732 0.680871 0.382338
0 0.681818 0.362732 0.771780 0.382338
0 0.772727 0.362732 0.862689 0.382338
0 0.863636 0.362732 0.954545 0.382338
0 0.500000 0.382338 0.589962 0.401944
0 0.590909 0.382338 0.680871 0.401944
0 0.681818 0.382338 0.771780 0.401944
0 0.772727 0.382338 0.862689 0.401944
0 0.863636 0.382338 0.954545 0.401944
0 0.500000 0.401944 0.589962 0.421551
0 0.590909 0.401944 0.680871 0.421551
0 0.681818 0.401944 0.771780 0.421551
0 0.772727 0.401944 0.862689 0.421551
0 0.863636 0.401944 0.954545 0.421551
0 0.500000 0.421551 0.589962 0.441157
0 0.590909 0.421551 0.680871 0.441157
0 0.681818 0.421551 0.771780 0.441157
0 0.772727 0.421551 0.862689 0.441157
0 0.863636 0.421551 0.954545 0.441157
0 0.500000 0.441157 0.589962 0.460763
0 0.590909 0.441157 0.680871 0.460763
0 0.681818 0.441157 0.771780 0.460763
0 0.772727 0.441157 0.862689 0.460763
0 0.863636 0.441157 0.954545 0.460763
0 0.500000 0.460763 0.589962 0.480369
0 0.590909 0.460763 0.680871 0.480369
0 0.681818 0.460763 0.771780 0.480369
0 0.772727 0.460763 0.862689 0.480369
0 0.863636 0.460763 0.954545 0.480369
0 0.500000 0.480369 0.589962 0.499975
0 0.590909 0.480369 0.680871 0.499975
0 0.681818 0.480369 0.771780 0.499975
0 0.772727 0.480369 0.862689 0.499975
0 0.863636 0.480369 0.954545 0.499975
0 0.500000 0.499975 0.589962 0.519582
0 0.590909 0.499975 0.680871 0.519582
0 0.681818 0.499975 0.771780 0.519582
0 0.772727 0.499975 0.862689 0.519582
0 0.863636 0.499975 0.954545 0.519582
0 0.136364 0.549021 0.226326 0.566966
0 0.136364 0.568627 0.226326 0.586572
0 0.500000 0.568600 0.589962 0.588206
0 0.590909 0.568600 0.680871 0.588206
0 0.681818 0.568600 0.771780 0.588206
0 0.772727 0.568600 0.862689 0.588206
0 0.863636 0.568600 0.953598 0.588206
0 0.500000 0.598010 0.589962 0.617618
0 0.590909 0.598010 0.680871 0.617618
0 0.681818 0.598010 0.771780 0.617618
0 0.772727 0.598010 0.862689 0.617618
0 0.863636 0.598010 0.953598 0.617618
0 0.167989 0.617645 0.463636 0.637252
0 0.081818 0.637252 0.463636 0.656858
0 0.500000 0.637225 0.589962 0.656835
0 0.590909 0.637225 0.680871 0.656835
0 0.681818 0.637225 0.771780 0.656835
0 0.772727 0.637225 0.862689 0.656835
0 0.863636 0.637225 0.954545 0.656835
0 0.500000 0.656835 0.589962 0.676441
0 0.590909 0.656835 0.680871 0.676441
0 0.681818 0.656835 0.771780 0.676441
0 0.772727 0.656835 0.862689 0.676441
0 0.863636 0.656835 0.954545 0.676441
0 0.500000 0.676441 0.589962 0.696047
0 0.590909 0.676441 0.680871 0.696047
0 0.681818 0.676441 0.771780 0.696047
0 0.772727 0.676441 0.862689 0.696047
0 0.863636 0.676441 0.954545 0.696047
0 0.863636 0.705882 0.954545 0.725489
0 0.183081 0.813729 0.408144 0.833335
0 0.409091 0.813729 0.500000 0.833335
0 0.500000 0.813729 0.590909 0.833335
0 0.590909 0.813729 0.680871 0.833335
0 0.681818 0.813729 0.771780 0.833335
0 0.772727 0.813729 0.862689 0.833335
0 0.863636 0.813729 0.954545 0.833335
0 0.183081 0.833335 0.408144 0.852941
0 0.409091 0.833335 0.500000 0.852941
0 0.500000 0.833335 0.590909 0.852941
0 0.590909 0.833335 0.680871 0.852941
0 0.681818 0.833335 0.771780 0.852941
0 0.772727 0.833335 0.862689 0.852941
0 0.863636 0.833335 0.954545 0.852941
0 0.183081 0.852941 0.408144 0.872547
0 0.409091 0.852941 0.500000 0.872547
0 0.500000 0.852941 0.590909 0.872547
0 0.590909 0.852941 0.680871 0.872547
0 0.681818 0.852941 0.771780 0.872547
0 0.772727 0.852941 0.862689 0.872547
0 0.863636 0.852941 0.954545 0.872547
0 0.183081 0.872547 0.408144 0.892154
0 0.409091 0.872547 0.500000 0.892154
0 0.500000 0.872547 0.590909 0.892154
0 0.590909 0.872547 0.680871 0.892154
0 0.681818 0.872547 0.771780 0.892154
0 0.772727 0.872547 0.862689 0.892154
0 0.863636 0.872547 0.954545 0.892154
0 0.183081 0.892154 0.408144 0.911760
0 0.409091 0.892154 0.500000 0.911760
0 0.500000 0.892154 0.590909 0.911760
0 0.590909 0.892154 0.680871 0.911760
0 0.681818 0.892154 0.771780 0.911760
0 0.772727 0.892154 0.862689 0.911760
0 0.863636 0.892154 0.954545 0.911760
0 0.777778 0.911765 0.858586 0.931371
0 0.863636 0.911765 0.954545 0.931371
0 0.863636 0.931371 0.954545 0.950977
