0 0.369281 0.078284 0.494118 0.093436
0 0.569281 0.078284 0.694118 0.093436
0 0.717647 0.078284 0.758170 0.093436
0 0.058824 0.111112 0.387010 0.128790
0 0.389869 0.111112 0.763480 0.128790
0 0.766340 0.111112 0.941176 0.128790
0 0.058824 0.141413 0.387010 0.159091
0 0.389869 0.141413 0.763480 0.159091
0 0.766340 0.141413 0.941176 0.159091
0 0.058824 0.171717 0.681127 0.189395
0 0.683987 0.171717 0.763072 0.189395
0 0.058824 0.202021 0.551307 0.219700
0 0.554575 0.202021 0.657190 0.219700
0 0.660458 0.202021 0.763072 0.219700
0 0.058824 0.232322 0.422304 0.250000
0 0.425163 0.232322 0.657598 0.250000
0 0.660458 0.232322 0.763480 0.250000
0 0.823529 0.235480 0.836601 0.245581
0 0.882353 0.235480 0.895425 0.245581
0 0.167972 0.252524 0.181044 0.262625
0 0.579737 0.252524 0.592809 0.262625
0 0.167972 0.267674 0.181044 0.277775
0 0.167972 0.282828 0.181044 0.292929
0 0.579737 0.282197 0.592809 0.292298
0 0.470588 0.310605 0.929412 0.325755
0 0.823529 0.349747 0.836601 0.359848
0 0.882353 0.349747 0.895425 0.359848
0 0.297384 0.366160 0.310456 0.376261
0 0.462090 0.366160 0.475162 0.376261
0 0.156208 0.381311 0.169279 0.391412
0 0.191502 0.403407 0.204574 0.413508
0 0.426796 0.403407 0.439868 0.413508
0 0.591502 0.403407 0.604574 0.413508
0 0.826796 0.403407 0.839868 0.413508
0 0.130227 0.493684 0.143299 0.503785
0 0.152941 0.446968 0.434069 0.462119
0 0.435294 0.446968 0.576471 0.462119
0 0.578105 0.446968 0.681127 0.462119
0 0.740523 0.449492 0.753595 0.459593
0 0.869935 0.449492 0.883007 0.459593
0 0.152941 0.462119 0.434069 0.477269
0 0.435294 0.462119 0.576471 0.477269
0 0.578105 0.462119 0.681127 0.477269
0 0.740523 0.464643 0.753595 0.474744
0 0.869935 0.464643 0.883007 0.474744
0 0.152941 0.477269 0.434069 0.492419
0 0.435294 0.477269 0.576471 0.492419
0 0.578105 0.477269 0.681127 0.492419
0 0.740523 0.479793 0.753595 0.489894
0 0.869935 0.479793 0.883007 0.489894
0 0.152941 0.492419 0.434069 0.507569
0 0.435294 0.492419 0.576471 0.507569
0 0.578105 0.492419 0.681127 0.507569
0 0.740523 0.494943 0.753595 0.505044
0 0.869935 0.494943 0.883007 0.505044
0 0.823529 0.507577 0.941176 0.522727
0 0.823529 0.522727 0.941176 0.537878
0 0.823529 0.537878 0.941176 0.553028
0 0.823529 0.553032 0.941176 0.568182
0 0.823529 0.568182 0.941176 0.583332
0 0.823529 0.583332 0.941176 0.598482
0 0.823529 0.598486 0.941176 0.613636
0 0.823529 0.613636 0.941176 0.628787
0 0.670588 0.628787 0.787010 0.643937
0 0.823529 0.643941 0.941176 0.659091
0 0.411765 0.659091 0.528186 0.674241
0 0.823529 0.659091 0.941176 0.674241
0 0.411765 0.674241 0.528186 0.689391
0 0.823529 0.674241 0.941176 0.689391
0 0.411765 0.689395 0.528186 0.704545
0 0.823529 0.689395 0.941176 0.704545
0 0.411765 0.704545 0.528186 0.719696
0 0.823529 0.704545 0.941176 0.719696
0 0.411765 0.719696 0.528186 0.734846
0 0.823529 0.719696 0.941176 0.734846
0 0.760131 0.737374 0.773203 0.747475
0 0.760131 0.752524 0.773203 0.762625
0 0.823529 0.750000 0.941176 0.765150
0 0.823529 0.765150 0.941176 0.780300
0 0.823529 0.780304 0.941176 0.795455
0 0.823529 0.795455 0.941176 0.810605
0 0.823529 0.810605 0.941176 0.825755
0 0.823529 0.825759 0.941176 0.840909
0 0.823529 0.840909 0.941176 0.856059
0 0.823529 0.856059 0.941176 0.871210
0 0.823529 0.871213 0.941176 0.886364
