0 0.376159 0.060607 0.500020 0.075758
0 0.524530 0.060607 0.547080 0.075758
0 0.617344 0.060607 0.741206 0.075758
0 0.765716 0.060607 0.788266 0.075758
0 0.107521 0.118690 0.481146 0.136369
0 0.484006 0.118690 0.728215 0.136369
0 0.731074 0.118690 0.941213 0.136369
0 0.107521 0.148996 0.481146 0.166675
0 0.484006 0.148996 0.728215 0.166675
0 0.731074 0.148996 0.941213 0.166675
0 0.107521 0.179301 0.481146 0.196980
0 0.107521 0.209603 0.481146 0.227282
0 0.482372 0.196978 0.611789 0.227282
0 0.611789 0.196978 0.729440 0.227282
0 0.731074 0.179301 0.941213 0.196980
0 0.731074 0.209603 0.941213 0.227282
0 0.058826 0.239909 0.692919 0.257587
0 0.695779 0.239476 0.941213 0.257587
0 0.058826 0.270214 0.481146 0.287893
0 0.484006 0.270214 0.941213 0.287893
0 0.105887 0.381642 0.118959 0.391743
0 0.105887 0.396796 0.118959 0.406898
0 0.105887 0.411947 0.118959 0.422049
0 0.511131 0.424258 0.941213 0.439409
0 0.638587 0.439413 0.941213 0.454564
0 0.823562 0.457404 0.836634 0.467505
0 0.882388 0.457404 0.895460 0.467505
0 0.329425 0.469715 0.941213 0.484866
0 0.823562 0.502544 0.836634 0.512646
0 0.882388 0.502544 0.895460 0.512646
0 0.317659 0.515171 0.941213 0.530322
0 0.823562 0.548001 0.836634 0.558102
0 0.882388 0.548001 0.895460 0.558102
0 0.823562 0.563152 0.836634 0.573253
0 0.882388 0.563152 0.895460 0.573253
0 0.823562 0.607661 0.836634 0.617762
0 0.882388 0.607661 0.895460 0.617762
0 0.576493 0.636389 0.941213 0.651540
0 0.400016 0.651540 0.941213 0.666691
0 0.288247 0.666695 0.405898 0.681846
0 0.582376 0.666695 0.700027 0.681846
0 0.835327 0.666695 0.941213 0.681846
0 0.823562 0.684370 0.836634 0.694471
0 0.882388 0.684370 0.895460 0.694471
0 0.823562 0.699521 0.836634 0.709622
0 0.882388 0.699521 0.895460 0.709622
0 0.823562 0.729826 0.836634 0.739928
0 0.882388 0.729826 0.895460 0.739928
0 0.400016 0.772758 0.494137 0.787909
0 0.517667 0.772758 0.941213 0.787909
0 0.400016 0.787909 0.494137 0.803060
0 0.517667 0.787909 0.941213 0.803060
0 0.400016 0.803064 0.494137 0.818215
0 0.517667 0.803064 0.941213 0.818215
0 0.400016 0.818215 0.494137 0.833366
0 0.517667 0.818215 0.941213 0.833366
0 0.211773 0.833366 0.376485 0.848517
0 0.400016 0.833366 0.494137 0.848517
0 0.517667 0.833366 0.941213 0.848517
0 0.823562 0.881346 0.836634 0.891448
0 0.882388 0.881346 0.895460 0.891448
0 0.376485 0.924279 0.941213 0.939429
0 0.105887 0.939433 0.941213 0.954584
