0 0.107516 0.093433 0.120588 0.103534
0 0.107516 0.108583 0.120588 0.118684
0 0.105882 0.136364 0.223529 0.151514
0 0.823529 0.136364 0.941176 0.151514
0 0.670588 0.151514 0.787010 0.166664
0 0.670588 0.166668 0.787010 0.181818
0 0.107516 0.229797 0.120588 0.239898
0 0.107516 0.260101 0.120588 0.270202
0 0.670588 0.287878 0.787010 0.303028
0 0.823529 0.303032 0.941176 0.318182
0 0.670588 0.318182 0.787010 0.333332
0 0.105882 0.348486 0.222304 0.363636
0 0.670588 0.348486 0.787010 0.363636
0 0.670588 0.363636 0.787010 0.378787
0 0.107516 0.396465 0.120588 0.406566
0 0.107516 0.411615 0.120588 0.421716
0 0.823529 0.409091 0.941176 0.424241
0 0.823529 0.424241 0.941176 0.439391
0 0.670588 0.439395 0.787010 0.454545
0 0.670588 0.469696 0.787010 0.484846
0 0.670588 0.484850 0.787010 0.500000
0 0.670588 0.530304 0.787010 0.545455
0 0.670588 0.575759 0.787010 0.590909
0 0.670588 0.621213 0.787010 0.636364
0 0.670588 0.666668 0.787010 0.681818
0 0.670588 0.696968 0.787010 0.712119
0 0.670588 0.712122 0.787010 0.727273
0 0.670588 0.727273 0.787010 0.742423
0 0.670588 0.757577 0.787010 0.772727
0 0.670588 0.772727 0.787010 0.787878
0 0.670588 0.787878 0.787010 0.803028
0 0.107516 0.820706 0.120588 0.830807
0 0.107516 0.835856 0.120588 0.845957
0 0.823529 0.833332 0.941176 0.848482
0 0.823529 0.848486 0.941176 0.863636
