0 0.823529 0.075759 0.941176 0.090909
0 0.823529 0.090909 0.941176 0.106059
0 0.823529 0.106059 0.941176 0.121210
0 0.823529 0.136364 0.941176 0.151514
0 0.823529 0.151514 0.941176 0.166664
0 0.823529 0.181818 0.941176 0.196968
0 0.823529 0.196968 0.941176 0.212119
0 0.823529 0.227273 0.941176 0.242423
0 0.823529 0.242423 0.941176 0.257573
0 0.823529 0.257577 0.941176 0.272727
0 0.823529 0.272727 0.941176 0.287878
0 0.823529 0.287878 0.941176 0.303028
0 0.823529 0.318182 0.941176 0.333332
0 0.823529 0.333332 0.941176 0.348482
0 0.670588 0.363636 0.787010 0.378787
0 0.823529 0.378787 0.941176 0.393937
0 0.823529 0.393941 0.941176 0.409091
0 0.823529 0.409091 0.941176 0.424241
0 0.823529 0.424241 0.941176 0.439391
0 0.823529 0.439395 0.941176 0.454545
0 0.823529 0.454545 0.941176 0.469696
0 0.823529 0.469696 0.941176 0.484846
0 0.670588 0.530304 0.787010 0.545455
0 0.670588 0.545455 0.787010 0.560605
0 0.670588 0.560605 0.787010 0.575755
0 0.823529 0.575759 0.941176 0.590909
0 0.670588 0.590909 0.787010 0.606059
0 0.670588 0.606059 0.787010 0.621210
0 0.670588 0.621213 0.787010 0.636364
0 0.670588 0.636364 0.787010 0.651514
0 0.823529 0.651514 0.941176 0.666664
0 0.823529 0.666668 0.941176 0.681818
0 0.823529 0.681818 0.941176 0.696968
0 0.823529 0.696968 0.941176 0.712119
0 0.823529 0.712122 0.941176 0.727273
0 0.823529 0.727273 0.941176 0.742423
0 0.258824 0.742423 0.776471 0.757573
0 0.823529 0.742423 0.941176 0.757573
0 0.823529 0.757577 0.941176 0.772727
0 0.823529 0.772727 0.941176 0.787878
0 0.823529 0.787878 0.941176 0.803028
