0 0.789869 0.757567 0.937908 0.772719
0 0.070588 0.803023 0.129412 0.848478
0 0.156209 0.787871 0.516422 0.803023
0 0.519281 0.787871 0.751716 0.803023
0 0.754575 0.787871 0.941176 0.803023
0 0.156209 0.833325 0.516422 0.848478
0 0.519281 0.833325 0.751716 0.848478
0 0.754575 0.833325 0.941176 0.848478
0 0.156209 0.863629 0.941176 0.878782
0 0.156209 0.893929 0.681127 0.909082
0 0.683987 0.893929 0.810539 0.909082
0 0.813399 0.893929 0.941176 0.909082
0 0.156209 0.924233 0.516422 0.939386
0 0.519281 0.924233 0.751716 0.939386
0 0.754575 0.924233 0.941176 0.939386
