0 0.058824 0.118686 0.728186 0.166664
0 0.729412 0.118686 0.941176 0.136364
0 0.729412 0.148990 0.941176 0.166668
0 0.105882 0.214646 0.118954 0.224747
0 0.105882 0.229797 0.118954 0.239898
0 0.105882 0.260101 0.118954 0.270202
0 0.105882 0.275251 0.118954 0.285352
0 0.105882 0.320706 0.118954 0.330807
0 0.105882 0.335856 0.118954 0.345957
0 0.670588 0.363636 0.787010 0.378787
0 0.670588 0.393941 0.788235 0.409091
0 0.823529 0.409091 0.941176 0.424241
0 0.823529 0.439395 0.941176 0.454545
0 0.823529 0.454545 0.941176 0.469696
0 0.670588 0.469696 0.787010 0.484846
0 0.823529 0.484850 0.941176 0.500000
0 0.670588 0.500000 0.787010 0.515150
0 0.823529 0.515150 0.941176 0.530300
0 0.823529 0.530304 0.941176 0.545455
0 0.823529 0.545455 0.941176 0.560605
0 0.823529 0.560605 0.941176 0.575755
0 0.823529 0.590909 0.941176 0.606059
0 0.823529 0.621213 0.941176 0.636364
0 0.823529 0.636364 0.941176 0.651514
0 0.823529 0.666668 0.941176 0.681818
0 0.823529 0.681818 0.941176 0.696968
0 0.823529 0.696968 0.941176 0.712119
0 0.823529 0.712122 0.941176 0.727273
0 0.823529 0.727273 0.941176 0.742423
0 0.823529 0.742423 0.941176 0.757573
0 0.823529 0.757577 0.941176 0.772727
0 0.823529 0.772727 0.941176 0.787878
0 0.823529 0.787878 0.941176 0.803028
0 0.105882 0.837120 0.118954 0.847221
0 0.105882 0.866160 0.118954 0.876261
