0 0.369281 0.078284 0.494118 0.093436
0 0.569281 0.078284 0.694118 0.093436
0 0.717647 0.078284 0.758170 0.093436
0 0.058824 0.111112 0.387010 0.128790
0 0.389869 0.111112 0.763480 0.128790
0 0.764706 0.111112 0.941176 0.128790
0 0.058824 0.141413 0.387010 0.159091
0 0.389869 0.141413 0.763480 0.159091
0 0.764706 0.141413 0.941176 0.159091
0 0.058824 0.171717 0.681127 0.189395
0 0.683987 0.171717 0.763072 0.189395
0 0.058824 0.202021 0.551716 0.219700
0 0.554575 0.202021 0.657190 0.219700
0 0.660458 0.202021 0.763072 0.219700
0 0.058824 0.232322 0.410539 0.250000
0 0.413399 0.232322 0.645833 0.250000
0 0.648693 0.232322 0.763072 0.250000
0 0.811765 0.236111 0.824837 0.246212
0 0.870588 0.236111 0.883660 0.246212
0 0.156208 0.260101 0.169279 0.270202
0 0.250325 0.260101 0.263397 0.270202
0 0.685619 0.260101 0.698691 0.270202
0 0.156208 0.275251 0.169279 0.285352
0 0.403266 0.275251 0.416338 0.285352
0 0.600000 0.303032 0.941176 0.318182
0 0.811765 0.357321 0.824837 0.367422
0 0.870588 0.357321 0.883660 0.367422
0 0.344443 0.373737 0.357515 0.383838
0 0.556207 0.373737 0.569279 0.383838
0 0.156208 0.388888 0.169279 0.398989
0 0.391502 0.411615 0.404574 0.421716
0 0.709149 0.411615 0.722221 0.421716
0 0.391502 0.426765 0.404574 0.436866
0 0.709149 0.426765 0.722221 0.436866
0 0.130227 0.521463 0.143299 0.531564
0 0.154167 0.477273 0.434069 0.492423
0 0.435294 0.477273 0.576471 0.492423
0 0.578105 0.477273 0.681127 0.492423
0 0.741503 0.479797 0.754575 0.489898
0 0.870915 0.479797 0.883987 0.489898
0 0.154167 0.492423 0.434069 0.507573
0 0.435294 0.492423 0.576471 0.507573
0 0.578105 0.492423 0.681127 0.507573
0 0.741503 0.494947 0.754575 0.505048
0 0.870915 0.494947 0.883987 0.505048
0 0.154167 0.507573 0.434069 0.522723
0 0.435294 0.507573 0.576471 0.522723
0 0.578105 0.507573 0.681127 0.522723
0 0.741503 0.510097 0.754575 0.520198
0 0.870915 0.510097 0.883987 0.520198
0 0.154167 0.522723 0.434069 0.537874
0 0.435294 0.522723 0.576471 0.537874
0 0.578105 0.522723 0.681127 0.537874
0 0.741503 0.525247 0.754575 0.535348
0 0.870915 0.525247 0.883987 0.535348
0 0.823529 0.545455 0.941176 0.560605
0 0.823529 0.568182 0.941176 0.583332
0 0.823529 0.590909 0.941176 0.606059
0 0.823529 0.613636 0.941176 0.628787
0 0.823529 0.636364 0.941176 0.651514
0 0.823529 0.659091 0.941176 0.674241
0 0.823529 0.681818 0.941176 0.696968
0 0.823529 0.704545 0.941176 0.719696
0 0.670588 0.727273 0.787010 0.742423
0 0.823529 0.750000 0.941176 0.765150
0 0.435294 0.772726 0.551716 0.787878
0 0.823529 0.772727 0.941176 0.787878
0 0.435294 0.795453 0.551716 0.810605
0 0.823529 0.795455 0.941176 0.810605
0 0.435294 0.818181 0.551716 0.833332
0 0.823529 0.818182 0.941176 0.833332
0 0.435294 0.840908 0.551716 0.856059
0 0.823529 0.840909 0.941176 0.856059
0 0.435294 0.863635 0.551716 0.878787
0 0.823529 0.863636 0.941176 0.878787
0 0.760131 0.904038 0.773203 0.914139
