0 0.823529 0.083332 0.941176 0.098482
0 0.760131 0.123737 0.773203 0.133838
0 0.823529 0.121213 0.941176 0.136364
0 0.305882 0.143941 0.517647 0.159091
0 0.615033 0.147096 0.628105 0.157197
0 0.709150 0.147096 0.722222 0.157197
0 0.305882 0.166668 0.705882 0.181818
0 0.670588 0.212122 0.787010 0.227273
0 0.823529 0.250000 0.941176 0.265150
0 0.670588 0.272727 0.787010 0.287878
0 0.685621 0.305240 0.698693 0.315341
0 0.862091 0.305240 0.875163 0.315341
0 0.235294 0.318182 0.470588 0.348486
0 0.529412 0.318182 0.682353 0.348486
0 0.823529 0.333332 0.941176 0.348482
0 0.531046 0.401515 0.751716 0.424241
0 0.823529 0.409091 0.941176 0.424241
0 0.531046 0.439393 0.751716 0.462119
0 0.823529 0.446968 0.941176 0.462119
0 0.223529 0.462122 0.447059 0.477273
0 0.532026 0.462122 0.941176 0.477273
0 0.152941 0.492424 0.363480 0.507577
0 0.729412 0.492424 0.823529 0.507577
0 0.835294 0.494947 0.848366 0.505048
0 0.237909 0.507577 0.751716 0.522727
0 0.821569 0.507577 0.941176 0.522727
0 0.250980 0.522727 0.751716 0.537878
0 0.821569 0.522727 0.941176 0.537878
