0 0.369281 0.151514 0.454248 0.166667
0 0.486928 0.151514 0.571895 0.166667
0 0.604575 0.151514 0.689542 0.166667
0 0.722222 0.151514 0.807190 0.166667
0 0.839869 0.151514 0.924837 0.166667
0 0.352941 0.181818 0.469363 0.196968
0 0.470588 0.181818 0.587010 0.196968
0 0.588235 0.181818 0.704657 0.196968
0 0.705882 0.181818 0.822304 0.196968
0 0.823529 0.181818 0.941176 0.196968
0 0.352941 0.212120 0.469363 0.227273
0 0.470588 0.212120 0.587010 0.227273
0 0.588235 0.212120 0.704657 0.227273
0 0.705882 0.212120 0.822304 0.227273
0 0.823529 0.212120 0.941176 0.227273
0 0.352941 0.242424 0.469363 0.257577
0 0.470588 0.242424 0.587010 0.257577
0 0.588235 0.242424 0.704657 0.257577
0 0.705882 0.242424 0.822304 0.257577
0 0.823529 0.242424 0.941176 0.257577
0 0.352941 0.257577 0.469363 0.272727
0 0.470588 0.257577 0.587010 0.272727
0 0.588235 0.257577 0.704657 0.272727
0 0.705882 0.257577 0.822304 0.272727
0 0.823529 0.257577 0.941176 0.272727
0 0.352941 0.272727 0.469363 0.287878
0 0.470588 0.272727 0.587010 0.287878
0 0.588235 0.272727 0.704657 0.287878
0 0.705882 0.272727 0.822304 0.287878
0 0.823529 0.272727 0.941176 0.287878
0 0.352941 0.318181 0.447059 0.333332
0 0.470588 0.318181 0.564706 0.333332
0 0.588235 0.318181 0.682353 0.333332
0 0.705882 0.318181 0.800000 0.333332
0 0.823529 0.318181 0.917647 0.333332
0 0.352941 0.348484 0.469363 0.363636
0 0.470588 0.348484 0.587010 0.363636
0 0.588235 0.348484 0.704657 0.363636
0 0.705882 0.348484 0.822304 0.363636
0 0.823529 0.348484 0.941176 0.363636
0 0.352941 0.409091 0.469363 0.424241
0 0.470588 0.409091 0.587010 0.424241
0 0.588235 0.409091 0.704657 0.424241
0 0.705882 0.409091 0.822304 0.424241
0 0.823529 0.409091 0.941176 0.424241
0 0.352941 0.499997 0.469363 0.515150
0 0.470588 0.499997 0.587010 0.515150
0 0.588235 0.499997 0.704657 0.515150
0 0.705882 0.499997 0.822304 0.515150
0 0.823529 0.499997 0.941176 0.515150
0 0.352941 0.530302 0.469363 0.545455
0 0.470588 0.530302 0.587010 0.545455
0 0.588235 0.530302 0.704657 0.545455
0 0.705882 0.530302 0.822304 0.545455
0 0.823529 0.530302 0.941176 0.545455
0 0.352941 0.575758 0.469363 0.590909
0 0.470588 0.575758 0.587010 0.590909
0 0.588235 0.575758 0.704657 0.590909
0 0.705882 0.575758 0.822304 0.590909
0 0.823529 0.575758 0.941176 0.590909
0 0.352941 0.621212 0.447059 0.636364
0 0.470588 0.621212 0.564706 0.636364
0 0.588235 0.621212 0.682353 0.636364
0 0.705882 0.621212 0.800000 0.636364
0 0.823529 0.621212 0.917647 0.636364
0 0.352941 0.651515 0.469363 0.666668
0 0.470588 0.651515 0.587010 0.666668
0 0.588235 0.651515 0.704657 0.666668
0 0.705882 0.651515 0.822304 0.666668
0 0.823529 0.651515 0.941176 0.666668
0 0.352941 0.712122 0.469363 0.727273
0 0.470588 0.712122 0.587010 0.727273
0 0.588235 0.712122 0.704657 0.727273
0 0.705882 0.712122 0.822304 0.727273
0 0.823529 0.712122 0.941176 0.727273
0 0.058824 0.770203 0.704657 0.787881
0 0.705882 0.770203 0.941176 0.787881
0 0.058824 0.800504 0.587010 0.818182
0 0.058824 0.830808 0.587010 0.848486
0 0.216993 0.848482 0.282353 0.863633
0 0.588235 0.848482 0.704657 0.863633
0 0.705882 0.848482 0.822304 0.863633
0 0.823529 0.848482 0.941176 0.863633
0 0.216993 0.863633 0.282353 0.878783
0 0.588235 0.863633 0.704657 0.878783
0 0.705882 0.863633 0.822304 0.878783
0 0.823529 0.863633 0.941176 0.878783
0 0.216993 0.878783 0.282353 0.893933
0 0.588235 0.878783 0.704657 0.893933
0 0.705882 0.878783 0.822304 0.893933
0 0.823529 0.878783 0.941176 0.893933
0 0.216993 0.893933 0.282353 0.909083
0 0.588235 0.893933 0.704657 0.909083
0 0.705882 0.893933 0.822304 0.909083
0 0.823529 0.893933 0.941176 0.909083
0 0.216993 0.909083 0.282353 0.924234
0 0.588235 0.909083 0.704657 0.924234
0 0.705882 0.909083 0.822304 0.924234
0 0.823529 0.909083 0.941176 0.924234
0 0.588235 0.939385 0.704657 0.954538
0 0.705882 0.939385 0.822304 0.954538
0 0.823529 0.939385 0.941176 0.954538
