0 0.058824 0.133840 0.622304 0.151518
0 0.623529 0.133840 0.941176 0.151518
0 0.058824 0.164140 0.622304 0.181818
0 0.623529 0.164140 0.941176 0.181818
0 0.125817 0.196968 0.282353 0.212119
0 0.305882 0.196968 0.329412 0.212119
0 0.396405 0.196968 0.552941 0.212119
0 0.576471 0.196968 0.600000 0.212119
0 0.125817 0.242423 0.282353 0.257573
0 0.305882 0.242423 0.329412 0.257573
0 0.396405 0.242423 0.552941 0.257573
0 0.576471 0.242423 0.600000 0.257573
0 0.682353 0.209596 0.800000 0.224749
0 0.823529 0.209596 0.941176 0.224749
0 0.588235 0.303032 0.704657 0.318182
0 0.705882 0.303032 0.822304 0.318182
0 0.823529 0.303032 0.941176 0.318182
0 0.588235 0.318182 0.704657 0.333332
0 0.705882 0.318182 0.822304 0.333332
0 0.823529 0.318182 0.941176 0.333332
0 0.588235 0.348484 0.704657 0.363636
0 0.705882 0.348484 0.822304 0.363636
0 0.823529 0.348484 0.941176 0.363636
0 0.588235 0.378788 0.704657 0.393941
0 0.705882 0.378788 0.822304 0.393941
0 0.823529 0.378788 0.941176 0.393941
0 0.197386 0.424245 0.541176 0.439395
0 0.588235 0.424245 0.704657 0.439395
0 0.705882 0.424245 0.822304 0.439395
0 0.823529 0.424245 0.941176 0.439395
0 0.197386 0.439395 0.541176 0.454545
0 0.588235 0.439395 0.704657 0.454545
0 0.705882 0.439395 0.822304 0.454545
0 0.823529 0.439395 0.941176 0.454545
0 0.197386 0.454545 0.541176 0.469696
0 0.588235 0.454545 0.704657 0.469696
0 0.705882 0.454545 0.822304 0.469696
0 0.823529 0.454545 0.941176 0.469696
0 0.197386 0.469696 0.541176 0.484846
0 0.588235 0.469696 0.704657 0.484846
0 0.705882 0.469696 0.822304 0.484846
0 0.823529 0.469696 0.941176 0.484846
0 0.588235 0.484846 0.704657 0.499996
0 0.705882 0.484846 0.822304 0.499996
0 0.823529 0.484846 0.941176 0.499996
