0 0.529412 0.046716 0.545752 0.059342
0 0.670588 0.046716 0.686928 0.059342
0 0.176471 0.121213 0.211765 0.136364
0 0.216451 0.121213 0.247059 0.136364
0 0.251745 0.121213 0.305882 0.136364
0 0.376471 0.121213 0.411765 0.136364
0 0.416451 0.121213 0.447059 0.136364
0 0.451745 0.121213 0.505882 0.136364
0 0.058824 0.209595 0.517647 0.242423
0 0.060458 0.255049 0.516422 0.318182
0 0.060458 0.330808 0.516422 0.439395
0 0.081672 0.456439 0.101279 0.471591
0 0.117647 0.469696 0.223529 0.484846
0 0.083023 0.498107 0.102631 0.513259
0 0.058824 0.558081 0.517647 0.575759
0 0.060458 0.588385 0.516422 0.893941
0 0.082353 0.901516 0.101961 0.916668
0 0.294118 0.901516 0.313725 0.916668
0 0.552941 0.103535 0.728186 0.121213
0 0.552941 0.133840 0.728186 0.151518
0 0.552941 0.164140 0.728186 0.181818
0 0.552941 0.194444 0.728186 0.212122
0 0.552941 0.224749 0.728186 0.242427
0 0.552941 0.255049 0.728186 0.272727
0 0.552941 0.285354 0.728186 0.303032
0 0.552941 0.331441 0.728186 0.348486
0 0.552941 0.361112 0.728186 0.378790
0 0.552941 0.391413 0.728186 0.409091
0 0.552941 0.421717 0.728186 0.439395
0 0.517647 0.452021 0.552941 0.469700
0 0.552941 0.452021 0.728186 0.469700
0 0.517647 0.484847 0.552941 0.500000
0 0.552941 0.484847 0.728186 0.500000
0 0.517647 0.515152 0.552941 0.530304
0 0.552941 0.515152 0.728186 0.530304
0 0.552941 0.542931 0.728186 0.560609
0 0.729412 0.103535 0.764706 0.121213
0 0.764706 0.103535 0.939951 0.121213
0 0.729412 0.136365 0.764706 0.151518
0 0.764706 0.136365 0.939951 0.151518
0 0.729412 0.166665 0.764706 0.181818
0 0.764706 0.166665 0.939951 0.181818
0 0.729412 0.196970 0.764706 0.212122
0 0.764706 0.196970 0.939951 0.212122
0 0.729412 0.227274 0.764706 0.242427
0 0.764706 0.227274 0.939951 0.242427
0 0.729412 0.255049 0.764706 0.272727
0 0.764706 0.255049 0.939951 0.272727
0 0.729412 0.287879 0.764706 0.303032
0 0.764706 0.287879 0.939951 0.303032
0 0.729412 0.318183 0.764706 0.333336
0 0.764706 0.318183 0.939951 0.333336
0 0.729412 0.348484 0.764706 0.363636
0 0.764706 0.348484 0.939951 0.363636
0 0.729412 0.378788 0.764706 0.393941
0 0.764706 0.378788 0.939951 0.393941
0 0.729412 0.406567 0.764706 0.424245
0 0.764706 0.406567 0.939951 0.424245
0 0.729412 0.439393 0.764706 0.454545
0 0.764706 0.439393 0.939951 0.454545
0 0.729412 0.469697 0.764706 0.484850
0 0.764706 0.469697 0.939951 0.484850
0 0.729412 0.497476 0.764706 0.515154
0 0.764706 0.497476 0.939951 0.515154
0 0.729412 0.530302 0.764706 0.545455
0 0.764706 0.530302 0.939951 0.545455
0 0.729412 0.560606 0.764706 0.575759
0 0.764706 0.560606 0.939951 0.575759
0 0.729412 0.590910 0.764706 0.606063
0 0.764706 0.590910 0.939951 0.606063
0 0.729412 0.621211 0.764706 0.636364
0 0.764706 0.621211 0.939951 0.636364
0 0.729412 0.651515 0.764706 0.666668
0 0.764706 0.651515 0.939951 0.666668
