0 0.458841 0.085862 0.611789 0.101013
0 0.647084 0.085862 0.682380 0.101013
0 0.058826 0.148996 0.494137 0.166675
0 0.058826 0.179301 0.494137 0.257587
0 0.494137 0.148996 0.941213 0.166675
0 0.495771 0.179301 0.941213 0.257587
0 0.670615 0.257587 0.941213 0.272738
0 0.223538 0.287889 0.352955 0.303040
0 0.223538 0.303044 0.352955 0.318195
0 0.423546 0.333346 0.552963 0.348496
0 0.482372 0.363651 0.611789 0.378802
0 0.482372 0.378802 0.941213 0.393953
0 0.294129 0.396477 0.307202 0.406578
0 0.482372 0.396477 0.495444 0.406578
0 0.058826 0.500020 0.187017 0.530326
0 0.188243 0.500020 0.316434 0.530326
0 0.317659 0.500020 0.434086 0.530326
0 0.435311 0.500020 0.551737 0.530326
0 0.559499 0.500020 0.675843 0.530326
0 0.688916 0.500020 0.805260 0.530326
0 0.811797 0.500020 0.941213 0.530326
0 0.623554 0.575782 0.728215 0.590933
0 0.729440 0.575782 0.763510 0.590933
0 0.800031 0.606084 0.904692 0.621235
0 0.905918 0.606084 0.941213 0.621235
0 0.623554 0.651540 0.728215 0.666691
0 0.729440 0.651540 0.763510 0.666691
0 0.800031 0.681846 0.904692 0.696997
0 0.905918 0.681846 0.941213 0.696997
0 0.800031 0.727302 0.904692 0.742453
0 0.905918 0.727302 0.941213 0.742453
0 0.623554 0.803064 0.728215 0.818215
0 0.729440 0.803064 0.763510 0.818215
0 0.800031 0.848520 0.904692 0.863671
0 0.905918 0.848520 0.941213 0.863671
