0 0.788266 0.084599 0.941213 0.099750
0 0.131051 0.133845 0.751745 0.151524
0 0.754605 0.133845 0.941213 0.151524
0 0.131051 0.164147 0.941213 0.181826
0 0.131051 0.194452 0.751745 0.212131
0 0.754605 0.194452 0.941213 0.212131
0 0.058826 0.224758 0.941213 0.242437
0 0.423546 0.257587 0.941213 0.272738
0 0.816230 0.272738 0.941213 0.287889
0 0.522672 0.287889 0.635319 0.303040
0 0.058826 0.366175 0.071898 0.376277
0 0.341190 0.366175 0.354262 0.376277
0 0.623554 0.366175 0.636626 0.376277
0 0.058826 0.426782 0.071898 0.436884
0 0.341190 0.426782 0.354262 0.436884
0 0.059644 0.472239 0.072717 0.482340
0 0.082356 0.548001 0.095429 0.558102
0 0.141182 0.548001 0.154254 0.558102
0 0.605252 0.560627 0.811797 0.575778
0 0.294129 0.638282 0.307202 0.648384
0 0.352955 0.638282 0.366027 0.648384
0 0.223538 0.668588 0.236611 0.678689
0 0.282364 0.668588 0.295436 0.678689
0 0.670615 0.729195 0.683687 0.739296
0 0.729440 0.729195 0.742513 0.739296
0 0.188243 0.771495 0.352955 0.786645
0 0.211773 0.790433 0.224845 0.800535
0 0.388251 0.790433 0.401323 0.800535
0 0.388251 0.805588 0.401323 0.815690
0 0.552963 0.805588 0.566035 0.815690
0 0.482372 0.835259 0.495444 0.845360
0 0.541198 0.835259 0.554270 0.845360
