0 0.045455 0.093624 0.799053 0.117647
0 0.800000 0.094770 0.954545 0.117647
0 0.836364 0.156864 0.954545 0.176471
0 0.836364 0.176471 0.954545 0.196077
0 0.836364 0.196077 0.954545 0.215683
0 0.836364 0.215688 0.954545 0.235294
0 0.836364 0.235294 0.954545 0.254900
0 0.836364 0.254900 0.954545 0.274507
0 0.836364 0.274511 0.954545 0.294118
0 0.836364 0.294118 0.954545 0.313724
0 0.836364 0.313724 0.954545 0.333330
0 0.836364 0.333335 0.954545 0.352941
0 0.481818 0.421565 0.599053 0.441172
0 0.600000 0.421565 0.717235 0.441172
0 0.718182 0.421565 0.835417 0.441172
0 0.836364 0.421565 0.954545 0.441172
0 0.481818 0.441172 0.599053 0.460778
0 0.600000 0.441172 0.717235 0.460778
0 0.718182 0.441172 0.835417 0.460778
0 0.836364 0.441172 0.954545 0.460778
0 0.481818 0.460778 0.599053 0.480384
0 0.600000 0.460778 0.717235 0.480384
0 0.718182 0.460778 0.835417 0.480384
0 0.836364 0.460778 0.954545 0.480384
0 0.836364 0.480394 0.954545 0.500000
0 0.600004 0.558819 0.717239 0.578425
0 0.718186 0.558819 0.835420 0.578425
0 0.836367 0.558819 0.954549 0.578425
0 0.600004 0.578425 0.717239 0.598031
0 0.718186 0.578425 0.835420 0.598031
0 0.836367 0.578425 0.954549 0.598031
0 0.600004 0.598031 0.717239 0.617637
0 0.718186 0.598031 0.835420 0.617637
0 0.836367 0.598031 0.954549 0.617637
0 0.600004 0.637243 0.717239 0.656850
0 0.718186 0.637243 0.835420 0.656850
0 0.836367 0.637243 0.954549 0.656850
0 0.600004 0.656850 0.717239 0.676456
0 0.718186 0.656850 0.835420 0.676456
0 0.836367 0.656850 0.954549 0.676456
0 0.600004 0.676456 0.717239 0.696062
0 0.718186 0.676456 0.835420 0.696062
0 0.836367 0.676456 0.954549 0.696062
0 0.600004 0.696062 0.717239 0.715668
0 0.718186 0.696062 0.835420 0.715668
0 0.836367 0.696062 0.954549 0.715668
0 0.600004 0.715668 0.717239 0.735275
0 0.718186 0.715668 0.835420 0.735275
0 0.836367 0.715668 0.954549 0.735275
0 0.600004 0.735275 0.717239 0.754881
0 0.718186 0.735275 0.835420 0.754881
0 0.836367 0.735275 0.954549 0.754881
0 0.125758 0.794093 0.190909 0.813699
0 0.600004 0.794093 0.717239 0.813704
0 0.718186 0.794093 0.835420 0.813704
0 0.836367 0.794093 0.954549 0.813704
0 0.125758 0.813704 0.190909 0.833310
0 0.600004 0.813704 0.717239 0.833310
0 0.718186 0.813704 0.835420 0.833310
0 0.836367 0.813704 0.954549 0.833310
0 0.125758 0.833310 0.190909 0.852922
0 0.600004 0.833310 0.717239 0.852922
0 0.718186 0.833310 0.835420 0.852922
0 0.836367 0.833310 0.954549 0.852922
0 0.125758 0.872547 0.190909 0.892154
0 0.836364 0.872547 0.954545 0.892154
0 0.125758 0.892158 0.190909 0.911765
0 0.836364 0.892158 0.954545 0.911765
0 0.125758 0.911765 0.190909 0.931371
0 0.836364 0.911765 0.954545 0.931371
