0 0.045455 0.094770 0.344508 0.117647
0 0.345455 0.094770 0.500000 0.117647
0 0.501263 0.094770 0.799053 0.117647
0 0.800000 0.094770 0.954545 0.117647
0 0.072727 0.294118 0.254419 0.313724
0 0.254419 0.294118 0.363510 0.313724
0 0.363510 0.294118 0.480745 0.313724
0 0.481692 0.294118 0.598927 0.313724
0 0.599874 0.294118 0.717109 0.313724
0 0.718056 0.294118 0.835290 0.313724
0 0.836237 0.294118 0.954419 0.313724
0 0.072727 0.313724 0.254419 0.333330
0 0.254419 0.313724 0.363510 0.333330
0 0.363510 0.313724 0.480745 0.333330
0 0.481692 0.313724 0.598927 0.333330
0 0.599874 0.313724 0.717109 0.333330
0 0.718056 0.313724 0.835290 0.333330
0 0.836237 0.313724 0.954419 0.333330
0 0.072727 0.333330 0.254419 0.352936
0 0.254419 0.333330 0.363510 0.352936
0 0.363510 0.333330 0.480745 0.352936
0 0.481692 0.333330 0.598927 0.352936
0 0.599874 0.333330 0.717109 0.352936
0 0.718056 0.333330 0.835290 0.352936
0 0.836237 0.333330 0.954419 0.352936
0 0.072727 0.352936 0.254419 0.372542
0 0.254419 0.352936 0.363510 0.372542
0 0.363510 0.352936 0.480745 0.372542
0 0.481692 0.352936 0.598927 0.372542
0 0.599874 0.352936 0.717109 0.372542
0 0.718056 0.352936 0.835290 0.372542
0 0.836237 0.352936 0.954419 0.372542
0 0.072727 0.372542 0.254419 0.392149
0 0.254419 0.372542 0.363510 0.392149
0 0.363510 0.372542 0.480745 0.392149
0 0.481692 0.372542 0.598927 0.392149
0 0.599874 0.372542 0.717109 0.392149
0 0.718056 0.372542 0.835290 0.392149
0 0.836237 0.372542 0.954419 0.392149
0 0.072727 0.392149 0.254419 0.411755
0 0.254419 0.392149 0.363510 0.411755
0 0.363510 0.392149 0.480745 0.411755
0 0.481692 0.392149 0.598927 0.411755
0 0.599874 0.392149 0.717109 0.411755
0 0.718056 0.392149 0.835290 0.411755
0 0.836237 0.392149 0.954419 0.411755
0 0.072727 0.411755 0.254419 0.431361
0 0.254419 0.411755 0.363510 0.431361
0 0.363510 0.411755 0.480745 0.431361
0 0.481692 0.411755 0.598927 0.431361
0 0.599874 0.411755 0.717109 0.431361
0 0.718056 0.411755 0.835290 0.431361
0 0.836237 0.411755 0.954419 0.431361
0 0.072727 0.431361 0.254419 0.450967
0 0.254419 0.431361 0.363510 0.450967
0 0.363510 0.431361 0.480745 0.450967
0 0.481692 0.431361 0.598927 0.450967
0 0.599874 0.431361 0.717109 0.450967
0 0.718056 0.431361 0.835290 0.450967
0 0.836237 0.431361 0.954419 0.450967
0 0.072727 0.450967 0.254419 0.470574
0 0.254419 0.450967 0.363510 0.470574
0 0.363510 0.450967 0.480745 0.470574
0 0.481692 0.450967 0.598927 0.470574
0 0.599874 0.450967 0.717109 0.470574
0 0.718056 0.450967 0.835290 0.470574
0 0.836237 0.450967 0.954419 0.470574
0 0.072727 0.470574 0.254419 0.490180
0 0.254419 0.470574 0.363510 0.490180
0 0.363510 0.470574 0.480745 0.490180
0 0.481692 0.470574 0.598927 0.490180
0 0.599874 0.470574 0.717109 0.490180
0 0.718056 0.470574 0.835290 0.490180
0 0.836237 0.470574 0.954419 0.490180
0 0.072727 0.490180 0.254419 0.509786
0 0.254419 0.490180 0.363510 0.509786
0 0.363510 0.490180 0.480745 0.509786
0 0.481692 0.490180 0.598927 0.509786
0 0.599874 0.490180 0.717109 0.509786
0 0.718056 0.490180 0.835290 0.509786
0 0.836237 0.490180 0.954419 0.509786
0 0.072727 0.509786 0.254419 0.529392
0 0.254419 0.509786 0.363510 0.529392
0 0.363510 0.509786 0.480745 0.529392
0 0.481692 0.509786 0.598927 0.529392
0 0.599874 0.509786 0.717109 0.529392
0 0.718056 0.509786 0.835290 0.529392
0 0.836237 0.509786 0.954419 0.529392
0 0.072727 0.686276 0.189962 0.705882
0 0.190909 0.686276 0.290909 0.705882
0 0.290909 0.686276 0.408144 0.705882
0 0.409091 0.686276 0.526326 0.705882
0 0.527273 0.686276 0.627273 0.705882
0 0.627273 0.686276 0.735417 0.705882
0 0.736364 0.686276 0.844508 0.705882
0 0.845455 0.686276 0.954545 0.705882
0 0.072727 0.705882 0.189962 0.725489
0 0.190909 0.705882 0.290909 0.725489
0 0.290909 0.705882 0.408144 0.725489
0 0.409091 0.705882 0.526326 0.725489
0 0.527273 0.705882 0.627273 0.725489
0 0.627273 0.705882 0.735417 0.725489
0 0.736364 0.705882 0.844508 0.725489
0 0.845455 0.705882 0.954545 0.725489
0 0.072727 0.725489 0.189962 0.745095
0 0.190909 0.725489 0.290909 0.745095
0 0.290909 0.725489 0.408144 0.745095
0 0.409091 0.725489 0.526326 0.745095
0 0.527273 0.725489 0.627273 0.745095
0 0.627273 0.725489 0.735417 0.745095
0 0.736364 0.725489 0.844508 0.745095
0 0.845455 0.725489 0.954545 0.745095
0 0.072727 0.745095 0.189962 0.764701
0 0.190909 0.745095 0.290909 0.764701
0 0.290909 0.745095 0.408144 0.764701
0 0.409091 0.745095 0.526326 0.764701
0 0.527273 0.745095 0.627273 0.764701
0 0.627273 0.745095 0.735417 0.764701
0 0.736364 0.745095 0.844508 0.764701
0 0.845455 0.745095 0.954545 0.764701
0 0.072727 0.764701 0.189962 0.784307
0 0.190909 0.764701 0.290909 0.784307
0 0.290909 0.764701 0.408144 0.784307
0 0.409091 0.764701 0.526326 0.784307
0 0.527273 0.764701 0.627273 0.784307
0 0.627273 0.764701 0.735417 0.784307
0 0.736364 0.764701 0.844508 0.784307
0 0.845455 0.764701 0.954545 0.784307
0 0.072727 0.784307 0.189962 0.803913
0 0.190909 0.784307 0.290909 0.803913
0 0.290909 0.784307 0.408144 0.803913
0 0.409091 0.784307 0.526326 0.803913
0 0.527273 0.784307 0.627273 0.803913
0 0.627273 0.784307 0.735417 0.803913
0 0.736364 0.784307 0.844508 0.803913
0 0.845455 0.784307 0.954545 0.803913
0 0.072727 0.803913 0.189962 0.823520
0 0.190909 0.803913 0.290909 0.823520
0 0.290909 0.803913 0.408144 0.823520
0 0.409091 0.803913 0.526326 0.823520
0 0.527273 0.803913 0.627273 0.823520
0 0.627273 0.803913 0.735417 0.823520
0 0.736364 0.803913 0.844508 0.823520
0 0.845455 0.803913 0.954545 0.823520
0 0.072727 0.823520 0.189962 0.843126
0 0.190909 0.823520 0.290909 0.843126
0 0.290909 0.823520 0.408144 0.843126
0 0.409091 0.823520 0.526326 0.843126
0 0.527273 0.823520 0.627273 0.843126
0 0.627273 0.823520 0.735417 0.843126
0 0.736364 0.823520 0.844508 0.843126
0 0.845455 0.823520 0.954545 0.843126
0 0.072727 0.843126 0.189962 0.862732
0 0.190909 0.843126 0.290909 0.862732
0 0.290909 0.843126 0.408144 0.862732
0 0.409091 0.843126 0.526326 0.862732
0 0.527273 0.843126 0.627273 0.862732
0 0.627273 0.843126 0.735417 0.862732
0 0.736364 0.843126 0.844508 0.862732
0 0.845455 0.843126 0.954545 0.862732
0 0.072727 0.862732 0.189962 0.882338
0 0.190909 0.862732 0.290909 0.882338
0 0.290909 0.862732 0.408144 0.882338
0 0.409091 0.862732 0.526326 0.882338
0 0.527273 0.862732 0.627273 0.882338
0 0.627273 0.862732 0.735417 0.882338
0 0.736364 0.862732 0.844508 0.882338
0 0.845455 0.862732 0.954545 0.882338
0 0.072727 0.882338 0.189962 0.901944
0 0.190909 0.882338 0.290909 0.901944
0 0.290909 0.882338 0.408144 0.901944
0 0.409091 0.882338 0.526326 0.901944
0 0.527273 0.882338 0.627273 0.901944
0 0.627273 0.882338 0.735417 0.901944
0 0.736364 0.882338 0.844508 0.901944
0 0.845455 0.882338 0.954545 0.901944
0 0.072727 0.901944 0.189962 0.921551
0 0.190909 0.901944 0.290909 0.921551
0 0.290909 0.901944 0.408144 0.921551
0 0.409091 0.901944 0.526326 0.921551
0 0.527273 0.901944 0.627273 0.921551
0 0.627273 0.901944 0.735417 0.921551
0 0.736364 0.901944 0.844508 0.921551
0 0.845455 0.901944 0.954545 0.921551
