0 0.447059 0.093433 0.460131 0.103534
0 0.576471 0.093433 0.589542 0.103534
0 0.705882 0.093433 0.718954 0.103534
0 0.447059 0.108583 0.460131 0.118684
0 0.153268 0.136364 0.576471 0.151514
0 0.629085 0.136364 0.858823 0.151514
0 0.453922 0.151514 0.717647 0.166664
0 0.842484 0.184342 0.855556 0.194443
0 0.878431 0.272726 0.898039 0.287878
0 0.913726 0.272726 0.933333 0.287878
0 0.382026 0.303032 0.729412 0.318182
0 0.878431 0.333331 0.898039 0.348482
0 0.913726 0.333331 0.933333 0.348482
0 0.550327 0.348486 0.729412 0.363636
0 0.842810 0.366160 0.855882 0.376261
0 0.720261 0.393941 0.858823 0.409091
0 0.470588 0.477273 0.703431 0.492423
0 0.707516 0.477273 0.941176 0.492423
0 0.470588 0.507574 0.703431 0.522727
0 0.707516 0.507574 0.941176 0.522727
0 0.470588 0.537879 0.703431 0.553032
0 0.707516 0.537879 0.941176 0.553032
0 0.470588 0.568183 0.703431 0.583336
0 0.707516 0.568183 0.941176 0.583336
0 0.470588 0.598487 0.703431 0.613640
0 0.707516 0.598487 0.941176 0.613640
0 0.470588 0.628792 0.703431 0.643944
0 0.707516 0.628792 0.941176 0.643944
0 0.470588 0.659095 0.703431 0.674245
0 0.707516 0.659095 0.941176 0.674245
0 0.470588 0.689396 0.703431 0.704549
0 0.707516 0.689396 0.941176 0.704549
0 0.470588 0.719701 0.703431 0.734854
0 0.707516 0.719701 0.941176 0.734854
0 0.470588 0.750005 0.703431 0.765158
0 0.707516 0.750005 0.941176 0.765158
0 0.470588 0.780309 0.703431 0.795462
0 0.707516 0.780309 0.941176 0.795462
0 0.058824 0.886365 0.187010 0.901518
0 0.188235 0.886365 0.304657 0.901518
0 0.305882 0.886365 0.434069 0.901518
0 0.435294 0.886365 0.551716 0.901518
0 0.559477 0.886365 0.675817 0.901518
0 0.688889 0.886365 0.805229 0.901518
0 0.811765 0.886365 0.941176 0.901518
