0 0.470588 0.106059 0.505882 0.121210
0 0.510569 0.106059 0.541176 0.121210
0 0.658824 0.106059 0.694118 0.121210
0 0.698804 0.106059 0.729412 0.121210
0 0.734098 0.106059 0.788235 0.121210
0 0.552941 0.047979 0.566013 0.058080
0 0.682353 0.047979 0.695425 0.058080
0 0.058824 0.164140 0.494118 0.196968
0 0.058824 0.209595 0.492484 0.272727
0 0.494118 0.179292 0.941176 0.196968
0 0.497386 0.209595 0.941176 0.272727
0 0.881699 0.297979 0.894771 0.308080
0 0.916993 0.297979 0.930065 0.308080
0 0.881699 0.313129 0.894771 0.323230
0 0.916993 0.313129 0.930065 0.323230
0 0.881699 0.328279 0.894771 0.338380
0 0.916993 0.328279 0.930065 0.338380
0 0.881699 0.343429 0.894771 0.353530
0 0.916993 0.343429 0.930065 0.353530
0 0.881699 0.358580 0.894771 0.368681
0 0.916993 0.358580 0.930065 0.368681
0 0.881699 0.373730 0.894771 0.383831
0 0.916993 0.373730 0.930065 0.383831
0 0.881699 0.388880 0.894771 0.398981
0 0.916993 0.388880 0.930065 0.398981
0 0.881699 0.404030 0.894771 0.414131
0 0.916993 0.404030 0.930065 0.414131
0 0.881699 0.419181 0.894771 0.429282
0 0.916993 0.419181 0.930065 0.429282
0 0.881699 0.434331 0.894771 0.444432
0 0.916993 0.434331 0.930065 0.444432
0 0.881699 0.449481 0.894771 0.459582
0 0.916993 0.449481 0.930065 0.459582
0 0.881699 0.464631 0.894771 0.474732
0 0.916993 0.464631 0.930065 0.474732
0 0.881699 0.479782 0.894771 0.489883
0 0.916993 0.479782 0.930065 0.489883
