0 0.823529 0.090909 0.941176 0.106059
0 0.235299 0.136364 0.351721 0.151514
0 0.352946 0.136364 0.469368 0.151514
0 0.470593 0.136364 0.587015 0.151514
0 0.588240 0.136364 0.704662 0.151514
0 0.705887 0.136364 0.822309 0.151514
0 0.823534 0.136364 0.941181 0.151514
0 0.235299 0.151514 0.351721 0.166664
0 0.352946 0.151514 0.469368 0.166664
0 0.470593 0.151514 0.587015 0.166664
0 0.588240 0.151514 0.704662 0.166664
0 0.705887 0.151514 0.822309 0.166664
0 0.823534 0.151514 0.941181 0.166664
0 0.470593 0.196968 0.587015 0.212119
0 0.588240 0.196968 0.704662 0.212119
0 0.705887 0.196968 0.822309 0.212119
0 0.823534 0.196968 0.941181 0.212119
0 0.470593 0.212119 0.587015 0.227269
0 0.588240 0.212119 0.704662 0.227269
0 0.705887 0.212119 0.822309 0.227269
0 0.823534 0.212119 0.941181 0.227269
0 0.470593 0.227269 0.587015 0.242419
0 0.588240 0.227269 0.704662 0.242419
0 0.705887 0.227269 0.822309 0.242419
0 0.823534 0.227269 0.941181 0.242419
0 0.470593 0.242419 0.587015 0.257569
0 0.588240 0.242419 0.704662 0.257569
0 0.705887 0.242419 0.822309 0.257569
0 0.823534 0.242419 0.941181 0.257569
0 0.470593 0.257569 0.587015 0.272720
0 0.588240 0.257569 0.704662 0.272720
0 0.705887 0.257569 0.822309 0.272720
0 0.823534 0.257569 0.941181 0.272720
0 0.470593 0.272720 0.587015 0.287870
0 0.588240 0.272720 0.704662 0.287870
0 0.705887 0.272720 0.822309 0.287870
0 0.823534 0.272720 0.941181 0.287870
0 0.470593 0.287870 0.587015 0.303020
0 0.588240 0.287870 0.704662 0.303020
0 0.705887 0.287870 0.822309 0.303020
0 0.823534 0.287870 0.941181 0.303020
0 0.470593 0.303020 0.587015 0.318170
0 0.588240 0.303020 0.704662 0.318170
0 0.705887 0.303020 0.822309 0.318170
0 0.823534 0.303020 0.941181 0.318170
0 0.470593 0.318170 0.587015 0.333321
0 0.588240 0.318170 0.704662 0.333321
0 0.705887 0.318170 0.822309 0.333321
0 0.823534 0.318170 0.941181 0.333321
0 0.470593 0.333321 0.587015 0.348471
0 0.588240 0.333321 0.704662 0.348471
0 0.705887 0.333321 0.822309 0.348471
0 0.823534 0.333321 0.941181 0.348471
0 0.470593 0.348471 0.587015 0.363621
0 0.588240 0.348471 0.704662 0.363621
0 0.705887 0.348471 0.822309 0.363621
0 0.823534 0.348471 0.941181 0.363621
0 0.470593 0.363621 0.587015 0.378771
0 0.588240 0.363621 0.704662 0.378771
0 0.705887 0.363621 0.822309 0.378771
0 0.823534 0.363621 0.941181 0.378771
0 0.470593 0.378771 0.587015 0.393922
0 0.588240 0.378771 0.704662 0.393922
0 0.705887 0.378771 0.822309 0.393922
0 0.823534 0.378771 0.941181 0.393922
0 0.470593 0.393922 0.587015 0.409072
0 0.588240 0.393922 0.704662 0.409072
0 0.705887 0.393922 0.822309 0.409072
0 0.823534 0.393922 0.941181 0.409072
0 0.470593 0.409072 0.587015 0.424222
0 0.588240 0.409072 0.704662 0.424222
0 0.705887 0.409072 0.822309 0.424222
0 0.823534 0.409072 0.941181 0.424222
0 0.470593 0.424222 0.587015 0.439372
0 0.588240 0.424222 0.704662 0.439372
0 0.705887 0.424222 0.822309 0.439372
0 0.823534 0.424222 0.941181 0.439372
0 0.470593 0.439372 0.587015 0.454523
0 0.588240 0.439372 0.704662 0.454523
0 0.705887 0.439372 0.822309 0.454523
0 0.823534 0.439372 0.941181 0.454523
0 0.470593 0.454523 0.587015 0.469673
0 0.588240 0.454523 0.704662 0.469673
0 0.705887 0.454523 0.822309 0.469673
0 0.823534 0.454523 0.941181 0.469673
0 0.470593 0.469673 0.587015 0.484823
0 0.588240 0.469673 0.704662 0.484823
0 0.705887 0.469673 0.822309 0.484823
0 0.823534 0.469673 0.941181 0.484823
0 0.470593 0.500000 0.587015 0.515150
0 0.588240 0.500000 0.704662 0.515150
0 0.705887 0.500000 0.822309 0.515150
0 0.823534 0.500000 0.941181 0.515150
0 0.470593 0.515150 0.587015 0.530300
0 0.588240 0.515150 0.704662 0.530300
0 0.705887 0.515150 0.822309 0.530300
0 0.823534 0.515150 0.941181 0.530300
0 0.470593 0.530300 0.587015 0.545451
0 0.588240 0.530300 0.704662 0.545451
0 0.705887 0.530300 0.822309 0.545451
0 0.823534 0.530300 0.941181 0.545451
0 0.470593 0.545451 0.587015 0.560601
0 0.588240 0.545451 0.704662 0.560601
0 0.705887 0.545451 0.822309 0.560601
0 0.823534 0.545451 0.941181 0.560601
0 0.470593 0.560601 0.587015 0.575751
0 0.588240 0.560601 0.704662 0.575751
0 0.705887 0.560601 0.822309 0.575751
0 0.823534 0.560601 0.941181 0.575751
0 0.470593 0.575751 0.587015 0.590902
0 0.588240 0.575751 0.704662 0.590902
0 0.705887 0.575751 0.822309 0.590902
0 0.823534 0.575751 0.941181 0.590902
0 0.470593 0.590902 0.587015 0.606052
0 0.588240 0.590902 0.704662 0.606052
0 0.705887 0.590902 0.822309 0.606052
0 0.823534 0.590902 0.941181 0.606052
0 0.470593 0.606052 0.587015 0.621202
0 0.588240 0.606052 0.704662 0.621202
0 0.705887 0.606052 0.822309 0.621202
0 0.823534 0.606052 0.941181 0.621202
0 0.470593 0.621202 0.587015 0.636352
0 0.588240 0.621202 0.704662 0.636352
0 0.705887 0.621202 0.822309 0.636352
0 0.823534 0.621202 0.941181 0.636352
0 0.376471 0.666668 0.492892 0.681818
0 0.247059 0.712122 0.364706 0.727273
0 0.376471 0.712122 0.492892 0.727273
0 0.376471 0.742423 0.492892 0.757573
0 0.203922 0.803032 0.364706 0.818182
0 0.283987 0.818182 0.364706 0.833332
0 0.376471 0.818182 0.492892 0.833332
0 0.376471 0.833332 0.492892 0.848482
0 0.686127 0.696968 0.811765 0.712119
0 0.541176 0.712122 0.811765 0.727273
0 0.823529 0.712122 0.941176 0.727273
0 0.638314 0.772727 0.811765 0.787878
0 0.541176 0.787878 0.811765 0.803028
0 0.823529 0.787878 0.941176 0.803028
0 0.823529 0.803032 0.941176 0.818182
0 0.823529 0.833332 0.941176 0.848482
0 0.376471 0.863636 0.492892 0.878787
0 0.376471 0.878787 0.492892 0.893937
0 0.376471 0.893941 0.492892 0.909091
0 0.376471 0.909091 0.492892 0.924241
0 0.274534 0.924241 0.364706 0.939391
0 0.376471 0.924241 0.492892 0.939391
0 0.376471 0.939395 0.492892 0.954545
0 0.823529 0.863636 0.941176 0.878787
0 0.823529 0.878787 0.941176 0.893937
0 0.714743 0.893941 0.811765 0.909091
0 0.541176 0.909091 0.811765 0.924241
0 0.823529 0.909091 0.941176 0.924241
0 0.823529 0.924241 0.941176 0.939391
0 0.823529 0.939395 0.941176 0.954545
