0 0.058826 0.073234 0.692919 0.090913
0 0.694145 0.073234 0.941213 0.090913
0 0.094121 0.166675 0.622328 0.181826
0 0.623554 0.166675 0.835327 0.181826
0 0.835327 0.166675 0.941213 0.181826
0 0.094121 0.181826 0.622328 0.196976
0 0.623554 0.181826 0.835327 0.196976
0 0.835327 0.181826 0.941213 0.196976
0 0.094121 0.196976 0.622328 0.212127
0 0.623554 0.196976 0.835327 0.212127
0 0.835327 0.196976 0.941213 0.212127
0 0.094121 0.212127 0.622328 0.227278
0 0.623554 0.212127 0.835327 0.227278
0 0.835327 0.212127 0.941213 0.227278
0 0.094121 0.227278 0.622328 0.242429
0 0.623554 0.227278 0.835327 0.242429
0 0.835327 0.227278 0.941213 0.242429
0 0.094121 0.242429 0.622328 0.257580
0 0.623554 0.242429 0.835327 0.257580
0 0.835327 0.242429 0.941213 0.257580
0 0.094121 0.257580 0.622328 0.272731
0 0.623554 0.257580 0.835327 0.272731
0 0.835327 0.257580 0.941213 0.272731
0 0.094121 0.272731 0.622328 0.287882
0 0.623554 0.272731 0.835327 0.287882
0 0.835327 0.272731 0.941213 0.287882
0 0.094121 0.287882 0.622328 0.303032
0 0.623554 0.287882 0.835327 0.303032
0 0.835327 0.287882 0.941213 0.303032
0 0.094121 0.303032 0.622328 0.318183
0 0.623554 0.303032 0.835327 0.318183
0 0.835327 0.303032 0.941213 0.318183
0 0.094121 0.318183 0.622328 0.333334
0 0.623554 0.318183 0.835327 0.333334
0 0.835327 0.318183 0.941213 0.333334
0 0.094121 0.333334 0.622328 0.348485
0 0.623554 0.333334 0.835327 0.348485
0 0.835327 0.333334 0.941213 0.348485
0 0.094121 0.348485 0.622328 0.363636
0 0.623554 0.348485 0.835327 0.363636
0 0.835327 0.348485 0.941213 0.363636
0 0.094121 0.363636 0.622328 0.378787
0 0.623554 0.363636 0.835327 0.378787
0 0.835327 0.363636 0.941213 0.378787
0 0.094121 0.378787 0.622328 0.393938
0 0.623554 0.378787 0.835327 0.393938
0 0.835327 0.378787 0.941213 0.393938
0 0.094121 0.393938 0.622328 0.409089
0 0.623554 0.393938 0.835327 0.409089
0 0.835327 0.393938 0.941213 0.409089
0 0.094121 0.409089 0.622328 0.424239
0 0.623554 0.409089 0.835327 0.424239
0 0.835327 0.409089 0.941213 0.424239
0 0.094121 0.424239 0.622328 0.439390
0 0.623554 0.424239 0.835327 0.439390
0 0.835327 0.424239 0.941213 0.439390
0 0.094121 0.439390 0.622328 0.454541
0 0.623554 0.439390 0.835327 0.454541
0 0.835327 0.439390 0.941213 0.454541
0 0.094121 0.454541 0.622328 0.469692
0 0.623554 0.454541 0.835327 0.469692
0 0.835327 0.454541 0.941213 0.469692
0 0.094121 0.469692 0.622328 0.484843
0 0.623554 0.469692 0.835327 0.484843
0 0.835327 0.469692 0.941213 0.484843
0 0.094121 0.484843 0.622328 0.499994
0 0.623554 0.484843 0.835327 0.499994
0 0.835327 0.484843 0.941213 0.499994
0 0.094121 0.499994 0.622328 0.515145
0 0.623554 0.499994 0.835327 0.515145
0 0.835327 0.499994 0.941213 0.515145
0 0.094121 0.515145 0.622328 0.530295
0 0.623554 0.515145 0.835327 0.530295
0 0.835327 0.515145 0.941213 0.530295
0 0.094121 0.530295 0.622328 0.545446
0 0.623554 0.530295 0.835327 0.545446
0 0.835327 0.530295 0.941213 0.545446
0 0.094121 0.545446 0.622328 0.560597
0 0.623554 0.545446 0.835327 0.560597
0 0.835327 0.545446 0.941213 0.560597
0 0.094121 0.560597 0.622328 0.575748
0 0.623554 0.560597 0.835327 0.575748
0 0.835327 0.560597 0.941213 0.575748
0 0.094121 0.575748 0.622328 0.590899
0 0.623554 0.575748 0.835327 0.590899
0 0.835327 0.575748 0.941213 0.590899
0 0.094121 0.590899 0.622328 0.606050
0 0.623554 0.590899 0.835327 0.606050
0 0.835327 0.590899 0.941213 0.606050
0 0.094121 0.606050 0.622328 0.621201
0 0.623554 0.606050 0.835327 0.621201
0 0.835327 0.606050 0.941213 0.621201
0 0.094121 0.621201 0.622328 0.636351
0 0.623554 0.621201 0.835327 0.636351
0 0.835327 0.621201 0.941213 0.636351
0 0.094121 0.636351 0.622328 0.651502
0 0.623554 0.636351 0.835327 0.651502
0 0.835327 0.636351 0.941213 0.651502
0 0.094121 0.651502 0.622328 0.666653
0 0.623554 0.651502 0.835327 0.666653
0 0.835327 0.651502 0.941213 0.666653
