0 0.322222 0.089645 0.423529 0.103533
0 0.735621 0.089645 0.847059 0.103533
0 0.878431 0.113635 0.898039 0.128787
0 0.913726 0.113635 0.933333 0.128787
0 0.614381 0.179292 0.715688 0.193179
0 0.878431 0.196967 0.898039 0.212119
0 0.913726 0.196967 0.933333 0.212119
0 0.845752 0.244316 0.858823 0.254417
0 0.878431 0.272726 0.898039 0.287878
0 0.913726 0.272726 0.933333 0.287878
0 0.752941 0.318182 0.858823 0.330807
0 0.752941 0.348486 0.858823 0.361111
0 0.878431 0.348485 0.898039 0.363636
0 0.913726 0.348485 0.933333 0.363636
0 0.752941 0.378787 0.858823 0.391412
0 0.878431 0.393939 0.898039 0.409091
0 0.913726 0.393939 0.933333 0.409091
0 0.878431 0.409090 0.898039 0.424241
0 0.913726 0.409090 0.933333 0.424241
0 0.752941 0.439395 0.858823 0.452020
0 0.752941 0.454545 0.858823 0.467170
0 0.878431 0.484848 0.898039 0.500000
0 0.913726 0.484848 0.933333 0.500000
0 0.878431 0.515149 0.898039 0.530300
0 0.913726 0.515149 0.933333 0.530300
0 0.878431 0.530303 0.898039 0.545455
0 0.913726 0.530303 0.933333 0.545455
0 0.878431 0.560604 0.898039 0.575755
0 0.913726 0.560604 0.933333 0.575755
0 0.752941 0.575759 0.858823 0.588384
0 0.878431 0.606058 0.898039 0.621210
0 0.913726 0.606058 0.933333 0.621210
0 0.878431 0.621212 0.898039 0.636364
0 0.913726 0.621212 0.933333 0.636364
0 0.878431 0.712121 0.898039 0.727273
0 0.913726 0.712121 0.933333 0.727273
0 0.752941 0.727273 0.858823 0.739898
0 0.752941 0.757577 0.858823 0.770202
0 0.878431 0.803030 0.898039 0.818182
0 0.913726 0.803030 0.933333 0.818182
0 0.556127 0.871213 0.658824 0.883838
0 0.753327 0.871213 0.858823 0.883838
0 0.878431 0.871212 0.898039 0.886364
0 0.913726 0.871212 0.933333 0.886364
0 0.878431 0.916667 0.898039 0.931818
0 0.913726 0.916667 0.933333 0.931818
