0 0.045455 0.094770 0.344508 0.117647
0 0.345455 0.094770 0.500000 0.117647
0 0.501263 0.094770 0.799053 0.117647
0 0.800000 0.094770 0.954545 0.117647
0 0.072727 0.215688 0.353598 0.235294
0 0.354545 0.215688 0.463636 0.235294
0 0.464583 0.215688 0.735417 0.235294
0 0.736364 0.215688 0.845455 0.235294
0 0.845455 0.215688 0.954545 0.235294
0 0.072727 0.235294 0.353598 0.254900
0 0.354545 0.235294 0.463636 0.254900
0 0.464583 0.235294 0.735417 0.254900
0 0.736364 0.235294 0.845455 0.254900
0 0.845455 0.235294 0.954545 0.254900
0 0.072727 0.254900 0.353598 0.274507
0 0.354545 0.254900 0.463636 0.274507
0 0.464583 0.254900 0.735417 0.274507
0 0.736364 0.254900 0.845455 0.274507
0 0.845455 0.254900 0.954545 0.274507
0 0.072727 0.274507 0.353598 0.294113
0 0.354545 0.274507 0.463636 0.294113
0 0.464583 0.274507 0.735417 0.294113
0 0.736364 0.274507 0.845455 0.294113
0 0.845455 0.274507 0.954545 0.294113
0 0.072727 0.294113 0.353598 0.313719
0 0.354545 0.294113 0.463636 0.313719
0 0.464583 0.294113 0.735417 0.313719
0 0.736364 0.294113 0.845455 0.313719
0 0.845455 0.294113 0.954545 0.313719
0 0.072727 0.313719 0.353598 0.333325
0 0.354545 0.313719 0.463636 0.333325
0 0.464583 0.313719 0.735417 0.333325
0 0.736364 0.313719 0.845455 0.333325
0 0.845455 0.313719 0.954545 0.333325
0 0.072727 0.333325 0.353598 0.352931
0 0.354545 0.333325 0.463636 0.352931
0 0.464583 0.333325 0.735417 0.352931
0 0.736364 0.333325 0.845455 0.352931
0 0.845455 0.333325 0.954545 0.352931
0 0.072727 0.352931 0.353598 0.372538
0 0.354545 0.352931 0.463636 0.372538
0 0.464583 0.352931 0.735417 0.372538
0 0.736364 0.352931 0.845455 0.372538
0 0.845455 0.352931 0.954545 0.372538
0 0.072727 0.372538 0.353598 0.392144
0 0.354545 0.372538 0.463636 0.392144
0 0.464583 0.372538 0.735417 0.392144
0 0.736364 0.372538 0.845455 0.392144
0 0.845455 0.372538 0.954545 0.392144
0 0.072727 0.392144 0.353598 0.411750
0 0.354545 0.392144 0.463636 0.411750
0 0.464583 0.392144 0.735417 0.411750
0 0.736364 0.392144 0.845455 0.411750
0 0.845455 0.392144 0.954545 0.411750
0 0.072727 0.411750 0.353598 0.431356
0 0.354545 0.411750 0.463636 0.431356
0 0.464583 0.411750 0.735417 0.431356
0 0.736364 0.411750 0.845455 0.431356
0 0.845455 0.411750 0.954545 0.431356
0 0.072727 0.431356 0.353598 0.450962
0 0.354545 0.431356 0.463636 0.450962
0 0.464583 0.431356 0.735417 0.450962
0 0.736364 0.431356 0.845455 0.450962
0 0.845455 0.431356 0.954545 0.450962
0 0.072727 0.656975 0.253598 0.676582
0 0.254545 0.656975 0.363636 0.676582
0 0.363636 0.656975 0.481818 0.676582
0 0.481818 0.656975 0.599053 0.676582
0 0.600000 0.656975 0.663636 0.676582
0 0.694950 0.660242 0.705051 0.673314
0 0.767677 0.660242 0.777778 0.673314
0 0.840404 0.660242 0.850505 0.673314
0 0.913131 0.660242 0.923232 0.673314
0 0.072727 0.676582 0.253598 0.696188
0 0.254545 0.676582 0.363636 0.696188
0 0.363636 0.676582 0.481818 0.696188
0 0.481818 0.676582 0.599053 0.696188
0 0.600000 0.676582 0.663636 0.696188
0 0.694950 0.679848 0.705051 0.692920
0 0.767677 0.679848 0.777778 0.692920
0 0.840404 0.679848 0.850505 0.692920
0 0.913131 0.679848 0.923232 0.692920
0 0.072727 0.696188 0.253598 0.715794
0 0.254545 0.696188 0.363636 0.715794
0 0.363636 0.696188 0.481818 0.715794
0 0.481818 0.696188 0.599053 0.715794
0 0.600000 0.696188 0.663636 0.715794
0 0.694950 0.699454 0.705051 0.712526
0 0.767677 0.699454 0.777778 0.712526
0 0.840404 0.699454 0.850505 0.712526
0 0.913131 0.699454 0.923232 0.712526
0 0.072727 0.715794 0.253598 0.735400
0 0.254545 0.715794 0.363636 0.735400
0 0.363636 0.715794 0.481818 0.735400
0 0.481818 0.715794 0.599053 0.735400
0 0.600000 0.715794 0.663636 0.735400
0 0.694950 0.719060 0.705051 0.732132
0 0.767677 0.719060 0.777778 0.732132
0 0.840404 0.719060 0.850505 0.732132
0 0.913131 0.719060 0.923232 0.732132
0 0.072727 0.735400 0.253598 0.755007
0 0.254545 0.735400 0.363636 0.755007
0 0.363636 0.735400 0.481818 0.755007
0 0.481818 0.735400 0.599053 0.755007
0 0.600000 0.735400 0.663636 0.755007
0 0.694950 0.738667 0.705051 0.751739
0 0.767677 0.738667 0.777778 0.751739
0 0.840404 0.738667 0.850505 0.751739
0 0.913131 0.738667 0.923232 0.751739
0 0.072727 0.755007 0.253598 0.774613
0 0.254545 0.755007 0.363636 0.774613
0 0.363636 0.755007 0.481818 0.774613
0 0.481818 0.755007 0.599053 0.774613
0 0.600000 0.755007 0.663636 0.774613
0 0.694950 0.758273 0.705051 0.771345
0 0.767677 0.758273 0.777778 0.771345
0 0.840404 0.758273 0.850505 0.771345
0 0.913131 0.758273 0.923232 0.771345
0 0.072727 0.774613 0.253598 0.794219
0 0.254545 0.774613 0.363636 0.794219
0 0.363636 0.774613 0.481818 0.794219
0 0.481818 0.774613 0.599053 0.794219
0 0.600000 0.774613 0.663636 0.794219
0 0.694950 0.777879 0.705051 0.790951
0 0.767677 0.777879 0.777778 0.790951
0 0.840404 0.777879 0.850505 0.790951
0 0.913131 0.777879 0.923232 0.790951
0 0.072727 0.794219 0.253598 0.813825
0 0.254545 0.794219 0.363636 0.813825
0 0.363636 0.794219 0.481818 0.813825
0 0.481818 0.794219 0.599053 0.813825
0 0.600000 0.794219 0.663636 0.813825
0 0.694950 0.797485 0.705051 0.810557
0 0.767677 0.797485 0.777778 0.810557
0 0.840404 0.797485 0.850505 0.810557
0 0.913131 0.797485 0.923232 0.810557
0 0.072727 0.813825 0.253598 0.833431
0 0.254545 0.813825 0.363636 0.833431
0 0.363636 0.813825 0.481818 0.833431
0 0.481818 0.813825 0.599053 0.833431
0 0.600000 0.813825 0.663636 0.833431
0 0.694950 0.817091 0.705051 0.830163
0 0.767677 0.817091 0.777778 0.830163
0 0.840404 0.817091 0.850505 0.830163
0 0.913131 0.817091 0.923232 0.830163
0 0.072727 0.833431 0.253598 0.853038
0 0.254545 0.833431 0.363636 0.853038
0 0.363636 0.833431 0.481818 0.853038
0 0.481818 0.833431 0.599053 0.853038
0 0.600000 0.833431 0.663636 0.853038
0 0.694950 0.836698 0.705051 0.849770
0 0.767677 0.836698 0.777778 0.849770
0 0.840404 0.836698 0.850505 0.849770
0 0.913131 0.836698 0.923232 0.849770
0 0.072727 0.853038 0.253598 0.872644
0 0.254545 0.853038 0.363636 0.872644
0 0.363636 0.853038 0.481818 0.872644
0 0.481818 0.853038 0.599053 0.872644
0 0.600000 0.853038 0.663636 0.872644
0 0.694950 0.856304 0.705051 0.869376
0 0.767677 0.856304 0.777778 0.869376
0 0.840404 0.856304 0.850505 0.869376
0 0.913131 0.856304 0.923232 0.869376
0 0.072727 0.872644 0.253598 0.892250
0 0.254545 0.872644 0.363636 0.892250
0 0.363636 0.872644 0.481818 0.892250
0 0.481818 0.872644 0.599053 0.892250
0 0.600000 0.872644 0.663636 0.892250
0 0.694950 0.875910 0.705051 0.888982
0 0.767677 0.875910 0.777778 0.888982
0 0.840404 0.875910 0.850505 0.888982
0 0.913131 0.875910 0.923232 0.888982
