0 0.045455 0.094770 0.344508 0.117647
0 0.345455 0.094770 0.500000 0.117647
0 0.501263 0.094770 0.799053 0.117647
0 0.800000 0.094770 0.954545 0.117647
0 0.254545 0.254902 0.353598 0.274511
0 0.354545 0.254902 0.453598 0.274511
0 0.454545 0.254902 0.553599 0.274511
0 0.554545 0.254902 0.653599 0.274511
0 0.654545 0.254902 0.753598 0.274511
0 0.754545 0.254902 0.853598 0.274511
0 0.854545 0.254902 0.954545 0.274511
0 0.254545 0.274511 0.353598 0.294118
0 0.354545 0.274511 0.453598 0.294118
0 0.454545 0.274511 0.553599 0.294118
0 0.554545 0.274511 0.653599 0.294118
0 0.654545 0.274511 0.753598 0.294118
0 0.754545 0.274511 0.853598 0.294118
0 0.854545 0.274511 0.954545 0.294118
0 0.254545 0.294118 0.353598 0.313724
0 0.354545 0.294118 0.453598 0.313724
0 0.454545 0.294118 0.553599 0.313724
0 0.554545 0.294118 0.653599 0.313724
0 0.654545 0.294118 0.753598 0.313724
0 0.754545 0.294118 0.853598 0.313724
0 0.854545 0.294118 0.954545 0.313724
0 0.254545 0.313724 0.353598 0.333330
0 0.354545 0.313724 0.453598 0.333330
0 0.454545 0.313724 0.553599 0.333330
0 0.554545 0.313724 0.653599 0.333330
0 0.654545 0.313724 0.753598 0.333330
0 0.754545 0.313724 0.853598 0.333330
0 0.854545 0.313724 0.954545 0.333330
0 0.254545 0.333330 0.353598 0.352936
0 0.354545 0.333330 0.453598 0.352936
0 0.454545 0.333330 0.553599 0.352936
0 0.554545 0.333330 0.653599 0.352936
0 0.654545 0.333330 0.753598 0.352936
0 0.754545 0.333330 0.853598 0.352936
0 0.854545 0.333330 0.954545 0.352936
0 0.254545 0.352936 0.353598 0.372542
0 0.354545 0.352936 0.453598 0.372542
0 0.454545 0.352936 0.553599 0.372542
0 0.554545 0.352936 0.653599 0.372542
0 0.654545 0.352936 0.753598 0.372542
0 0.754545 0.352936 0.853598 0.372542
0 0.854545 0.352936 0.954545 0.372542
0 0.254545 0.392150 0.353598 0.411760
0 0.354545 0.392150 0.453598 0.411760
0 0.454545 0.392150 0.553599 0.411760
0 0.554545 0.392150 0.653599 0.411760
0 0.654545 0.392150 0.753598 0.411760
0 0.754545 0.392150 0.853598 0.411760
0 0.854545 0.392150 0.954545 0.411760
0 0.254545 0.450976 0.353598 0.470583
0 0.354545 0.450976 0.453598 0.470583
0 0.454545 0.450976 0.553599 0.470583
0 0.554545 0.450976 0.653599 0.470583
0 0.654545 0.450976 0.753598 0.470583
0 0.754545 0.450976 0.853598 0.470583
0 0.854545 0.450976 0.954545 0.470583
0 0.254545 0.470583 0.353598 0.490190
0 0.354545 0.470583 0.453598 0.490190
0 0.454545 0.470583 0.553599 0.490190
0 0.554545 0.470583 0.653599 0.490190
0 0.654545 0.470583 0.753598 0.490190
0 0.754545 0.470583 0.853598 0.490190
0 0.854545 0.470583 0.954545 0.490190
0 0.254545 0.490190 0.353598 0.509796
0 0.354545 0.490190 0.453598 0.509796
0 0.454545 0.490190 0.553599 0.509796
0 0.554545 0.490190 0.653599 0.509796
0 0.654545 0.490190 0.753598 0.509796
0 0.754545 0.490190 0.853598 0.509796
0 0.854545 0.490190 0.954545 0.509796
0 0.254545 0.509796 0.353598 0.529402
0 0.354545 0.509796 0.453598 0.529402
0 0.454545 0.509796 0.553599 0.529402
0 0.554545 0.509796 0.653599 0.529402
0 0.654545 0.509796 0.753598 0.529402
0 0.754545 0.509796 0.853598 0.529402
0 0.854545 0.509796 0.954545 0.529402
0 0.254545 0.529402 0.353598 0.549008
0 0.354545 0.529402 0.453598 0.549008
0 0.454545 0.529402 0.553599 0.549008
0 0.554545 0.529402 0.653599 0.549008
0 0.654545 0.529402 0.753598 0.549008
0 0.754545 0.529402 0.853598 0.549008
0 0.854545 0.529402 0.954545 0.549008
0 0.254545 0.549008 0.353598 0.568614
0 0.354545 0.549008 0.453598 0.568614
0 0.454545 0.549008 0.553599 0.568614
0 0.554545 0.549008 0.653599 0.568614
0 0.654545 0.549008 0.753598 0.568614
0 0.754545 0.549008 0.853598 0.568614
0 0.854545 0.549008 0.954545 0.568614
0 0.254545 0.568614 0.353598 0.588221
0 0.354545 0.568614 0.453598 0.588221
0 0.454545 0.568614 0.553599 0.588221
0 0.554545 0.568614 0.653599 0.588221
0 0.654545 0.568614 0.753598 0.588221
0 0.754545 0.568614 0.853598 0.588221
0 0.854545 0.568614 0.954545 0.588221
0 0.100000 0.607841 0.253283 0.627448
0 0.254545 0.607827 0.353598 0.627433
0 0.354545 0.607827 0.453598 0.627433
0 0.454545 0.607827 0.553599 0.627433
0 0.554545 0.607827 0.653599 0.627433
0 0.654545 0.607827 0.753598 0.627433
0 0.754545 0.607827 0.853598 0.627433
0 0.854545 0.607827 0.954545 0.627433
0 0.100000 0.627451 0.253283 0.647057
0 0.254545 0.627433 0.353598 0.647039
0 0.354545 0.627433 0.453598 0.647039
0 0.454545 0.627433 0.553599 0.647039
0 0.554545 0.627433 0.653599 0.647039
0 0.654545 0.627433 0.753598 0.647039
0 0.754545 0.627433 0.853598 0.647039
0 0.854545 0.627433 0.954545 0.647039
0 0.254545 0.647039 0.353598 0.666645
0 0.354545 0.647039 0.453598 0.666645
0 0.454545 0.647039 0.553599 0.666645
0 0.554545 0.647039 0.653599 0.666645
0 0.654545 0.647039 0.753598 0.666645
0 0.754545 0.647039 0.853598 0.666645
0 0.854545 0.647039 0.954545 0.666645
0 0.105556 0.666645 0.253283 0.686252
0 0.254545 0.666645 0.353598 0.686252
0 0.354545 0.666645 0.453598 0.686252
0 0.454545 0.666645 0.553599 0.686252
0 0.554545 0.666645 0.653599 0.686252
0 0.654545 0.666645 0.753598 0.686252
0 0.754545 0.666645 0.853598 0.686252
0 0.854545 0.666645 0.954545 0.686252
0 0.105556 0.686252 0.253283 0.705858
0 0.254545 0.686252 0.353598 0.705858
0 0.354545 0.686252 0.453598 0.705858
0 0.454545 0.686252 0.553599 0.705858
0 0.554545 0.686252 0.653599 0.705858
0 0.654545 0.686252 0.753598 0.705858
0 0.754545 0.686252 0.853598 0.705858
0 0.854545 0.686252 0.954545 0.705858
0 0.254545 0.705858 0.353598 0.725464
0 0.354545 0.705858 0.453598 0.725464
0 0.454545 0.705858 0.553599 0.725464
0 0.554545 0.705858 0.653599 0.725464
0 0.654545 0.705858 0.753598 0.725464
0 0.754545 0.705858 0.853598 0.725464
0 0.854545 0.705858 0.954545 0.725464
0 0.254545 0.725464 0.353598 0.745070
0 0.354545 0.725464 0.453598 0.745070
0 0.454545 0.725464 0.553599 0.745070
0 0.554545 0.725464 0.653599 0.745070
0 0.654545 0.725464 0.753598 0.745070
0 0.754545 0.725464 0.853598 0.745070
0 0.854545 0.725464 0.954545 0.745070
0 0.254545 0.745070 0.353598 0.764676
0 0.354545 0.745070 0.453598 0.764676
0 0.454545 0.745070 0.553599 0.764676
0 0.554545 0.745070 0.653599 0.764676
0 0.654545 0.745070 0.753598 0.764676
0 0.754545 0.745070 0.853598 0.764676
0 0.854545 0.745070 0.954545 0.764676
0 0.254545 0.764676 0.353598 0.784283
0 0.354545 0.764676 0.453598 0.784283
0 0.454545 0.764676 0.553599 0.784283
0 0.554545 0.764676 0.653599 0.784283
0 0.654545 0.764676 0.753598 0.784283
0 0.754545 0.764676 0.853598 0.784283
0 0.854545 0.764676 0.954545 0.784283
0 0.254545 0.784283 0.353598 0.803889
0 0.354545 0.784283 0.453598 0.803889
0 0.454545 0.784283 0.553599 0.803889
0 0.554545 0.784283 0.653599 0.803889
0 0.654545 0.784283 0.753598 0.803889
0 0.754545 0.784283 0.853598 0.803889
0 0.854545 0.784283 0.954545 0.803889
0 0.254545 0.803889 0.353598 0.823495
0 0.354545 0.803889 0.453598 0.823495
0 0.454545 0.803889 0.553599 0.823495
0 0.554545 0.803889 0.653599 0.823495
0 0.654545 0.803889 0.753598 0.823495
0 0.754545 0.803889 0.853598 0.823495
0 0.854545 0.803889 0.954545 0.823495
0 0.254545 0.843103 0.353598 0.862712
0 0.354545 0.843103 0.453598 0.862712
0 0.454545 0.843103 0.553599 0.862712
0 0.554545 0.843103 0.653599 0.862712
0 0.654545 0.843103 0.753598 0.862712
0 0.754545 0.843103 0.853598 0.862712
0 0.854545 0.843103 0.954545 0.862712
