0 0.045455 0.094770 0.344508 0.117647
0 0.345455 0.094770 0.500000 0.117647
0 0.501263 0.094770 0.799053 0.117647
0 0.800000 0.094770 0.954545 0.117647
0 0.802020 0.186276 0.831818 0.205884
0 0.072727 0.235294 0.180871 0.254900
0 0.181818 0.235294 0.289962 0.254900
0 0.290909 0.235294 0.399053 0.254900
0 0.400000 0.235294 0.508144 0.254900
0 0.509091 0.235294 0.617235 0.254900
0 0.618182 0.235294 0.726326 0.254900
0 0.727273 0.235294 0.844508 0.254900
0 0.845455 0.235294 0.954545 0.254900
0 0.072727 0.254900 0.180871 0.274507
0 0.181818 0.254900 0.289962 0.274507
0 0.290909 0.254900 0.399053 0.274507
0 0.400000 0.254900 0.508144 0.274507
0 0.509091 0.254900 0.617235 0.274507
0 0.618182 0.254900 0.726326 0.274507
0 0.727273 0.254900 0.844508 0.274507
0 0.845455 0.254900 0.954545 0.274507
0 0.072727 0.274507 0.180871 0.294113
0 0.181818 0.274507 0.289962 0.294113
0 0.290909 0.274507 0.399053 0.294113
0 0.400000 0.274507 0.508144 0.294113
0 0.509091 0.274507 0.617235 0.294113
0 0.618182 0.274507 0.726326 0.294113
0 0.727273 0.274507 0.844508 0.294113
0 0.845455 0.274507 0.954545 0.294113
0 0.072727 0.294113 0.180871 0.313719
0 0.181818 0.294113 0.289962 0.313719
0 0.290909 0.294113 0.399053 0.313719
0 0.400000 0.294113 0.508144 0.313719
0 0.509091 0.294113 0.617235 0.313719
0 0.618182 0.294113 0.726326 0.313719
0 0.727273 0.294113 0.844508 0.313719
0 0.845455 0.294113 0.954545 0.313719
0 0.072727 0.313719 0.180871 0.333325
0 0.181818 0.313719 0.289962 0.333325
0 0.290909 0.313719 0.399053 0.333325
0 0.400000 0.313719 0.508144 0.333325
0 0.509091 0.313719 0.617235 0.333325
0 0.618182 0.313719 0.726326 0.333325
0 0.727273 0.313719 0.844508 0.333325
0 0.845455 0.313719 0.954545 0.333325
0 0.072727 0.333325 0.180871 0.352931
0 0.181818 0.333325 0.289962 0.352931
0 0.290909 0.333325 0.399053 0.352931
0 0.400000 0.333325 0.508144 0.352931
0 0.509091 0.333325 0.617235 0.352931
0 0.618182 0.333325 0.726326 0.352931
0 0.727273 0.333325 0.844508 0.352931
0 0.845455 0.333325 0.954545 0.352931
0 0.072727 0.372538 0.180871 0.392144
0 0.181818 0.372538 0.289962 0.392144
0 0.290909 0.372538 0.399053 0.392144
0 0.400000 0.372538 0.508144 0.392144
0 0.509091 0.372538 0.617235 0.392144
0 0.618182 0.372538 0.726326 0.392144
0 0.727273 0.372538 0.844508 0.392144
0 0.845455 0.372538 0.954545 0.392144
0 0.072727 0.392144 0.180871 0.411750
0 0.181818 0.392144 0.289962 0.411750
0 0.290909 0.392144 0.399053 0.411750
0 0.400000 0.392144 0.508144 0.411750
0 0.509091 0.392144 0.617235 0.411750
0 0.618182 0.392144 0.726326 0.411750
0 0.727273 0.392144 0.844508 0.411750
0 0.845455 0.392144 0.954545 0.411750
0 0.072727 0.411750 0.180871 0.431356
0 0.181818 0.411750 0.289962 0.431356
0 0.290909 0.411750 0.399053 0.431356
0 0.400000 0.411750 0.508144 0.431356
0 0.509091 0.411750 0.617235 0.431356
0 0.618182 0.411750 0.726326 0.431356
0 0.727273 0.411750 0.844508 0.431356
0 0.845455 0.411750 0.954545 0.431356
0 0.072727 0.431356 0.180871 0.450962
0 0.181818 0.431356 0.289962 0.450962
0 0.290909 0.431356 0.399053 0.450962
0 0.400000 0.431356 0.508144 0.450962
0 0.509091 0.431356 0.617235 0.450962
0 0.618182 0.431356 0.726326 0.450962
0 0.727273 0.431356 0.844508 0.450962
0 0.845455 0.431356 0.954545 0.450962
0 0.072727 0.450962 0.180871 0.470569
0 0.181818 0.450962 0.289962 0.470569
0 0.290909 0.450962 0.399053 0.470569
0 0.400000 0.450962 0.508144 0.470569
0 0.509091 0.450962 0.617235 0.470569
0 0.618182 0.450962 0.726326 0.470569
0 0.727273 0.450962 0.844508 0.470569
0 0.845455 0.450962 0.954545 0.470569
0 0.072727 0.470569 0.180871 0.490175
0 0.181818 0.470569 0.289962 0.490175
0 0.290909 0.470569 0.399053 0.490175
0 0.400000 0.470569 0.508144 0.490175
0 0.509091 0.470569 0.617235 0.490175
0 0.618182 0.470569 0.726326 0.490175
0 0.727273 0.470569 0.844508 0.490175
0 0.845455 0.470569 0.954545 0.490175
0 0.072727 0.490175 0.180871 0.509781
0 0.181818 0.490175 0.289962 0.509781
0 0.290909 0.490175 0.399053 0.509781
0 0.400000 0.490175 0.508144 0.509781
0 0.509091 0.490175 0.617235 0.509781
0 0.618182 0.490175 0.726326 0.509781
0 0.727273 0.490175 0.844508 0.509781
0 0.845455 0.490175 0.954545 0.509781
0 0.072727 0.529387 0.180871 0.548993
0 0.181818 0.529387 0.289962 0.548993
0 0.290909 0.529387 0.399053 0.548993
0 0.400000 0.529387 0.508144 0.548993
0 0.509091 0.529387 0.617235 0.548993
0 0.618182 0.529387 0.726326 0.548993
0 0.727273 0.529387 0.844508 0.548993
0 0.845455 0.529387 0.954545 0.548993
0 0.072727 0.548993 0.180871 0.568600
0 0.181818 0.548993 0.289962 0.568600
0 0.290909 0.548993 0.399053 0.568600
0 0.400000 0.548993 0.508144 0.568600
0 0.509091 0.548993 0.617235 0.568600
0 0.618182 0.548993 0.726326 0.568600
0 0.727273 0.548993 0.844508 0.568600
0 0.845455 0.548993 0.954545 0.568600
0 0.072727 0.568600 0.180871 0.588206
0 0.181818 0.568600 0.289962 0.588206
0 0.290909 0.568600 0.399053 0.588206
0 0.400000 0.568600 0.508144 0.588206
0 0.509091 0.568600 0.617235 0.588206
0 0.618182 0.568600 0.726326 0.588206
0 0.727273 0.568600 0.844508 0.588206
0 0.845455 0.568600 0.954545 0.588206
0 0.072727 0.588206 0.180871 0.607812
0 0.181818 0.588206 0.289962 0.607812
0 0.290909 0.588206 0.399053 0.607812
0 0.400000 0.588206 0.508144 0.607812
0 0.509091 0.588206 0.617235 0.607812
0 0.618182 0.588206 0.726326 0.607812
0 0.727273 0.588206 0.844508 0.607812
0 0.845455 0.588206 0.954545 0.607812
0 0.072727 0.607812 0.180871 0.627418
0 0.181818 0.607812 0.289962 0.627418
0 0.290909 0.607812 0.399053 0.627418
0 0.400000 0.607812 0.508144 0.627418
0 0.509091 0.607812 0.617235 0.627418
0 0.618182 0.607812 0.726326 0.627418
0 0.727273 0.607812 0.844508 0.627418
0 0.845455 0.607812 0.954545 0.627418
0 0.072727 0.627418 0.180871 0.647025
0 0.181818 0.627418 0.289962 0.647025
0 0.290909 0.627418 0.399053 0.647025
0 0.400000 0.627418 0.508144 0.647025
0 0.509091 0.627418 0.617235 0.647025
0 0.618182 0.627418 0.726326 0.647025
0 0.727273 0.627418 0.844508 0.647025
0 0.845455 0.627418 0.954545 0.647025
0 0.720202 0.705882 0.748737 0.725489
0 0.722727 0.725489 0.748737 0.745095
0 0.154545 0.784315 0.253598 0.803923
0 0.254545 0.784315 0.353598 0.803923
0 0.354545 0.784315 0.453598 0.803923
0 0.454545 0.784315 0.553599 0.803923
0 0.554545 0.784315 0.653599 0.803923
0 0.654545 0.784315 0.753598 0.803923
0 0.754545 0.784315 0.853598 0.803923
0 0.854545 0.784315 0.954545 0.803923
0 0.154545 0.843139 0.253598 0.862747
0 0.254545 0.843139 0.353598 0.862747
0 0.354545 0.843139 0.453598 0.862747
0 0.454545 0.843139 0.553599 0.862747
0 0.554545 0.843139 0.653599 0.862747
0 0.654545 0.843139 0.753598 0.862747
0 0.754545 0.843139 0.853598 0.862747
0 0.854545 0.843139 0.954545 0.862747
0 0.154545 0.882355 0.253598 0.901964
0 0.254545 0.882355 0.353598 0.901964
0 0.354545 0.882355 0.453598 0.901964
0 0.454545 0.882355 0.553599 0.901964
0 0.554545 0.882355 0.653599 0.901964
0 0.654545 0.882355 0.753598 0.901964
0 0.754545 0.882355 0.853598 0.901964
0 0.854545 0.882355 0.954545 0.901964
0 0.154545 0.921572 0.253598 0.941181
0 0.254545 0.921572 0.353598 0.941181
0 0.354545 0.921572 0.453598 0.941181
0 0.454545 0.921572 0.553599 0.941181
0 0.554545 0.921572 0.653599 0.941181
0 0.654545 0.921572 0.753598 0.941181
0 0.754545 0.921572 0.853598 0.941181
0 0.854545 0.921572 0.954545 0.941181
