0 0.045455 0.094770 0.344508 0.117647
0 0.345455 0.094770 0.500000 0.117647
0 0.501263 0.094770 0.799053 0.117647
0 0.800000 0.094770 0.954545 0.117647
0 0.941919 0.160948 0.952020 0.174020
0 0.252273 0.176471 0.472727 0.196077
0 0.081818 0.254905 0.254545 0.274511
0 0.254545 0.254905 0.427273 0.274511
0 0.427273 0.254905 0.553599 0.274511
0 0.563636 0.254905 0.598737 0.274511
0 0.600000 0.254905 0.726326 0.274511
0 0.736364 0.254905 0.771465 0.274511
0 0.772727 0.254905 0.908144 0.274511
0 0.918182 0.254905 0.954545 0.274511
0 0.081818 0.274511 0.254545 0.294118
0 0.254545 0.274511 0.427273 0.294118
0 0.427273 0.274511 0.553599 0.294118
0 0.563636 0.274511 0.598737 0.294118
0 0.600000 0.274511 0.726326 0.294118
0 0.736364 0.274511 0.771465 0.294118
0 0.772727 0.274511 0.908144 0.294118
0 0.918182 0.274511 0.954545 0.294118
0 0.081818 0.294118 0.254545 0.313724
0 0.254545 0.294118 0.427273 0.313724
0 0.427273 0.294118 0.553599 0.313724
0 0.563636 0.294118 0.598737 0.313724
0 0.600000 0.294118 0.726326 0.313724
0 0.736364 0.294118 0.771465 0.313724
0 0.772727 0.294118 0.908144 0.313724
0 0.918182 0.294118 0.954545 0.313724
0 0.081818 0.313724 0.254545 0.333330
0 0.254545 0.313724 0.427273 0.333330
0 0.427273 0.313724 0.553599 0.333330
0 0.563636 0.313724 0.598737 0.333330
0 0.600000 0.313724 0.726326 0.333330
0 0.736364 0.313724 0.771465 0.333330
0 0.772727 0.313724 0.908144 0.333330
0 0.918182 0.313724 0.954545 0.333330
0 0.045455 0.411765 0.272727 0.431371
0 0.273990 0.411765 0.497475 0.431371
0 0.500000 0.411765 0.727273 0.431371
0 0.727273 0.411765 0.954545 0.431371
0 0.136364 0.442809 0.146465 0.455881
0 0.227273 0.442809 0.237374 0.455881
0 0.327273 0.442809 0.337374 0.455881
0 0.418182 0.442809 0.428283 0.455881
0 0.800000 0.480394 0.954545 0.500000
0 0.800000 0.500000 0.954545 0.519606
0 0.800000 0.519606 0.954545 0.539212
0 0.800000 0.539217 0.954545 0.558824
0 0.800000 0.558824 0.954545 0.578430
0 0.752273 0.599672 0.762374 0.612743
0 0.800000 0.617647 0.954545 0.637253
0 0.800000 0.637253 0.954545 0.656859
