0 0.058824 0.073231 0.739951 0.090909
0 0.741176 0.073231 0.941176 0.090909
0 0.470588 0.166668 0.587010 0.181818
0 0.588235 0.166668 0.704657 0.181818
0 0.705882 0.166668 0.822304 0.181818
0 0.823529 0.166668 0.941176 0.181818
0 0.470588 0.181818 0.587010 0.196968
0 0.588235 0.181818 0.704657 0.196968
0 0.705882 0.181818 0.822304 0.196968
0 0.823529 0.181818 0.941176 0.196968
0 0.470588 0.212120 0.587010 0.227273
0 0.588235 0.212120 0.704657 0.227273
0 0.705882 0.212120 0.822304 0.227273
0 0.823529 0.212120 0.941176 0.227273
0 0.470588 0.227273 0.587010 0.242423
0 0.588235 0.227273 0.704657 0.242423
0 0.705882 0.227273 0.822304 0.242423
0 0.823529 0.227273 0.941176 0.242423
0 0.470588 0.242423 0.587010 0.257573
0 0.588235 0.242423 0.704657 0.257573
0 0.705882 0.242423 0.822304 0.257573
0 0.823529 0.242423 0.941176 0.257573
0 0.470588 0.257573 0.587010 0.272723
0 0.588235 0.257573 0.704657 0.272723
0 0.705882 0.257573 0.822304 0.272723
0 0.823529 0.257573 0.941176 0.272723
0 0.470588 0.272723 0.587010 0.287874
0 0.588235 0.272723 0.704657 0.287874
0 0.705882 0.272723 0.822304 0.287874
0 0.823529 0.272723 0.941176 0.287874
0 0.470588 0.287874 0.587010 0.303024
0 0.588235 0.287874 0.704657 0.303024
0 0.705882 0.287874 0.822304 0.303024
0 0.823529 0.287874 0.941176 0.303024
0 0.470588 0.303024 0.587010 0.318174
0 0.588235 0.303024 0.704657 0.318174
0 0.705882 0.303024 0.822304 0.318174
0 0.823529 0.303024 0.941176 0.318174
0 0.470588 0.318174 0.587010 0.333324
0 0.588235 0.318174 0.704657 0.333324
0 0.705882 0.318174 0.822304 0.333324
0 0.823529 0.318174 0.941176 0.333324
0 0.470588 0.333324 0.587010 0.348475
0 0.588235 0.333324 0.704657 0.348475
0 0.705882 0.333324 0.822304 0.348475
0 0.823529 0.333324 0.941176 0.348475
0 0.470588 0.348475 0.587010 0.363625
0 0.588235 0.348475 0.704657 0.363625
0 0.705882 0.348475 0.822304 0.363625
0 0.823529 0.348475 0.941176 0.363625
0 0.470588 0.363625 0.587010 0.378775
0 0.588235 0.363625 0.704657 0.378775
0 0.705882 0.363625 0.822304 0.378775
0 0.823529 0.363625 0.941176 0.378775
0 0.470588 0.378775 0.587010 0.393926
0 0.588235 0.378775 0.704657 0.393926
0 0.705882 0.378775 0.822304 0.393926
0 0.823529 0.378775 0.941176 0.393926
0 0.470588 0.409077 0.587010 0.424230
0 0.588235 0.409077 0.704657 0.424230
0 0.705882 0.409077 0.822304 0.424230
0 0.823529 0.409077 0.941176 0.424230
0 0.470588 0.439381 0.587010 0.454534
0 0.588235 0.439381 0.704657 0.454534
0 0.705882 0.439381 0.822304 0.454534
0 0.823529 0.439381 0.941176 0.454534
0 0.470588 0.469686 0.587010 0.484838
0 0.588235 0.469686 0.704657 0.484838
0 0.705882 0.469686 0.822304 0.484838
0 0.823529 0.469686 0.941176 0.484838
0 0.470588 0.499990 0.587010 0.515143
0 0.588235 0.499990 0.704657 0.515143
0 0.705882 0.499990 0.822304 0.515143
0 0.823529 0.499990 0.941176 0.515143
0 0.470588 0.515143 0.587010 0.530293
0 0.588235 0.515143 0.704657 0.530293
0 0.705882 0.515143 0.822304 0.530293
0 0.823529 0.515143 0.941176 0.530293
0 0.470588 0.545444 0.587010 0.560597
0 0.588235 0.545444 0.704657 0.560597
0 0.705882 0.545444 0.822304 0.560597
0 0.823529 0.545444 0.941176 0.560597
0 0.470588 0.560597 0.587010 0.575747
0 0.588235 0.560597 0.704657 0.575747
0 0.705882 0.560597 0.822304 0.575747
0 0.823529 0.560597 0.941176 0.575747
0 0.470588 0.575747 0.587010 0.590898
0 0.588235 0.575747 0.704657 0.590898
0 0.705882 0.575747 0.822304 0.590898
0 0.823529 0.575747 0.941176 0.590898
0 0.470588 0.590898 0.587010 0.606048
0 0.588235 0.590898 0.704657 0.606048
0 0.705882 0.590898 0.822304 0.606048
0 0.823529 0.590898 0.941176 0.606048
0 0.470588 0.606048 0.587010 0.621198
0 0.588235 0.606048 0.704657 0.621198
0 0.705882 0.606048 0.822304 0.621198
0 0.823529 0.606048 0.941176 0.621198
0 0.470588 0.621198 0.587010 0.636348
0 0.588235 0.621198 0.704657 0.636348
0 0.705882 0.621198 0.822304 0.636348
0 0.823529 0.621198 0.941176 0.636348
0 0.470588 0.636348 0.587010 0.651499
0 0.588235 0.636348 0.704657 0.651499
0 0.705882 0.636348 0.822304 0.651499
0 0.823529 0.636348 0.941176 0.651499
0 0.470588 0.651499 0.587010 0.666649
0 0.588235 0.651499 0.704657 0.666649
0 0.705882 0.651499 0.822304 0.666649
0 0.823529 0.651499 0.941176 0.666649
0 0.470588 0.666649 0.587010 0.681799
0 0.588235 0.666649 0.704657 0.681799
0 0.705882 0.666649 0.822304 0.681799
0 0.823529 0.666649 0.941176 0.681799
0 0.470588 0.681799 0.587010 0.696950
0 0.588235 0.681799 0.704657 0.696950
0 0.705882 0.681799 0.822304 0.696950
0 0.823529 0.681799 0.941176 0.696950
0 0.470588 0.696950 0.587010 0.712100
0 0.588235 0.696950 0.704657 0.712100
0 0.705882 0.696950 0.822304 0.712100
0 0.823529 0.696950 0.941176 0.712100
0 0.470588 0.727251 0.587010 0.742404
0 0.588235 0.727251 0.704657 0.742404
0 0.705882 0.727251 0.822304 0.742404
0 0.823529 0.727251 0.941176 0.742404
0 0.470588 0.787859 0.587010 0.803009
0 0.588235 0.787859 0.704657 0.803009
0 0.705882 0.787859 0.822304 0.803009
0 0.823529 0.787859 0.941176 0.803009
