0 0.045455 0.094770 0.799053 0.117647
0 0.800000 0.094770 0.954545 0.117647
0 0.345455 0.176471 0.481818 0.196077
0 0.345455 0.196077 0.481818 0.215683
0 0.345455 0.254900 0.481818 0.274507
0 0.345455 0.274511 0.481818 0.294118
0 0.345455 0.333335 0.481818 0.352941
0 0.345455 0.352941 0.481818 0.372547
0 0.345455 0.411765 0.481818 0.431371
0 0.345455 0.431371 0.481818 0.450977
0 0.081818 0.509801 0.154545 0.529407
0 0.154545 0.509801 0.317235 0.529407
0 0.318182 0.509801 0.481818 0.529407
0 0.081818 0.529407 0.154545 0.549013
0 0.154545 0.529407 0.317235 0.549013
0 0.318182 0.529407 0.481818 0.549013
0 0.536364 0.196077 0.609091 0.215683
0 0.609091 0.196077 0.780871 0.215683
0 0.781818 0.196077 0.954545 0.215683
0 0.536364 0.215683 0.609091 0.235289
0 0.609091 0.215683 0.780871 0.235289
0 0.781818 0.215683 0.954545 0.235289
0 0.536364 0.294118 0.799053 0.313724
0 0.800000 0.294118 0.954545 0.313724
0 0.536364 0.313724 0.799053 0.333330
0 0.800000 0.313724 0.954545 0.333330
0 0.536364 0.392154 0.799053 0.411760
0 0.800000 0.392154 0.954545 0.411760
0 0.536364 0.411760 0.799053 0.431366
0 0.800000 0.411760 0.954545 0.431366
0 0.572727 0.598036 0.699053 0.617642
0 0.700000 0.598036 0.826326 0.617642
0 0.827273 0.598036 0.954545 0.617642
0 0.572727 0.617642 0.699053 0.637248
0 0.700000 0.617642 0.826326 0.637248
0 0.827273 0.617642 0.954545 0.637248
0 0.572727 0.637248 0.699053 0.656855
0 0.700000 0.637248 0.826326 0.656855
0 0.827273 0.637248 0.954545 0.656855
0 0.572727 0.656855 0.699053 0.676461
0 0.700000 0.656855 0.826326 0.676461
0 0.827273 0.656855 0.954545 0.676461
0 0.572727 0.676461 0.699053 0.696067
0 0.700000 0.676461 0.826326 0.696067
0 0.827273 0.676461 0.954545 0.696067
0 0.572727 0.696067 0.699053 0.715673
0 0.700000 0.696067 0.826326 0.715673
0 0.827273 0.696067 0.954545 0.715673
0 0.572727 0.715673 0.699053 0.735279
0 0.700000 0.715673 0.826326 0.735279
0 0.827273 0.715673 0.954545 0.735279
0 0.572727 0.735279 0.699053 0.754886
0 0.700000 0.735279 0.826326 0.754886
0 0.827273 0.735279 0.954545 0.754886
0 0.572727 0.754886 0.699053 0.774492
0 0.700000 0.754886 0.826326 0.774492
0 0.827273 0.754886 0.954545 0.774492
0 0.572727 0.774492 0.699053 0.794098
0 0.700000 0.774492 0.826326 0.794098
0 0.827273 0.774492 0.954545 0.794098
