0 0.105882 0.093433 0.118954 0.103534
0 0.435294 0.093433 0.448366 0.103534
0 0.105882 0.108583 0.118954 0.118684
0 0.435294 0.108583 0.448366 0.118684
0 0.105882 0.123422 0.118954 0.133523
0 0.435294 0.123422 0.448366 0.133523
0 0.500000 0.121213 0.858823 0.133838
0 0.878431 0.189394 0.898039 0.204545
0 0.913726 0.189394 0.933333 0.204545
0 0.878431 0.234848 0.898039 0.250000
0 0.913726 0.234848 0.933333 0.250000
0 0.878431 0.295453 0.898039 0.310605
0 0.913726 0.295453 0.933333 0.310605
0 0.058824 0.333332 0.481127 0.348482
0 0.482353 0.333332 0.635294 0.348482
0 0.636928 0.333332 0.787010 0.348482
0 0.788235 0.333332 0.941176 0.348482
0 0.058824 0.348482 0.481127 0.363633
0 0.482353 0.348482 0.635294 0.363633
0 0.636928 0.348482 0.787010 0.363633
0 0.788235 0.348482 0.941176 0.363633
0 0.058824 0.363633 0.481127 0.378783
0 0.482353 0.363633 0.635294 0.378783
0 0.636928 0.363633 0.787010 0.378783
0 0.788235 0.363633 0.941176 0.378783
0 0.058824 0.378783 0.481127 0.393933
0 0.482353 0.378783 0.635294 0.393933
0 0.636928 0.378783 0.787010 0.393933
0 0.788235 0.378783 0.941176 0.393933
0 0.058824 0.393933 0.481127 0.409083
0 0.482353 0.393933 0.635294 0.409083
0 0.636928 0.393933 0.787010 0.409083
0 0.788235 0.393933 0.941176 0.409083
0 0.878431 0.439394 0.898039 0.454545
0 0.913726 0.439394 0.933333 0.454545
0 0.058824 0.484850 0.445833 0.500000
0 0.447059 0.484850 0.564706 0.500000
0 0.566340 0.484850 0.681127 0.500000
0 0.683987 0.484850 0.810539 0.500000
0 0.811765 0.484850 0.941176 0.500000
0 0.058824 0.500000 0.445833 0.515150
0 0.447059 0.500000 0.564706 0.515150
0 0.566340 0.500000 0.681127 0.515150
0 0.683987 0.500000 0.810539 0.515150
0 0.811765 0.500000 0.941176 0.515150
0 0.058824 0.515150 0.445833 0.530300
0 0.447059 0.515150 0.564706 0.530300
0 0.566340 0.515150 0.681127 0.530300
0 0.683987 0.515150 0.810539 0.530300
0 0.811765 0.515150 0.941176 0.530300
0 0.058824 0.530300 0.445833 0.545451
0 0.447059 0.530300 0.564706 0.545451
0 0.566340 0.530300 0.681127 0.545451
0 0.683987 0.530300 0.810539 0.545451
0 0.811765 0.530300 0.941176 0.545451
0 0.058824 0.545451 0.445833 0.560601
0 0.447059 0.545451 0.564706 0.560601
0 0.566340 0.545451 0.681127 0.560601
0 0.683987 0.545451 0.810539 0.560601
0 0.811765 0.545451 0.941176 0.560601
0 0.878431 0.636362 0.898039 0.651514
0 0.913726 0.636362 0.933333 0.651514
0 0.878431 0.681817 0.898039 0.696968
0 0.913726 0.681817 0.933333 0.696968
0 0.878431 0.712121 0.898039 0.727273
0 0.913726 0.712121 0.933333 0.727273
0 0.878431 0.742422 0.898039 0.757573
0 0.913726 0.742422 0.933333 0.757573
0 0.594118 0.795455 0.858823 0.808080
0 0.878431 0.795453 0.898039 0.810605
0 0.913726 0.795453 0.933333 0.810605
0 0.878431 0.840908 0.898039 0.856059
0 0.913726 0.840908 0.933333 0.856059
0 0.717647 0.871213 0.858823 0.883838
0 0.878431 0.871212 0.898039 0.886364
0 0.913726 0.871212 0.933333 0.886364
0 0.322222 0.912878 0.447059 0.925503
0 0.738560 0.912878 0.851634 0.925503
0 0.878431 0.939394 0.898039 0.954545
0 0.913726 0.939394 0.933333 0.954545
