0 0.045455 0.094770 0.344508 0.117647
0 0.345455 0.094770 0.500000 0.117647
0 0.501263 0.094770 0.799053 0.117647
0 0.800000 0.094770 0.954545 0.117647
0 0.054545 0.161765 0.064646 0.174837
0 0.054545 0.181371 0.064646 0.194443
0 0.054545 0.200977 0.064646 0.214049
0 0.054545 0.220588 0.064646 0.233660
0 0.272727 0.161765 0.282828 0.174837
0 0.272727 0.181371 0.282828 0.194443
0 0.272727 0.200977 0.282828 0.214049
0 0.490909 0.161765 0.501010 0.174837
0 0.490909 0.181371 0.501010 0.194443
0 0.490909 0.200977 0.501010 0.214049
0 0.709091 0.161765 0.719192 0.174837
0 0.709091 0.181371 0.719192 0.194443
0 0.709091 0.200977 0.719192 0.214049
0 0.720707 0.330065 0.750000 0.349673
0 0.072727 0.372547 0.253283 0.392154
0 0.254545 0.372547 0.353598 0.392154
0 0.354545 0.372547 0.453598 0.392154
0 0.454545 0.372547 0.553599 0.392154
0 0.554545 0.372547 0.653599 0.392154
0 0.654545 0.372547 0.753598 0.392154
0 0.754545 0.372547 0.853598 0.392154
0 0.854545 0.372547 0.954545 0.392154
0 0.072727 0.392154 0.253283 0.411760
0 0.254545 0.392154 0.353598 0.411760
0 0.354545 0.392154 0.453598 0.411760
0 0.454545 0.392154 0.553599 0.411760
0 0.554545 0.392154 0.653599 0.411760
0 0.654545 0.392154 0.753598 0.411760
0 0.754545 0.392154 0.853598 0.411760
0 0.854545 0.392154 0.954545 0.411760
0 0.072727 0.411760 0.253283 0.431366
0 0.254545 0.411760 0.353598 0.431366
0 0.354545 0.411760 0.453598 0.431366
0 0.454545 0.411760 0.553599 0.431366
0 0.554545 0.411760 0.653599 0.431366
0 0.654545 0.411760 0.753598 0.431366
0 0.754545 0.411760 0.853598 0.431366
0 0.854545 0.411760 0.954545 0.431366
0 0.072727 0.450972 0.253283 0.470578
0 0.254545 0.450972 0.353598 0.470578
0 0.354545 0.450972 0.453598 0.470578
0 0.454545 0.450972 0.553599 0.470578
0 0.554545 0.450972 0.653599 0.470578
0 0.654545 0.450972 0.753598 0.470578
0 0.754545 0.450972 0.853598 0.470578
0 0.854545 0.450972 0.954545 0.470578
0 0.072727 0.470578 0.253283 0.490185
0 0.254545 0.470578 0.353598 0.490185
0 0.354545 0.470578 0.453598 0.490185
0 0.454545 0.470578 0.553599 0.490185
0 0.554545 0.470578 0.653599 0.490185
0 0.654545 0.470578 0.753598 0.490185
0 0.754545 0.470578 0.853598 0.490185
0 0.854545 0.470578 0.954545 0.490185
0 0.072727 0.490185 0.253283 0.509791
0 0.254545 0.490185 0.353598 0.509791
0 0.354545 0.490185 0.453598 0.509791
0 0.454545 0.490185 0.553599 0.509791
0 0.554545 0.490185 0.653599 0.509791
0 0.654545 0.490185 0.753598 0.509791
0 0.754545 0.490185 0.853598 0.509791
0 0.854545 0.490185 0.954545 0.509791
0 0.072727 0.529397 0.253283 0.549003
0 0.254545 0.529397 0.353598 0.549003
0 0.354545 0.529397 0.453598 0.549003
0 0.454545 0.529397 0.553599 0.549003
0 0.554545 0.529397 0.653599 0.549003
0 0.654545 0.529397 0.753598 0.549003
0 0.754545 0.529397 0.853598 0.549003
0 0.854545 0.529397 0.954545 0.549003
0 0.072727 0.549003 0.253283 0.568609
0 0.254545 0.549003 0.353598 0.568609
0 0.354545 0.549003 0.453598 0.568609
0 0.454545 0.549003 0.553599 0.568609
0 0.554545 0.549003 0.653599 0.568609
0 0.654545 0.549003 0.753598 0.568609
0 0.754545 0.549003 0.853598 0.568609
0 0.854545 0.549003 0.954545 0.568609
0 0.072727 0.568609 0.253283 0.588216
0 0.254545 0.568609 0.353598 0.588216
0 0.354545 0.568609 0.453598 0.588216
0 0.454545 0.568609 0.553599 0.588216
0 0.554545 0.568609 0.653599 0.588216
0 0.654545 0.568609 0.753598 0.588216
0 0.754545 0.568609 0.853598 0.588216
0 0.854545 0.568609 0.954545 0.588216
0 0.072727 0.607822 0.253283 0.627428
0 0.254545 0.607822 0.353598 0.627428
0 0.354545 0.607822 0.453598 0.627428
0 0.454545 0.607822 0.553599 0.627428
0 0.554545 0.607822 0.653599 0.627428
0 0.654545 0.607822 0.753598 0.627428
0 0.754545 0.607822 0.853598 0.627428
0 0.854545 0.607822 0.954545 0.627428
0 0.072727 0.627428 0.253283 0.647034
0 0.254545 0.627428 0.353598 0.647034
0 0.354545 0.627428 0.453598 0.647034
0 0.454545 0.627428 0.553599 0.647034
0 0.554545 0.627428 0.653599 0.647034
0 0.654545 0.627428 0.753598 0.647034
0 0.754545 0.627428 0.853598 0.647034
0 0.854545 0.627428 0.954545 0.647034
0 0.072727 0.647034 0.253283 0.666641
0 0.254545 0.647034 0.353598 0.666641
0 0.354545 0.647034 0.453598 0.666641
0 0.454545 0.647034 0.553599 0.666641
0 0.554545 0.647034 0.653599 0.666641
0 0.654545 0.647034 0.753598 0.666641
0 0.754545 0.647034 0.853598 0.666641
0 0.854545 0.647034 0.954545 0.666641
0 0.254545 0.666641 0.353598 0.686247
0 0.354545 0.666641 0.453598 0.686247
0 0.454545 0.666641 0.553599 0.686247
0 0.554545 0.666641 0.653599 0.686247
0 0.654545 0.666641 0.753598 0.686247
0 0.754545 0.666641 0.853598 0.686247
0 0.854545 0.666641 0.954545 0.686247
0 0.072727 0.705853 0.253283 0.725459
0 0.254545 0.705853 0.353598 0.725459
0 0.354545 0.705853 0.453598 0.725459
0 0.454545 0.705853 0.553599 0.725459
0 0.554545 0.705853 0.653599 0.725459
0 0.654545 0.705853 0.753598 0.725459
0 0.754545 0.705853 0.853598 0.725459
0 0.854545 0.705853 0.954545 0.725459
0 0.072727 0.725459 0.253283 0.745065
0 0.254545 0.725459 0.353598 0.745065
0 0.354545 0.725459 0.453598 0.745065
0 0.454545 0.725459 0.553599 0.745065
0 0.554545 0.725459 0.653599 0.745065
0 0.654545 0.725459 0.753598 0.745065
0 0.754545 0.725459 0.853598 0.745065
0 0.854545 0.725459 0.954545 0.745065
0 0.072727 0.745065 0.253283 0.764672
0 0.254545 0.745065 0.353598 0.764672
0 0.354545 0.745065 0.453598 0.764672
0 0.454545 0.745065 0.553599 0.764672
0 0.554545 0.745065 0.653599 0.764672
0 0.654545 0.745065 0.753598 0.764672
0 0.754545 0.745065 0.853598 0.764672
0 0.854545 0.745065 0.954545 0.764672
0 0.072727 0.803889 0.253283 0.823495
0 0.254545 0.803889 0.353598 0.823495
0 0.354545 0.803889 0.453598 0.823495
0 0.454545 0.803889 0.553599 0.823495
0 0.554545 0.803889 0.653599 0.823495
0 0.654545 0.803889 0.753598 0.823495
0 0.754545 0.803889 0.853598 0.823495
0 0.854545 0.803889 0.954545 0.823495
0 0.072727 0.823495 0.253283 0.843101
0 0.254545 0.823495 0.353598 0.843101
0 0.354545 0.823495 0.453598 0.843101
0 0.454545 0.823495 0.553599 0.843101
0 0.554545 0.823495 0.653599 0.843101
0 0.654545 0.823495 0.753598 0.843101
0 0.754545 0.823495 0.853598 0.843101
0 0.854545 0.823495 0.954545 0.843101
0 0.072727 0.843101 0.253283 0.862707
0 0.254545 0.843101 0.353598 0.862707
0 0.354545 0.843101 0.453598 0.862707
0 0.454545 0.843101 0.553599 0.862707
0 0.554545 0.843101 0.653599 0.862707
0 0.654545 0.843101 0.753598 0.862707
0 0.754545 0.843101 0.853598 0.862707
0 0.854545 0.843101 0.954545 0.862707
