0 0.082356 0.138893 0.095429 0.148995
0 0.294129 0.138893 0.307202 0.148995
0 0.082356 0.169199 0.095429 0.179300
0 0.341190 0.169199 0.354262 0.179300
0 0.082356 0.199501 0.095429 0.209602
0 0.341190 0.199501 0.354262 0.209602
0 0.082356 0.244957 0.095429 0.255058
0 0.423546 0.244957 0.436618 0.255058
0 0.082356 0.366175 0.095429 0.376277
0 0.341190 0.366175 0.354262 0.376277
0 0.236782 0.484869 0.941213 0.500020
0 0.238486 0.515171 0.423546 0.530322
0 0.702565 0.515171 0.847092 0.530322
0 0.207632 0.545477 0.423546 0.560627
0 0.552963 0.666695 0.681154 0.681846
0 0.682380 0.666695 0.810571 0.681846
0 0.811797 0.666695 0.941213 0.681846
0 0.552963 0.681846 0.681154 0.696997
0 0.682380 0.681846 0.810571 0.696997
0 0.811797 0.681846 0.941213 0.696997
0 0.552963 0.696997 0.681154 0.712148
0 0.682380 0.696997 0.810571 0.712148
0 0.811797 0.696997 0.941213 0.712148
0 0.552963 0.712148 0.681154 0.727298
0 0.682380 0.712148 0.810571 0.727298
0 0.811797 0.712148 0.941213 0.727298
0 0.552963 0.727298 0.681154 0.742449
0 0.682380 0.727298 0.810571 0.742449
0 0.811797 0.727298 0.941213 0.742449
0 0.552963 0.742449 0.681154 0.757600
0 0.682380 0.742449 0.810571 0.757600
0 0.811797 0.742449 0.941213 0.757600
0 0.552963 0.757600 0.681154 0.772751
0 0.682380 0.757600 0.810571 0.772751
0 0.811797 0.757600 0.941213 0.772751
0 0.552963 0.772751 0.681154 0.787902
0 0.682380 0.772751 0.810571 0.787902
0 0.811797 0.772751 0.941213 0.787902
0 0.552963 0.787902 0.681154 0.803053
0 0.682380 0.787902 0.810571 0.803053
0 0.811797 0.787902 0.941213 0.803053
0 0.552963 0.803053 0.681154 0.818204
0 0.682380 0.803053 0.810571 0.818204
0 0.811797 0.803053 0.941213 0.818204
0 0.552963 0.818204 0.681154 0.833354
0 0.682380 0.818204 0.810571 0.833354
0 0.811797 0.818204 0.941213 0.833354
0 0.552963 0.833354 0.681154 0.848505
0 0.682380 0.833354 0.810571 0.848505
0 0.811797 0.833354 0.941213 0.848505
0 0.552963 0.848505 0.681154 0.863656
0 0.682380 0.848505 0.810571 0.863656
0 0.811797 0.848505 0.941213 0.863656
0 0.552963 0.863656 0.681154 0.878807
0 0.682380 0.863656 0.810571 0.878807
0 0.811797 0.863656 0.941213 0.878807
0 0.552963 0.878807 0.681154 0.893958
0 0.682380 0.878807 0.810571 0.893958
0 0.811797 0.878807 0.941213 0.893958
