0 0.045455 0.094770 0.344508 0.117647
0 0.345455 0.094770 0.500000 0.117647
0 0.501263 0.094770 0.799053 0.117647
0 0.800000 0.094770 0.954545 0.117647
0 0.445455 0.196077 0.544508 0.215683
0 0.545455 0.196077 0.680871 0.215683
0 0.681818 0.196077 0.817235 0.215683
0 0.818182 0.196077 0.954545 0.215683
0 0.445455 0.215683 0.544508 0.235289
0 0.545455 0.215683 0.680871 0.235289
0 0.681818 0.215683 0.817235 0.235289
0 0.818182 0.215683 0.954545 0.235289
0 0.127284 0.235289 0.436375 0.254895
0 0.445455 0.235289 0.544508 0.254895
0 0.545455 0.235289 0.680871 0.254895
0 0.681818 0.235289 0.817235 0.254895
0 0.818182 0.235289 0.954545 0.254895
0 0.127284 0.254900 0.436375 0.274507
0 0.445455 0.254895 0.544508 0.274507
0 0.545455 0.254895 0.680871 0.274507
0 0.681818 0.254895 0.817235 0.274507
0 0.818182 0.254895 0.954545 0.274507
0 0.445455 0.274507 0.544508 0.294113
0 0.545455 0.274507 0.680871 0.294113
0 0.681818 0.274507 0.817235 0.294113
0 0.818182 0.274507 0.954545 0.294113
0 0.127284 0.294113 0.436375 0.313719
0 0.445455 0.294113 0.544508 0.313719
0 0.545455 0.294113 0.680871 0.313719
0 0.681818 0.294113 0.817235 0.313719
0 0.818182 0.294113 0.954545 0.313719
0 0.127284 0.313724 0.436375 0.333330
0 0.445455 0.313719 0.544508 0.333330
0 0.545455 0.313719 0.680871 0.333330
0 0.681818 0.313719 0.817235 0.333330
0 0.818182 0.313719 0.954545 0.333330
0 0.445455 0.333330 0.544508 0.352936
0 0.545455 0.333330 0.680871 0.352936
0 0.681818 0.333330 0.817235 0.352936
0 0.818182 0.333330 0.954545 0.352936
0 0.572727 0.431371 0.699053 0.450977
0 0.700000 0.431371 0.826326 0.450977
0 0.827273 0.431371 0.954545 0.450977
0 0.572727 0.450977 0.699053 0.470583
0 0.700000 0.450977 0.826326 0.470583
0 0.827273 0.450977 0.954545 0.470583
0 0.572727 0.470583 0.699053 0.490190
0 0.700000 0.470583 0.826326 0.490190
0 0.827273 0.470583 0.954545 0.490190
0 0.572727 0.490190 0.699053 0.509796
0 0.700000 0.490190 0.826326 0.509796
0 0.827273 0.490190 0.954545 0.509796
0 0.572727 0.529404 0.699053 0.549013
0 0.700000 0.529404 0.826326 0.549013
0 0.827273 0.529404 0.954545 0.549013
0 0.572727 0.607841 0.699053 0.627448
0 0.700000 0.607841 0.826326 0.627448
0 0.827273 0.607841 0.954545 0.627448
0 0.572727 0.627448 0.699053 0.647054
0 0.700000 0.627448 0.826326 0.647054
0 0.827273 0.627448 0.954545 0.647054
0 0.572727 0.647054 0.699053 0.666660
0 0.700000 0.647054 0.826326 0.666660
0 0.827273 0.647054 0.954545 0.666660
0 0.572727 0.666660 0.699053 0.686266
0 0.700000 0.666660 0.826326 0.686266
0 0.827273 0.666660 0.954545 0.686266
0 0.572727 0.686266 0.699053 0.705873
0 0.700000 0.686266 0.826326 0.705873
0 0.827273 0.686266 0.954545 0.705873
0 0.572727 0.705873 0.699053 0.725479
0 0.700000 0.705873 0.826326 0.725479
0 0.827273 0.705873 0.954545 0.725479
0 0.572727 0.725479 0.699053 0.745085
0 0.700000 0.725479 0.826326 0.745085
0 0.827273 0.725479 0.954545 0.745085
0 0.572727 0.745085 0.699053 0.764691
0 0.700000 0.745085 0.826326 0.764691
0 0.827273 0.745085 0.954545 0.764691
0 0.572727 0.784299 0.699053 0.803909
0 0.700000 0.784299 0.826326 0.803909
0 0.827273 0.784299 0.954545 0.803909
0 0.572727 0.803909 0.699053 0.823515
0 0.700000 0.803909 0.826326 0.823515
0 0.827273 0.803909 0.954545 0.823515
0 0.572727 0.823515 0.699053 0.843121
0 0.700000 0.823515 0.826326 0.843121
0 0.827273 0.823515 0.954545 0.843121
0 0.572727 0.843121 0.699053 0.862727
0 0.700000 0.843121 0.826326 0.862727
0 0.827273 0.843121 0.954545 0.862727
0 0.204293 0.862727 0.563636 0.882333
0 0.572727 0.862727 0.699053 0.882333
0 0.700000 0.862727 0.826326 0.882333
0 0.827273 0.862727 0.954545 0.882333
0 0.572727 0.921549 0.699053 0.941157
0 0.700000 0.921549 0.826326 0.941157
0 0.827273 0.921549 0.954545 0.941157
