0 0.552963 0.060607 0.681154 0.075758
0 0.682380 0.060607 0.810571 0.075758
0 0.811797 0.060607 0.941213 0.075758
0 0.552963 0.075758 0.681154 0.090909
0 0.682380 0.075758 0.810571 0.090909
0 0.811797 0.075758 0.941213 0.090909
0 0.552963 0.090909 0.681154 0.106060
0 0.682380 0.090909 0.810571 0.106060
0 0.811797 0.090909 0.941213 0.106060
0 0.552963 0.106060 0.681154 0.121211
0 0.682380 0.106060 0.810571 0.121211
0 0.811797 0.106060 0.941213 0.121211
0 0.552963 0.121211 0.681154 0.136362
0 0.682380 0.121211 0.810571 0.136362
0 0.811797 0.121211 0.941213 0.136362
0 0.552963 0.136362 0.681154 0.151512
0 0.682380 0.136362 0.810571 0.151512
0 0.811797 0.136362 0.941213 0.151512
0 0.552963 0.166665 0.681154 0.181818
0 0.682380 0.166665 0.810571 0.181818
0 0.811797 0.166665 0.941213 0.181818
0 0.552963 0.181818 0.681154 0.196969
0 0.682380 0.181818 0.810571 0.196969
0 0.811797 0.181818 0.941213 0.196969
0 0.552963 0.196969 0.681154 0.212120
0 0.682380 0.196969 0.810571 0.212120
0 0.811797 0.196969 0.941213 0.212120
0 0.552963 0.212120 0.681154 0.227271
0 0.682380 0.212120 0.810571 0.227271
0 0.811797 0.212120 0.941213 0.227271
0 0.552963 0.227271 0.681154 0.242421
0 0.682380 0.227271 0.810571 0.242421
0 0.811797 0.227271 0.941213 0.242421
0 0.552963 0.242421 0.681154 0.257572
0 0.682380 0.242421 0.810571 0.257572
0 0.811797 0.242421 0.941213 0.257572
0 0.552963 0.257572 0.681154 0.272723
0 0.682380 0.257572 0.810571 0.272723
0 0.811797 0.257572 0.941213 0.272723
0 0.552963 0.272723 0.681154 0.287874
0 0.682380 0.272723 0.810571 0.287874
0 0.811797 0.272723 0.941213 0.287874
0 0.552963 0.287874 0.681154 0.303025
0 0.682380 0.287874 0.810571 0.303025
0 0.811797 0.287874 0.941213 0.303025
0 0.485638 0.351023 0.498711 0.361124
0 0.552963 0.378784 0.681154 0.393938
0 0.682380 0.378784 0.810571 0.393938
0 0.811797 0.378784 0.941213 0.393938
0 0.552963 0.409090 0.681154 0.424243
0 0.682380 0.409090 0.810571 0.424243
0 0.811797 0.409090 0.941213 0.424243
0 0.552963 0.439395 0.681154 0.454549
0 0.682380 0.439395 0.810571 0.454549
0 0.811797 0.439395 0.941213 0.454549
0 0.552963 0.469701 0.681154 0.484854
0 0.682380 0.469701 0.810571 0.484854
0 0.811797 0.469701 0.941213 0.484854
0 0.552963 0.500006 0.681154 0.515160
0 0.682380 0.500006 0.810571 0.515160
0 0.811797 0.500006 0.941213 0.515160
0 0.552963 0.530312 0.681154 0.545465
0 0.682380 0.530312 0.810571 0.545465
0 0.811797 0.530312 0.941213 0.545465
0 0.552963 0.545465 0.681154 0.560616
0 0.682380 0.545465 0.810571 0.560616
0 0.811797 0.545465 0.941213 0.560616
0 0.552963 0.560616 0.681154 0.575767
0 0.682380 0.560616 0.810571 0.575767
0 0.811797 0.560616 0.941213 0.575767
0 0.552963 0.575767 0.681154 0.590918
0 0.682380 0.575767 0.810571 0.590918
0 0.811797 0.575767 0.941213 0.590918
0 0.552963 0.590918 0.681154 0.606069
0 0.682380 0.590918 0.810571 0.606069
0 0.811797 0.590918 0.941213 0.606069
0 0.552963 0.606069 0.681154 0.621220
0 0.682380 0.606069 0.810571 0.621220
0 0.811797 0.606069 0.941213 0.621220
0 0.552963 0.621220 0.681154 0.636370
0 0.682380 0.621220 0.810571 0.636370
0 0.811797 0.621220 0.941213 0.636370
0 0.552963 0.636370 0.681154 0.651521
0 0.682380 0.636370 0.810571 0.651521
0 0.811797 0.636370 0.941213 0.651521
0 0.552963 0.651521 0.681154 0.666672
0 0.682380 0.651521 0.810571 0.666672
0 0.811797 0.651521 0.941213 0.666672
0 0.552963 0.666672 0.681154 0.681823
0 0.682380 0.666672 0.810571 0.681823
0 0.811797 0.666672 0.941213 0.681823
