0 0.058826 0.118690 0.681154 0.136369
0 0.682380 0.118690 0.941213 0.136369
0 0.058826 0.272738 0.387025 0.303044
0 0.388251 0.272738 0.529433 0.303044
0 0.531067 0.272738 0.669389 0.303044
0 0.672249 0.272738 0.810571 0.303044
0 0.811797 0.272738 0.941213 0.303044
0 0.058826 0.303044 0.387025 0.333349
0 0.388251 0.303044 0.529433 0.333349
0 0.531067 0.303044 0.669389 0.333349
0 0.672249 0.303044 0.810571 0.333349
0 0.811797 0.303044 0.941213 0.333349
0 0.058826 0.333349 0.387025 0.363655
0 0.388251 0.333349 0.529433 0.363655
0 0.531067 0.333349 0.669389 0.363655
0 0.672249 0.333349 0.810571 0.363655
0 0.811797 0.333349 0.941213 0.363655
0 0.058826 0.363655 0.387025 0.393960
0 0.388251 0.363655 0.529433 0.393960
0 0.531067 0.363655 0.669389 0.393960
0 0.672249 0.363655 0.810571 0.393960
0 0.811797 0.363655 0.941213 0.393960
0 0.058826 0.393960 0.387025 0.424266
0 0.388251 0.393960 0.529433 0.424266
0 0.531067 0.393960 0.669389 0.424266
0 0.672249 0.393960 0.810571 0.424266
0 0.811797 0.393960 0.941213 0.424266
0 0.058826 0.424266 0.387025 0.454571
0 0.388251 0.424266 0.529433 0.454571
0 0.531067 0.424266 0.669389 0.454571
0 0.672249 0.424266 0.810571 0.454571
0 0.811797 0.424266 0.941213 0.454571
0 0.058826 0.454571 0.387025 0.484877
0 0.388251 0.454571 0.529433 0.484877
0 0.531067 0.454571 0.669389 0.484877
0 0.672249 0.454571 0.810571 0.484877
0 0.811797 0.454571 0.941213 0.484877
0 0.058826 0.606084 0.387025 0.636389
0 0.388251 0.606084 0.529433 0.636389
0 0.531067 0.606084 0.810571 0.636389
0 0.811797 0.606084 0.941213 0.636389
0 0.058826 0.636389 0.387025 0.666695
0 0.388251 0.636389 0.529433 0.666695
0 0.531067 0.636389 0.810571 0.666695
0 0.811797 0.636389 0.941213 0.666695
0 0.058826 0.666695 0.387025 0.697000
0 0.388251 0.666695 0.529433 0.697000
0 0.531067 0.666695 0.810571 0.697000
0 0.811797 0.666695 0.941213 0.697000
0 0.058826 0.697000 0.387025 0.727306
0 0.388251 0.697000 0.529433 0.727306
0 0.531067 0.697000 0.810571 0.727306
0 0.811797 0.697000 0.941213 0.727306
0 0.058826 0.727306 0.387025 0.757611
0 0.388251 0.727306 0.529433 0.757611
0 0.531067 0.727306 0.810571 0.757611
0 0.811797 0.727306 0.941213 0.757611
0 0.058826 0.757611 0.387025 0.787917
0 0.388251 0.757611 0.529433 0.787917
0 0.531067 0.757611 0.810571 0.787917
0 0.811797 0.757611 0.941213 0.787917
0 0.058826 0.787917 0.387025 0.818222
0 0.388251 0.787917 0.529433 0.818222
0 0.531067 0.787917 0.810571 0.818222
0 0.811797 0.787917 0.941213 0.818222
