0 0.058826 0.073234 0.692919 0.090913
0 0.694145 0.073234 0.941213 0.090913
0 0.211773 0.151520 0.692919 0.181826
0 0.832154 0.151520 0.941213 0.181826
0 0.094121 0.212131 0.622328 0.227282
0 0.623554 0.212131 0.835327 0.227282
0 0.835327 0.212131 0.941213 0.227282
0 0.094121 0.227282 0.622328 0.242433
0 0.623554 0.227282 0.835327 0.242433
0 0.835327 0.227282 0.941213 0.242433
0 0.094121 0.242433 0.622328 0.257584
0 0.623554 0.242433 0.835327 0.257584
0 0.835327 0.242433 0.941213 0.257584
0 0.094121 0.257584 0.622328 0.272735
0 0.623554 0.257584 0.835327 0.272735
0 0.835327 0.257584 0.941213 0.272735
0 0.094121 0.272735 0.622328 0.287885
0 0.623554 0.272735 0.835327 0.287885
0 0.835327 0.272735 0.941213 0.287885
0 0.094121 0.287885 0.622328 0.303036
0 0.623554 0.287885 0.835327 0.303036
0 0.835327 0.287885 0.941213 0.303036
0 0.094121 0.303036 0.622328 0.318187
0 0.623554 0.303036 0.835327 0.318187
0 0.835327 0.303036 0.941213 0.318187
0 0.094121 0.318187 0.622328 0.333338
0 0.623554 0.318187 0.835327 0.333338
0 0.835327 0.318187 0.941213 0.333338
0 0.094121 0.333338 0.622328 0.348489
0 0.623554 0.333338 0.835327 0.348489
0 0.835327 0.333338 0.941213 0.348489
0 0.094121 0.348489 0.622328 0.363640
0 0.623554 0.348489 0.835327 0.363640
0 0.835327 0.348489 0.941213 0.363640
0 0.094121 0.363640 0.622328 0.378791
0 0.623554 0.363640 0.835327 0.378791
0 0.835327 0.363640 0.941213 0.378791
0 0.094121 0.378791 0.622328 0.393941
0 0.623554 0.378791 0.835327 0.393941
0 0.835327 0.378791 0.941213 0.393941
0 0.094121 0.393941 0.622328 0.409092
0 0.623554 0.393941 0.835327 0.409092
0 0.835327 0.393941 0.941213 0.409092
0 0.094121 0.409092 0.622328 0.424243
0 0.623554 0.409092 0.835327 0.424243
0 0.835327 0.409092 0.941213 0.424243
0 0.094121 0.424243 0.622328 0.439394
0 0.623554 0.424243 0.835327 0.439394
0 0.835327 0.424243 0.941213 0.439394
0 0.094121 0.439394 0.622328 0.454545
0 0.623554 0.439394 0.835327 0.454545
0 0.835327 0.439394 0.941213 0.454545
0 0.094121 0.454545 0.622328 0.469696
0 0.623554 0.454545 0.835327 0.469696
0 0.835327 0.454545 0.941213 0.469696
0 0.094121 0.469696 0.622328 0.484847
0 0.623554 0.469696 0.835327 0.484847
0 0.835327 0.469696 0.941213 0.484847
0 0.094121 0.484847 0.622328 0.499997
0 0.623554 0.484847 0.835327 0.499997
0 0.835327 0.484847 0.941213 0.499997
0 0.094121 0.499997 0.622328 0.515148
0 0.623554 0.499997 0.835327 0.515148
0 0.835327 0.499997 0.941213 0.515148
0 0.094121 0.515148 0.622328 0.530299
0 0.623554 0.515148 0.835327 0.530299
0 0.835327 0.515148 0.941213 0.530299
0 0.094121 0.530299 0.622328 0.545450
0 0.623554 0.530299 0.835327 0.545450
0 0.835327 0.530299 0.941213 0.545450
0 0.094121 0.545450 0.622328 0.560601
0 0.623554 0.545450 0.835327 0.560601
0 0.835327 0.545450 0.941213 0.560601
0 0.094121 0.560601 0.622328 0.575752
0 0.623554 0.560601 0.835327 0.575752
0 0.835327 0.560601 0.941213 0.575752
0 0.094121 0.575752 0.622328 0.590903
0 0.623554 0.575752 0.835327 0.590903
0 0.835327 0.575752 0.941213 0.590903
0 0.094121 0.590903 0.622328 0.606054
0 0.623554 0.590903 0.835327 0.606054
0 0.835327 0.590903 0.941213 0.606054
0 0.094121 0.606054 0.622328 0.621204
0 0.623554 0.606054 0.835327 0.621204
0 0.835327 0.606054 0.941213 0.621204
0 0.094121 0.621204 0.622328 0.636355
0 0.623554 0.621204 0.835327 0.636355
0 0.835327 0.621204 0.941213 0.636355
0 0.094121 0.636355 0.622328 0.651506
0 0.623554 0.636355 0.835327 0.651506
0 0.835327 0.636355 0.941213 0.651506
0 0.094121 0.651506 0.622328 0.666657
0 0.623554 0.651506 0.835327 0.666657
0 0.835327 0.651506 0.941213 0.666657
0 0.094121 0.666657 0.622328 0.681808
0 0.623554 0.666657 0.835327 0.681808
0 0.835327 0.666657 0.941213 0.681808
0 0.094121 0.681808 0.622328 0.696959
0 0.623554 0.681808 0.835327 0.696959
0 0.835327 0.681808 0.941213 0.696959
0 0.094121 0.696959 0.622328 0.712110
0 0.623554 0.696959 0.835327 0.712110
0 0.835327 0.696959 0.941213 0.712110
0 0.094121 0.712110 0.622328 0.727260
0 0.623554 0.712110 0.835327 0.727260
0 0.835327 0.712110 0.941213 0.727260
0 0.094121 0.727260 0.622328 0.742411
0 0.623554 0.727260 0.835327 0.742411
0 0.835327 0.727260 0.941213 0.742411
0 0.094121 0.742411 0.622328 0.757562
0 0.623554 0.742411 0.835327 0.757562
0 0.835327 0.742411 0.941213 0.757562
0 0.094121 0.757562 0.622328 0.772713
0 0.623554 0.757562 0.835327 0.772713
0 0.835327 0.757562 0.941213 0.772713
