0 0.045455 0.094770 0.799053 0.117647
0 0.800000 0.094770 0.954545 0.117647
0 0.720833 0.196077 0.750000 0.212415
0 0.722727 0.215683 0.750000 0.232021
0 0.254545 0.235289 0.353598 0.254895
0 0.354545 0.235289 0.453598 0.254895
0 0.454545 0.235289 0.553599 0.254895
0 0.554545 0.235289 0.653599 0.254895
0 0.654545 0.235289 0.753598 0.254895
0 0.754545 0.235289 0.853598 0.254895
0 0.854545 0.235289 0.954545 0.254895
0 0.254545 0.274503 0.353598 0.294113
0 0.354545 0.274503 0.453598 0.294113
0 0.454545 0.274503 0.553599 0.294113
0 0.554545 0.274503 0.653599 0.294113
0 0.654545 0.274503 0.753598 0.294113
0 0.754545 0.274503 0.853598 0.294113
0 0.854545 0.274503 0.954545 0.294113
0 0.254545 0.333328 0.353598 0.352936
0 0.354545 0.333328 0.453598 0.352936
0 0.454545 0.333328 0.553599 0.352936
0 0.554545 0.333328 0.653599 0.352936
0 0.654545 0.333328 0.753598 0.352936
0 0.754545 0.333328 0.853598 0.352936
0 0.854545 0.333328 0.954545 0.352936
0 0.254545 0.392152 0.353598 0.411760
0 0.354545 0.392152 0.453598 0.411760
0 0.454545 0.392152 0.553599 0.411760
0 0.554545 0.392152 0.653599 0.411760
0 0.654545 0.392152 0.753598 0.411760
0 0.754545 0.392152 0.853598 0.411760
0 0.854545 0.392152 0.954545 0.411760
0 0.254545 0.431368 0.353598 0.450977
0 0.354545 0.431368 0.453598 0.450977
0 0.454545 0.431368 0.553599 0.450977
0 0.554545 0.431368 0.653599 0.450977
0 0.654545 0.431368 0.753598 0.450977
0 0.754545 0.431368 0.853598 0.450977
0 0.854545 0.431368 0.954545 0.450977
0 0.254545 0.490193 0.353598 0.509801
0 0.354545 0.490193 0.453598 0.509801
0 0.454545 0.490193 0.553599 0.509801
0 0.554545 0.490193 0.653599 0.509801
0 0.654545 0.490193 0.753598 0.509801
0 0.754545 0.490193 0.853598 0.509801
0 0.854545 0.490193 0.954545 0.509801
0 0.254545 0.529408 0.353598 0.549018
0 0.354545 0.529408 0.453598 0.549018
0 0.454545 0.529408 0.553599 0.549018
0 0.554545 0.529408 0.653599 0.549018
0 0.654545 0.529408 0.753598 0.549018
0 0.754545 0.529408 0.853598 0.549018
0 0.854545 0.529408 0.954545 0.549018
0 0.254545 0.568626 0.353598 0.588235
0 0.354545 0.568626 0.453598 0.588235
0 0.454545 0.568626 0.553599 0.588235
0 0.554545 0.568626 0.653599 0.588235
0 0.654545 0.568626 0.753598 0.588235
0 0.754545 0.568626 0.853598 0.588235
0 0.854545 0.568626 0.954545 0.588235
0 0.254545 0.607843 0.353598 0.627453
0 0.354545 0.607843 0.453598 0.627453
0 0.454545 0.607843 0.553599 0.627453
0 0.554545 0.607843 0.653599 0.627453
0 0.654545 0.607843 0.753598 0.627453
0 0.754545 0.607843 0.853598 0.627453
0 0.854545 0.607843 0.954545 0.627453
0 0.254545 0.666668 0.353598 0.686276
0 0.354545 0.666668 0.453598 0.686276
0 0.454545 0.666668 0.553599 0.686276
0 0.554545 0.666668 0.653599 0.686276
0 0.654545 0.666668 0.753598 0.686276
0 0.754545 0.666668 0.853598 0.686276
0 0.854545 0.666668 0.954545 0.686276
0 0.254545 0.686276 0.353598 0.705882
0 0.354545 0.686276 0.453598 0.705882
0 0.454545 0.686276 0.553599 0.705882
0 0.554545 0.686276 0.653599 0.705882
0 0.654545 0.686276 0.753598 0.705882
0 0.754545 0.686276 0.853598 0.705882
0 0.854545 0.686276 0.954545 0.705882
0 0.696086 0.764706 0.727273 0.781044
0 0.700000 0.784312 0.727273 0.800650
0 0.300000 0.803918 0.408144 0.823525
0 0.409091 0.803918 0.517235 0.823525
0 0.518182 0.803918 0.626326 0.823525
0 0.627273 0.803918 0.735417 0.823525
0 0.736364 0.803918 0.844508 0.823525
0 0.845455 0.803918 0.954545 0.823525
0 0.300000 0.823525 0.408144 0.843131
0 0.409091 0.823525 0.517235 0.843131
0 0.518182 0.823525 0.626326 0.843131
0 0.627273 0.823525 0.735417 0.843131
0 0.736364 0.823525 0.844508 0.843131
0 0.845455 0.823525 0.954545 0.843131
0 0.300000 0.862739 0.408144 0.882348
0 0.409091 0.862739 0.517235 0.882348
0 0.518182 0.862739 0.626326 0.882348
0 0.627273 0.862739 0.735417 0.882348
0 0.736364 0.862739 0.844508 0.882348
0 0.845455 0.862739 0.954545 0.882348
0 0.300000 0.901956 0.408144 0.921565
0 0.409091 0.901956 0.517235 0.921565
0 0.518182 0.901956 0.626326 0.921565
0 0.627273 0.901956 0.735417 0.921565
0 0.736364 0.901956 0.844508 0.921565
0 0.845455 0.901956 0.954545 0.921565
