0 0.058826 0.133845 0.692919 0.166675
0 0.694145 0.133845 0.941213 0.166675
0 0.835327 0.169199 0.848399 0.179300
0 0.894153 0.169199 0.907225 0.179300
0 0.470607 0.333347 0.587033 0.348500
0 0.588258 0.333347 0.704684 0.348500
0 0.705910 0.333347 0.822336 0.348500
0 0.823562 0.333347 0.941213 0.348500
0 0.470607 0.363652 0.587033 0.378806
0 0.588258 0.363652 0.704684 0.378806
0 0.705910 0.363652 0.822336 0.378806
0 0.823562 0.363652 0.941213 0.378806
0 0.470607 0.393958 0.587033 0.409111
0 0.588258 0.393958 0.704684 0.409111
0 0.705910 0.393958 0.822336 0.409111
0 0.823562 0.393958 0.941213 0.409111
0 0.470607 0.424263 0.587033 0.439417
0 0.588258 0.424263 0.704684 0.439417
0 0.705910 0.424263 0.822336 0.439417
0 0.823562 0.424263 0.941213 0.439417
0 0.788266 0.454564 0.941213 0.469715
0 0.788266 0.484869 0.941213 0.500020
0 0.788266 0.515171 0.941213 0.530322
0 0.788266 0.545477 0.941213 0.560627
0 0.470607 0.696998 0.587033 0.712151
0 0.588258 0.696998 0.704684 0.712151
0 0.705910 0.696998 0.822336 0.712151
0 0.823562 0.696998 0.941213 0.712151
0 0.470607 0.727303 0.587033 0.742457
0 0.588258 0.727303 0.704684 0.742457
0 0.705910 0.727303 0.822336 0.742457
0 0.823562 0.727303 0.941213 0.742457
0 0.470607 0.757609 0.587033 0.772762
0 0.588258 0.757609 0.704684 0.772762
0 0.705910 0.757609 0.822336 0.772762
0 0.823562 0.757609 0.941213 0.772762
0 0.470607 0.787914 0.587033 0.803068
0 0.588258 0.787914 0.704684 0.803068
0 0.705910 0.787914 0.822336 0.803068
0 0.823562 0.787914 0.941213 0.803068
0 0.788266 0.803064 0.941213 0.818215
0 0.788266 0.818215 0.941213 0.833366
0 0.788266 0.848520 0.941213 0.863671
0 0.788266 0.863671 0.941213 0.878822
0 0.788266 0.893977 0.941213 0.909128
