0 0.705882 0.121212 0.734641 0.132574
0 0.400000 0.030934 0.416340 0.043560
0 0.085621 0.070706 0.480719 0.136362
0 0.082353 0.148988 0.282353 0.166666
0 0.282353 0.148988 0.482353 0.166666
0 0.085621 0.179292 0.480719 0.212120
0 0.085621 0.224746 0.480719 0.242424
0 0.085621 0.255047 0.480719 0.272725
0 0.082353 0.285351 0.482353 0.303028
0 0.498693 0.060604 0.645425 0.075754
0 0.498693 0.090908 0.645425 0.106058
0 0.498693 0.121212 0.645425 0.136362
0 0.498693 0.151512 0.643791 0.166031
0 0.663399 0.151512 0.810131 0.166662
0 0.498693 0.196966 0.645425 0.212117
0 0.663399 0.196966 0.810131 0.212117
0 0.498693 0.227270 0.645425 0.242421
0 0.663399 0.227270 0.810131 0.242421
0 0.498693 0.257574 0.645425 0.272725
0 0.663399 0.257574 0.810131 0.272725
0 0.498693 0.287875 0.716013 0.303025
0 0.756209 0.289136 0.769281 0.299237
