0 0.705882 0.106059 0.734641 0.117422
0 0.294118 0.030934 0.310458 0.043561
0 0.400000 0.030934 0.416340 0.043561
0 0.085621 0.070707 0.481127 0.121213
0 0.082353 0.133840 0.282353 0.151518
0 0.282353 0.133840 0.482353 0.151518
0 0.085621 0.164140 0.481127 0.212119
0 0.085621 0.224749 0.481127 0.242427
0 0.085621 0.255049 0.481127 0.272727
0 0.498693 0.060605 0.645833 0.075755
0 0.482353 0.106062 0.647059 0.121213
0 0.498693 0.136364 0.645833 0.151514
0 0.498693 0.166668 0.645833 0.181818
0 0.498693 0.196968 0.645833 0.212119
0 0.498693 0.227273 0.645833 0.242423
0 0.498693 0.257577 0.645833 0.272727
0 0.498693 0.287878 0.645833 0.303028
0 0.663399 0.136364 0.810539 0.151514
0 0.663399 0.166668 0.810539 0.181818
0 0.663399 0.196968 0.810539 0.212119
0 0.663399 0.227273 0.810539 0.242423
0 0.663399 0.257577 0.810539 0.272727
0 0.663399 0.287878 0.810539 0.303028
