0 0.045455 0.114382 0.208144 0.137258
0 0.210354 0.114382 0.371780 0.137258
0 0.373990 0.114382 0.535417 0.137258
0 0.536364 0.114381 0.727273 0.137258
0 0.727273 0.114381 0.954545 0.137258
0 0.063636 0.254904 0.153456 0.274511
0 0.154403 0.254904 0.181675 0.274511
0 0.182938 0.254904 0.271495 0.274511
0 0.272442 0.254904 0.381652 0.274511
0 0.381652 0.254904 0.472561 0.274511
0 0.486991 0.235704 0.502774 0.256129
0 0.528405 0.235704 0.544188 0.256129
0 0.564769 0.235704 0.580552 0.256129
0 0.601133 0.235704 0.616915 0.256129
0 0.637496 0.235704 0.653279 0.256129
0 0.673860 0.235704 0.689643 0.256129
0 0.710223 0.235704 0.726006 0.256129
0 0.746587 0.235704 0.762370 0.256129
0 0.782951 0.235704 0.798734 0.256129
0 0.819314 0.235704 0.835097 0.256129
0 0.855678 0.235704 0.871461 0.256129
0 0.892042 0.235704 0.907825 0.256129
0 0.928405 0.235704 0.944188 0.256129
0 0.063636 0.313727 0.153456 0.333335
0 0.154403 0.313727 0.181675 0.333335
0 0.182938 0.313727 0.271495 0.333335
0 0.272442 0.313727 0.381652 0.333335
0 0.381652 0.313727 0.472561 0.333335
0 0.486991 0.294528 0.502774 0.314953
0 0.528405 0.294528 0.544188 0.314953
0 0.564769 0.294528 0.580552 0.314953
0 0.601133 0.294528 0.616915 0.314953
0 0.637496 0.294528 0.653279 0.314953
0 0.673860 0.294528 0.689643 0.314953
0 0.710223 0.294528 0.726006 0.314953
0 0.746587 0.294528 0.762370 0.314953
0 0.782951 0.294528 0.798734 0.314953
0 0.819314 0.294528 0.835097 0.314953
0 0.855678 0.294528 0.871461 0.314953
0 0.892042 0.294528 0.907825 0.314953
0 0.928405 0.294528 0.944188 0.314953
0 0.063636 0.372551 0.153456 0.392159
0 0.154403 0.372551 0.181675 0.392159
0 0.182938 0.372551 0.271495 0.392159
0 0.272442 0.372551 0.381652 0.392159
0 0.381652 0.372551 0.472561 0.392159
0 0.486991 0.353351 0.502774 0.373776
0 0.528405 0.353351 0.544188 0.373776
0 0.564769 0.353351 0.580552 0.373776
0 0.601133 0.353351 0.616915 0.373776
0 0.637496 0.353351 0.653279 0.373776
0 0.673860 0.353351 0.689643 0.373776
0 0.710223 0.353351 0.726006 0.373776
0 0.746587 0.353351 0.762370 0.373776
0 0.782951 0.353351 0.798734 0.373776
0 0.819314 0.353351 0.835097 0.373776
0 0.855678 0.353351 0.871461 0.373776
0 0.892042 0.353351 0.907825 0.373776
0 0.928405 0.353351 0.944188 0.373776
0 0.063636 0.431374 0.153456 0.450982
0 0.154403 0.431374 0.181675 0.450982
0 0.182938 0.431374 0.271495 0.450982
0 0.272442 0.431374 0.381652 0.450982
0 0.381652 0.431374 0.472561 0.450982
0 0.486991 0.412175 0.502774 0.432600
0 0.528405 0.412175 0.544188 0.432600
0 0.564769 0.412175 0.580552 0.432600
0 0.601133 0.412175 0.616915 0.432600
0 0.637496 0.412175 0.653279 0.432600
0 0.673860 0.412175 0.689643 0.432600
0 0.710223 0.412175 0.726006 0.432600
0 0.746587 0.412175 0.762370 0.432600
0 0.782951 0.412175 0.798734 0.432600
0 0.819314 0.412175 0.835097 0.432600
0 0.855678 0.412175 0.871461 0.432600
0 0.892042 0.412175 0.907825 0.432600
0 0.928405 0.412175 0.944188 0.432600
0 0.063636 0.490198 0.153456 0.509806
0 0.154403 0.490198 0.181675 0.509806
0 0.182938 0.490198 0.271495 0.509806
0 0.272442 0.490198 0.381652 0.509806
0 0.381652 0.490198 0.472561 0.509806
0 0.486991 0.470998 0.502774 0.491423
0 0.528405 0.470998 0.544188 0.491423
0 0.564769 0.470998 0.580552 0.491423
0 0.601133 0.470998 0.616915 0.491423
0 0.637496 0.470998 0.653279 0.491423
0 0.673860 0.470998 0.689643 0.491423
0 0.710223 0.470998 0.726006 0.491423
0 0.746587 0.470998 0.762370 0.491423
0 0.782951 0.470998 0.798734 0.491423
0 0.819314 0.470998 0.835097 0.491423
0 0.855678 0.470998 0.871461 0.491423
0 0.892042 0.470998 0.907825 0.491423
0 0.928405 0.470998 0.944188 0.491423
0 0.063636 0.549021 0.153456 0.568629
0 0.154403 0.549021 0.181675 0.568629
0 0.182938 0.549021 0.271495 0.568629
0 0.272442 0.549021 0.381652 0.568629
0 0.381652 0.549021 0.472561 0.568629
0 0.486991 0.529822 0.502774 0.550247
0 0.528405 0.529822 0.544188 0.550247
0 0.564769 0.529822 0.580552 0.550247
0 0.601133 0.529822 0.616915 0.550247
0 0.637496 0.529822 0.653279 0.550247
0 0.673860 0.529822 0.689643 0.550247
0 0.710223 0.529822 0.726006 0.550247
0 0.746587 0.529822 0.762370 0.550247
0 0.782951 0.529822 0.798734 0.550247
0 0.819314 0.529822 0.835097 0.550247
0 0.855678 0.529822 0.871461 0.550247
0 0.892042 0.529822 0.907825 0.550247
0 0.928405 0.529822 0.944188 0.550247
0 0.063636 0.607845 0.153456 0.627453
0 0.154403 0.607845 0.181675 0.627453
0 0.182938 0.607845 0.271495 0.627453
0 0.272442 0.607845 0.381652 0.627453
0 0.381652 0.607845 0.472561 0.627453
0 0.486991 0.588645 0.502774 0.609070
0 0.528405 0.588645 0.544188 0.609070
0 0.564769 0.588645 0.580552 0.609070
0 0.601133 0.588645 0.616915 0.609070
0 0.637496 0.588645 0.653279 0.609070
0 0.673860 0.588645 0.689643 0.609070
0 0.710223 0.588645 0.726006 0.609070
0 0.746587 0.588645 0.762370 0.609070
0 0.782951 0.588645 0.798734 0.609070
0 0.819314 0.588645 0.835097 0.609070
0 0.855678 0.588645 0.871461 0.609070
0 0.892042 0.588645 0.907825 0.609070
0 0.928405 0.588645 0.944188 0.609070
0 0.063636 0.666668 0.153456 0.686276
0 0.154403 0.666668 0.181675 0.686276
0 0.182938 0.666668 0.271495 0.686276
0 0.272442 0.666668 0.381652 0.686276
0 0.381652 0.666668 0.472561 0.686276
0 0.486991 0.647469 0.502774 0.667894
0 0.528405 0.647469 0.544188 0.667894
0 0.564769 0.647469 0.580552 0.667894
0 0.601133 0.647469 0.616915 0.667894
0 0.637496 0.647469 0.653279 0.667894
0 0.673860 0.647469 0.689643 0.667894
0 0.710223 0.647469 0.726006 0.667894
0 0.746587 0.647469 0.762370 0.667894
0 0.782951 0.647469 0.798734 0.667894
0 0.819314 0.647469 0.835097 0.667894
0 0.855678 0.647469 0.871461 0.667894
0 0.892042 0.647469 0.907825 0.667894
0 0.928405 0.647469 0.944188 0.667894
0 0.063636 0.725492 0.153456 0.745100
0 0.154403 0.725492 0.181675 0.745100
0 0.182938 0.725492 0.271495 0.745100
0 0.272442 0.725492 0.381652 0.745100
0 0.381652 0.725492 0.472561 0.745100
0 0.486991 0.706292 0.502774 0.726717
0 0.528405 0.706292 0.544188 0.726717
0 0.564769 0.706292 0.580552 0.726717
0 0.601133 0.706292 0.616915 0.726717
0 0.637496 0.706292 0.653279 0.726717
0 0.673860 0.706292 0.689643 0.726717
0 0.710223 0.706292 0.726006 0.726717
0 0.746587 0.706292 0.762370 0.726717
0 0.782951 0.706292 0.798734 0.726717
0 0.819314 0.706292 0.835097 0.726717
0 0.855678 0.706292 0.871461 0.726717
0 0.892042 0.706292 0.907825 0.726717
0 0.928405 0.706292 0.944188 0.726717
0 0.063636 0.784315 0.153456 0.803923
0 0.154403 0.784315 0.181675 0.803923
0 0.182938 0.784315 0.271495 0.803923
0 0.272442 0.784315 0.381652 0.803923
0 0.381652 0.784315 0.472561 0.803923
0 0.486991 0.765116 0.502774 0.785541
0 0.528405 0.765116 0.544188 0.785541
0 0.564769 0.765116 0.580552 0.785541
0 0.601133 0.765116 0.616915 0.785541
0 0.637496 0.765116 0.653279 0.785541
0 0.673860 0.765116 0.689643 0.785541
0 0.710223 0.765116 0.726006 0.785541
0 0.746587 0.765116 0.762370 0.785541
0 0.782951 0.765116 0.798734 0.785541
0 0.819314 0.765116 0.835097 0.785541
0 0.855678 0.765116 0.871461 0.785541
0 0.892042 0.765116 0.907825 0.785541
0 0.928405 0.765116 0.944188 0.785541
0 0.063636 0.843139 0.153456 0.862747
0 0.154403 0.843139 0.181675 0.862747
0 0.182938 0.843139 0.271495 0.862747
0 0.272442 0.843139 0.381652 0.862747
0 0.381652 0.843139 0.472561 0.862747
0 0.486991 0.823940 0.502774 0.844364
0 0.528405 0.823940 0.544188 0.844364
0 0.564769 0.823940 0.580552 0.844364
0 0.601133 0.823940 0.616915 0.844364
0 0.637496 0.823940 0.653279 0.844364
0 0.673860 0.823940 0.689643 0.844364
0 0.710223 0.823940 0.726006 0.844364
0 0.746587 0.823940 0.762370 0.844364
0 0.782951 0.823940 0.798734 0.844364
0 0.819314 0.823940 0.835097 0.844364
0 0.855678 0.823940 0.871461 0.844364
0 0.892042 0.823940 0.907825 0.844364
0 0.928405 0.823940 0.944188 0.844364
0 0.063636 0.901962 0.153456 0.921570
0 0.154403 0.901962 0.181675 0.921570
0 0.182938 0.901962 0.271495 0.921570
0 0.272442 0.901962 0.381652 0.921570
0 0.381652 0.901962 0.472561 0.921570
0 0.486991 0.882763 0.502774 0.903188
0 0.528405 0.882763 0.544188 0.903188
0 0.564769 0.882763 0.580552 0.903188
0 0.601133 0.882763 0.616915 0.903188
0 0.637496 0.882763 0.653279 0.903188
0 0.673860 0.882763 0.689643 0.903188
0 0.710223 0.882763 0.726006 0.903188
0 0.746587 0.882763 0.762370 0.903188
0 0.782951 0.882763 0.798734 0.903188
0 0.819314 0.882763 0.835097 0.903188
0 0.855678 0.882763 0.871461 0.903188
0 0.892042 0.882763 0.907825 0.903188
0 0.928405 0.882763 0.944188 0.903188
