0 0.705882 0.121213 0.752941 0.132576
0 0.305882 0.030934 0.322222 0.043561
0 0.400000 0.030934 0.416340 0.043561
0 0.085621 0.070707 0.480719 0.166668
0 0.085621 0.179294 0.280719 0.227273
0 0.283987 0.179294 0.480719 0.227273
0 0.085621 0.239899 0.480719 0.272727
0 0.085621 0.285354 0.480719 0.318182
0 0.085621 0.330808 0.480719 0.363636
0 0.438560 0.391414 0.451632 0.401515
0 0.085621 0.421717 0.480719 0.454545
0 0.483987 0.058081 0.645425 0.090909
0 0.494118 0.121213 0.645425 0.136364
0 0.494118 0.166668 0.810131 0.181818
0 0.494118 0.212122 0.810131 0.227273
0 0.494118 0.242423 0.645425 0.257573
0 0.658824 0.242423 0.810131 0.257573
0 0.494118 0.272727 0.645425 0.287878
0 0.648693 0.272729 0.810131 0.287881
0 0.494118 0.318182 0.645425 0.333332
0 0.658824 0.318182 0.810131 0.333332
0 0.494118 0.363636 0.645425 0.378787
0 0.658824 0.363636 0.810131 0.378787
0 0.494118 0.393941 0.645425 0.409091
0 0.658824 0.393941 0.810131 0.409091
0 0.483987 0.439394 0.645425 0.454545
0 0.648693 0.424242 0.692484 0.439395
0 0.648693 0.439395 0.692484 0.454545
0 0.695752 0.424242 0.810131 0.439395
0 0.695752 0.439395 0.810131 0.454545
0 0.823529 0.424241 0.941176 0.439391
0 0.823529 0.439395 0.941176 0.454545
