0 0.702199 0.121213 0.734641 0.136364
0 0.305882 0.031566 0.322222 0.044192
0 0.400000 0.031566 0.416340 0.044192
0 0.083987 0.070707 0.481127 0.136364
0 0.082353 0.148990 0.282353 0.166668
0 0.282353 0.148990 0.482353 0.166668
0 0.083987 0.179294 0.481127 0.212122
0 0.083987 0.224749 0.481127 0.242427
0 0.083987 0.255049 0.481127 0.272727
0 0.082353 0.285354 0.482353 0.303032
0 0.501961 0.151514 0.645425 0.166664
0 0.666667 0.151514 0.810131 0.166664
0 0.482353 0.179294 0.647059 0.212122
0 0.666667 0.196968 0.810131 0.212119
0 0.552941 0.214646 0.566013 0.224747
0 0.552941 0.233586 0.566013 0.243687
0 0.552941 0.256313 0.566013 0.266414
