0 0.709091 0.078838 0.724874 0.099263
0 0.045455 0.192810 0.571780 0.215688
0 0.573990 0.192810 0.726326 0.215688
0 0.045455 0.232028 0.726326 0.254905
0 0.045455 0.271240 0.408144 0.294118
0 0.410354 0.271240 0.571780 0.294118
0 0.573990 0.271240 0.726326 0.294118
0 0.045455 0.310458 0.571780 0.333335
0 0.573990 0.310458 0.726326 0.333335
0 0.045455 0.349675 0.571780 0.372552
0 0.573990 0.349675 0.726326 0.372552
0 0.045455 0.388887 0.726326 0.411765
0 0.045455 0.428105 0.408144 0.450982
0 0.410354 0.428105 0.571780 0.450982
0 0.573990 0.428105 0.726326 0.450982
0 0.045455 0.467322 0.571780 0.490199
0 0.573990 0.467322 0.726326 0.490199
0 0.928030 0.499590 0.943813 0.520015
0 0.845455 0.549020 0.954545 0.568629
0 0.928032 0.578025 0.943814 0.598449
0 0.845455 0.647060 0.954545 0.666670
0 0.854924 0.685864 0.870707 0.706289
0 0.918561 0.685864 0.934343 0.706289
0 0.054924 0.783905 0.070707 0.804330
0 0.290909 0.783905 0.306692 0.804330
0 0.481818 0.783905 0.497601 0.804330
0 0.690909 0.783905 0.706692 0.804330
0 0.436364 0.862747 0.709091 0.882356
