0 0.400000 0.030934 0.416340 0.043561
0 0.085621 0.068182 0.480719 0.166668
0 0.085621 0.179294 0.292484 0.227273
0 0.295752 0.179294 0.480719 0.227273
0 0.085621 0.239899 0.480719 0.272727
0 0.085621 0.285354 0.480719 0.318182
0 0.085621 0.330808 0.480719 0.363636
0 0.085621 0.376263 0.480719 0.393941
0 0.085621 0.406567 0.363072 0.424245
0 0.450325 0.411615 0.463397 0.421716
0 0.483987 0.058081 0.692484 0.106059
0 0.483987 0.118686 0.941176 0.136364
0 0.483987 0.148990 0.645425 0.166668
0 0.648693 0.148990 0.810131 0.166668
0 0.505882 0.181818 0.645425 0.196968
0 0.670588 0.181818 0.810131 0.196968
0 0.505882 0.212122 0.645425 0.227273
0 0.670588 0.212122 0.810131 0.227273
0 0.623529 0.229797 0.636601 0.239898
0 0.623529 0.244947 0.636601 0.255048
0 0.623529 0.260101 0.636601 0.270202
0 0.788235 0.244947 0.801307 0.255048
0 0.788235 0.260101 0.801307 0.270202
0 0.505882 0.287878 0.645425 0.303028
0 0.779737 0.290401 0.792809 0.300503
0 0.623529 0.320706 0.636601 0.330807
0 0.623529 0.335856 0.636601 0.345957
0 0.779737 0.335856 0.792809 0.345957
0 0.505882 0.378787 0.645425 0.393937
0 0.670588 0.378787 0.810131 0.393937
0 0.505882 0.424241 0.645425 0.439391
0 0.670588 0.424241 0.810131 0.439391
0 0.615031 0.457069 0.628103 0.467170
0 0.670588 0.454545 0.810131 0.469696
0 0.085621 0.439395 0.210131 0.454545
0 0.085621 0.454545 0.210131 0.469696
0 0.213399 0.439395 0.339542 0.454545
0 0.213399 0.454545 0.339542 0.469696
0 0.364706 0.439395 0.480719 0.454545
0 0.364706 0.454545 0.480719 0.469696
