0 0.707967 0.121213 0.734641 0.132576
0 0.305882 0.030461 0.322222 0.043087
0 0.400000 0.030461 0.416340 0.043087
0 0.085621 0.069444 0.481127 0.136364
0 0.082353 0.148990 0.282353 0.166668
0 0.282353 0.148990 0.482353 0.166668
0 0.085621 0.179294 0.481127 0.212122
0 0.085621 0.224749 0.481127 0.242427
0 0.085621 0.255049 0.481127 0.272727
0 0.082353 0.285354 0.482353 0.303032
0 0.482353 0.058081 0.647059 0.090909
0 0.501961 0.121213 0.645425 0.136364
0 0.483987 0.148990 0.810539 0.196968
0 0.788726 0.207701 0.805065 0.220327
0 0.788889 0.249369 0.805229 0.261995
0 0.501961 0.287878 0.810131 0.303028
