0 0.705882 0.121213 0.734641 0.132576
0 0.305882 0.031566 0.322222 0.044192
0 0.400000 0.031566 0.416340 0.044192
0 0.085621 0.070707 0.480719 0.136364
0 0.082353 0.148990 0.282353 0.166668
0 0.282353 0.148990 0.482353 0.166668
0 0.085621 0.179294 0.480719 0.212122
0 0.085621 0.224749 0.480719 0.242427
0 0.085621 0.255049 0.480719 0.272727
0 0.082353 0.285354 0.482353 0.303032
0 0.482353 0.058081 0.647059 0.075759
0 0.501961 0.090909 0.645425 0.106059
0 0.501961 0.121213 0.645425 0.136364
0 0.483987 0.148990 0.810131 0.212122
0 0.788235 0.220961 0.804575 0.233587
0 0.482353 0.285354 0.647059 0.303032
0 0.666667 0.287878 0.810131 0.303028
