0 0.670588 0.121213 0.729412 0.132576
0 0.305882 0.031566 0.322222 0.044192
0 0.400000 0.031566 0.416340 0.044192
0 0.085621 0.075758 0.480719 0.166668
0 0.082353 0.181819 0.282353 0.227273
0 0.282353 0.181819 0.482353 0.227273
0 0.085621 0.242424 0.480719 0.272727
0 0.085621 0.287879 0.480719 0.318182
0 0.085621 0.333333 0.480719 0.363636
0 0.085621 0.424242 0.398366 0.454545
0 0.434641 0.426765 0.447712 0.436866
0 0.505882 0.075759 0.645425 0.090909
0 0.505882 0.121213 0.645425 0.136364
0 0.505882 0.151514 0.645425 0.166664
0 0.670588 0.151514 0.810131 0.166664
0 0.505882 0.212122 0.645425 0.227273
0 0.670588 0.212122 0.810131 0.227273
0 0.618299 0.260101 0.631371 0.270202
0 0.670588 0.257577 0.810131 0.272727
0 0.505882 0.303032 0.645425 0.318182
0 0.670588 0.303032 0.810131 0.318182
0 0.505882 0.348486 0.645425 0.363636
0 0.670588 0.348486 0.810131 0.363636
0 0.434641 0.391414 0.447712 0.401515
0 0.505882 0.393941 0.645425 0.409091
0 0.670588 0.393941 0.810131 0.409091
0 0.505882 0.424241 0.645425 0.439391
0 0.505882 0.439395 0.645425 0.454545
0 0.647059 0.424241 0.811765 0.439391
0 0.647059 0.439395 0.811765 0.454545
0 0.835294 0.424241 0.941176 0.439391
0 0.835294 0.439395 0.941176 0.454545
