0 0.705882 0.121212 0.734641 0.132574
0 0.400000 0.031565 0.416340 0.044191
0 0.085621 0.075757 0.481127 0.136362
0 0.082353 0.148988 0.282353 0.166666
0 0.282353 0.148988 0.482353 0.166666
0 0.085621 0.179292 0.481127 0.212120
0 0.085621 0.224746 0.481127 0.242424
0 0.085621 0.255047 0.481127 0.272725
0 0.082353 0.285351 0.482353 0.303028
0 0.482353 0.075757 0.647059 0.090908
0 0.501961 0.121212 0.643791 0.136362
0 0.482353 0.148988 0.647059 0.166666
0 0.650327 0.148988 0.810539 0.166666
0 0.482353 0.239897 0.808497 0.272725
