0 0.724732 0.121212 0.752941 0.132574
0 0.400000 0.030934 0.416340 0.043560
0 0.085621 0.075757 0.480719 0.166666
0 0.082353 0.181818 0.282353 0.212120
0 0.282353 0.181818 0.482353 0.212120
0 0.085621 0.227272 0.480719 0.257574
0 0.085621 0.272726 0.480719 0.303028
0 0.085621 0.318180 0.480719 0.348483
0 0.101307 0.381307 0.114379 0.391408
0 0.101307 0.411611 0.114379 0.421712
0 0.498693 0.075758 0.645425 0.090908
0 0.483987 0.121212 0.645425 0.136362
0 0.482353 0.166666 0.811765 0.181816
0 0.482353 0.212120 0.647059 0.227270
0 0.498693 0.242421 0.645425 0.257571
0 0.663399 0.242421 0.810131 0.257571
0 0.498693 0.272725 0.645425 0.287875
0 0.663399 0.272725 0.810131 0.287875
0 0.498693 0.303028 0.645425 0.318179
0 0.663399 0.303028 0.810131 0.318179
0 0.498693 0.333329 0.645425 0.348479
0 0.663399 0.333329 0.810131 0.348479
0 0.498693 0.363633 0.645425 0.378783
0 0.663399 0.363633 0.810131 0.378783
0 0.498693 0.393937 0.645425 0.409087
0 0.663399 0.393937 0.810131 0.409087
0 0.483987 0.424238 0.810131 0.454541
