0 0.682353 0.136364 0.729412 0.147726
0 0.305882 0.031566 0.320588 0.042929
0 0.400000 0.031566 0.414706 0.042929
0 0.085621 0.073232 0.480719 0.174241
0 0.259477 0.190657 0.275817 0.203283
0 0.259477 0.211490 0.275817 0.224116
0 0.459477 0.190657 0.475817 0.203283
0 0.459477 0.211490 0.475817 0.224116
0 0.085621 0.242424 0.480719 0.272727
0 0.085621 0.287879 0.480719 0.333332
0 0.085621 0.348484 0.480719 0.363636
0 0.085621 0.378788 0.480719 0.409091
0 0.082353 0.424242 0.482353 0.454545
0 0.482353 0.060606 0.647059 0.075759
0 0.482353 0.090910 0.647059 0.106063
0 0.498693 0.136364 0.644935 0.151514
0 0.498693 0.174241 0.645425 0.189391
0 0.647059 0.174241 0.811765 0.189391
0 0.482353 0.212122 0.647059 0.227273
0 0.663399 0.212122 0.810131 0.227273
0 0.498693 0.242423 0.645425 0.257573
0 0.663399 0.242423 0.810131 0.257573
0 0.498693 0.272727 0.645425 0.287878
0 0.663399 0.272727 0.810131 0.287878
0 0.498693 0.303032 0.645425 0.318182
0 0.663399 0.303032 0.810131 0.318182
0 0.498693 0.333332 0.645425 0.348482
0 0.663399 0.333332 0.810131 0.348482
0 0.498693 0.363636 0.645425 0.378787
0 0.663399 0.363636 0.810131 0.378787
0 0.498693 0.393941 0.645425 0.409091
0 0.663399 0.393941 0.810131 0.409091
0 0.483987 0.424241 0.645425 0.439391
0 0.483987 0.439395 0.645425 0.454545
0 0.647059 0.424242 0.811765 0.439395
0 0.647059 0.439395 0.811765 0.454545
0 0.828105 0.424241 0.941176 0.439391
0 0.828105 0.439395 0.941176 0.454545
