0 0.705882 0.136364 0.734641 0.147726
0 0.404467 0.047347 0.419173 0.058711
0 0.085621 0.085857 0.481127 0.181818
0 0.082353 0.212121 0.282353 0.242427
0 0.282353 0.212121 0.482353 0.242427
0 0.085621 0.257575 0.481127 0.272727
0 0.085621 0.287879 0.481127 0.318182
0 0.085621 0.333333 0.481127 0.348482
0 0.482353 0.075756 0.647059 0.106059
0 0.482353 0.121211 0.647059 0.151514
0 0.482353 0.166665 0.564706 0.181818
0 0.566340 0.166665 0.681127 0.181818
0 0.683987 0.166665 0.810539 0.181818
0 0.482353 0.196970 0.811765 0.242423
0 0.511111 0.244947 0.524183 0.255048
0 0.482353 0.287878 0.811765 0.318182
0 0.498693 0.333332 0.810131 0.348482
0 0.111111 0.351010 0.124183 0.361111
0 0.111111 0.396465 0.124183 0.406566
0 0.085621 0.454545 0.810539 0.530304
0 0.734641 0.532830 0.747712 0.542931
0 0.793464 0.532830 0.806536 0.542931
0 0.136266 0.575759 0.810131 0.590909
0 0.793464 0.603535 0.806536 0.613636
0 0.085621 0.621213 0.810539 0.681818
0 0.793464 0.684342 0.806536 0.694443
