0 0.214836 0.195670 0.230619 0.216095
0 0.314836 0.196487 0.330619 0.216912
0 0.373990 0.215686 0.544192 0.235294
0 0.546717 0.215686 0.680556 0.235294
0 0.723927 0.196078 0.739710 0.216503
0 0.783081 0.215686 0.954545 0.235294
0 0.214836 0.255310 0.230619 0.275735
0 0.314836 0.255310 0.330619 0.275735
0 0.373990 0.274510 0.544192 0.294118
0 0.546717 0.274510 0.680556 0.294118
0 0.723927 0.254902 0.739710 0.275327
0 0.783081 0.274510 0.954545 0.294118
0 0.214836 0.314134 0.230619 0.334559
0 0.314836 0.314134 0.330619 0.334559
0 0.373990 0.333333 0.544192 0.352941
0 0.546717 0.333333 0.680556 0.352941
0 0.723927 0.313725 0.739710 0.334150
0 0.783081 0.333333 0.954545 0.352941
0 0.214836 0.372958 0.230619 0.393382
0 0.314836 0.372958 0.330619 0.393382
0 0.373990 0.392157 0.544192 0.411765
0 0.546717 0.392157 0.680556 0.411765
0 0.723927 0.372549 0.739710 0.392974
0 0.783081 0.392157 0.954545 0.411765
0 0.214836 0.431781 0.230619 0.452206
0 0.314836 0.431781 0.330619 0.452206
0 0.373990 0.450980 0.544192 0.470588
0 0.546717 0.450980 0.680556 0.470588
0 0.723927 0.431373 0.739710 0.451797
0 0.783081 0.450980 0.954545 0.470588
0 0.214836 0.490605 0.230619 0.511029
0 0.314836 0.490605 0.330619 0.511029
0 0.373990 0.509804 0.544192 0.529412
0 0.546717 0.509804 0.680556 0.529412
0 0.723927 0.490196 0.739710 0.510621
0 0.783081 0.509804 0.954545 0.529412
0 0.214836 0.549428 0.230619 0.569853
0 0.314836 0.549428 0.330619 0.569853
0 0.373990 0.568627 0.544192 0.588235
0 0.546717 0.568627 0.680556 0.588235
0 0.723927 0.549020 0.739710 0.569444
0 0.783081 0.568627 0.954545 0.588235
0 0.214836 0.608252 0.230619 0.628676
0 0.314836 0.608252 0.330619 0.628676
0 0.373990 0.627451 0.544192 0.647059
0 0.546717 0.627451 0.680556 0.647059
0 0.723927 0.607843 0.739710 0.628268
0 0.783081 0.627451 0.954545 0.647059
0 0.214836 0.667075 0.230619 0.687500
0 0.314836 0.667075 0.330619 0.687500
0 0.373990 0.686275 0.544192 0.705882
0 0.546717 0.686275 0.680556 0.705882
0 0.723927 0.666667 0.739710 0.687092
0 0.783081 0.686275 0.954545 0.705882
0 0.214836 0.725899 0.230619 0.746324
0 0.314836 0.725899 0.330619 0.746324
0 0.373990 0.745098 0.544192 0.764706
0 0.546717 0.745098 0.680556 0.764706
0 0.723927 0.725490 0.739710 0.745915
0 0.783081 0.745098 0.954545 0.764706
0 0.214836 0.784722 0.230619 0.805147
0 0.314836 0.784722 0.330619 0.805147
0 0.373990 0.803922 0.544192 0.823529
0 0.546717 0.803922 0.680556 0.823529
0 0.723927 0.784314 0.739710 0.804739
0 0.783081 0.803922 0.954545 0.823529
0 0.214836 0.843546 0.230619 0.863971
0 0.314836 0.843546 0.330619 0.863971
0 0.373990 0.862745 0.544192 0.882353
0 0.546717 0.862745 0.680556 0.882353
0 0.723927 0.843137 0.739710 0.863562
0 0.783081 0.862745 0.954545 0.882353
0 0.214836 0.902369 0.230619 0.922794
0 0.314836 0.902369 0.330619 0.922794
0 0.373990 0.921569 0.544192 0.941176
0 0.546717 0.921569 0.680556 0.941176
0 0.723927 0.901961 0.739710 0.922386
0 0.783081 0.921569 0.954545 0.941176
