0 0.305882 0.030934 0.322222 0.043560
0 0.400000 0.030934 0.416340 0.043560
0 0.085621 0.070706 0.480719 0.136362
0 0.082353 0.148988 0.282353 0.166666
0 0.282353 0.148988 0.458824 0.166666
0 0.461928 0.151514 0.475000 0.161615
0 0.085621 0.179292 0.480719 0.212120
0 0.085621 0.224746 0.480719 0.242424
0 0.085621 0.255047 0.480719 0.272725
0 0.085621 0.285351 0.327778 0.303028
0 0.497059 0.075758 0.645425 0.090908
0 0.497059 0.196966 0.645425 0.212117
0 0.661765 0.196966 0.810131 0.212117
0 0.494118 0.257574 0.645425 0.272725
0 0.791340 0.258204 0.804412 0.268305
0 0.461928 0.287876 0.475000 0.297977
0 0.626634 0.287876 0.639706 0.297977
0 0.661765 0.287875 0.810131 0.303025
