0 0.518182 0.140521 0.597475 0.160129
0 0.763636 0.140521 0.842929 0.160129
0 0.142424 0.205882 0.218182 0.225489
0 0.381818 0.225489 0.462689 0.245095
0 0.463636 0.225489 0.544508 0.245095
0 0.545455 0.225489 0.626326 0.245095
0 0.627273 0.225489 0.708144 0.245095
0 0.709091 0.225489 0.789962 0.245095
0 0.790909 0.225489 0.871780 0.245095
0 0.872727 0.225489 0.954545 0.245095
0 0.381818 0.245095 0.462689 0.264701
0 0.463636 0.245095 0.544508 0.264701
0 0.545455 0.245095 0.626326 0.264701
0 0.627273 0.245095 0.708144 0.264701
0 0.709091 0.245095 0.789962 0.264701
0 0.790909 0.245095 0.871780 0.264701
0 0.872727 0.245095 0.954545 0.264701
0 0.381818 0.264701 0.462689 0.284307
0 0.463636 0.264701 0.544508 0.284307
0 0.545455 0.264701 0.626326 0.284307
0 0.627273 0.264701 0.708144 0.284307
0 0.709091 0.264701 0.789962 0.284307
0 0.790909 0.264701 0.871780 0.284307
0 0.872727 0.264701 0.954545 0.284307
0 0.381818 0.284307 0.462689 0.303913
0 0.463636 0.284307 0.544508 0.303913
0 0.545455 0.284307 0.626326 0.303913
0 0.627273 0.284307 0.708144 0.303913
0 0.709091 0.284307 0.789962 0.303913
0 0.790909 0.284307 0.871780 0.303913
0 0.872727 0.284307 0.954545 0.303913
0 0.381818 0.323521 0.462689 0.343131
0 0.463636 0.323521 0.544508 0.343131
0 0.545455 0.323521 0.626326 0.343131
0 0.627273 0.323521 0.708144 0.343131
0 0.709091 0.323521 0.789962 0.343131
0 0.790909 0.323521 0.871780 0.343131
0 0.872727 0.323521 0.954545 0.343131
0 0.381818 0.362739 0.462689 0.382348
0 0.463636 0.362739 0.544508 0.382348
0 0.545455 0.362739 0.626326 0.382348
0 0.627273 0.362739 0.708144 0.382348
0 0.709091 0.362739 0.789962 0.382348
0 0.790909 0.362739 0.871780 0.382348
0 0.872727 0.362739 0.954545 0.382348
0 0.381818 0.401956 0.462689 0.421565
0 0.463636 0.401956 0.544508 0.421565
0 0.545455 0.401956 0.626326 0.421565
0 0.627273 0.401956 0.708144 0.421565
0 0.709091 0.401956 0.789962 0.421565
0 0.790909 0.401956 0.871780 0.421565
0 0.872727 0.401956 0.954545 0.421565
0 0.142424 0.421565 0.218182 0.441172
0 0.381818 0.441172 0.462689 0.460778
0 0.463636 0.441172 0.544508 0.460778
0 0.545455 0.441172 0.626326 0.460778
0 0.627273 0.441172 0.708144 0.460778
0 0.709091 0.441172 0.789962 0.460778
0 0.790909 0.441172 0.871780 0.460778
0 0.872727 0.441172 0.954545 0.460778
0 0.381818 0.460778 0.462689 0.480384
0 0.463636 0.460778 0.544508 0.480384
0 0.545455 0.460778 0.626326 0.480384
0 0.627273 0.460778 0.708144 0.480384
0 0.709091 0.460778 0.789962 0.480384
0 0.790909 0.460778 0.871780 0.480384
0 0.872727 0.460778 0.954545 0.480384
0 0.381818 0.480384 0.462689 0.499990
0 0.463636 0.480384 0.544508 0.499990
0 0.545455 0.480384 0.626326 0.499990
0 0.627273 0.480384 0.708144 0.499990
0 0.709091 0.480384 0.789962 0.499990
0 0.790909 0.480384 0.871780 0.499990
0 0.872727 0.480384 0.954545 0.499990
0 0.381818 0.499990 0.462689 0.519596
0 0.463636 0.499990 0.544508 0.519596
0 0.545455 0.499990 0.626326 0.519596
0 0.627273 0.499990 0.708144 0.519596
0 0.709091 0.499990 0.789962 0.519596
0 0.790909 0.499990 0.871780 0.519596
0 0.872727 0.499990 0.954545 0.519596
0 0.381818 0.539204 0.462689 0.558814
0 0.463636 0.539204 0.544508 0.558814
0 0.545455 0.539204 0.626326 0.558814
0 0.627273 0.539204 0.708144 0.558814
0 0.709091 0.539204 0.789962 0.558814
0 0.790909 0.539204 0.871780 0.558814
0 0.872727 0.539204 0.954545 0.558814
0 0.381818 0.578422 0.462689 0.598031
0 0.463636 0.578422 0.544508 0.598031
0 0.545455 0.578422 0.626326 0.598031
0 0.627273 0.578422 0.708144 0.598031
0 0.709091 0.578422 0.789962 0.598031
0 0.790909 0.578422 0.871780 0.598031
0 0.872727 0.578422 0.954545 0.598031
0 0.381818 0.617639 0.462689 0.637248
0 0.463636 0.617639 0.544508 0.637248
0 0.545455 0.617639 0.626326 0.637248
0 0.627273 0.617639 0.708144 0.637248
0 0.709091 0.617639 0.789962 0.637248
0 0.790909 0.617639 0.871780 0.637248
0 0.872727 0.617639 0.954545 0.637248
0 0.142424 0.637248 0.218182 0.656855
0 0.381818 0.656855 0.462689 0.676461
0 0.463636 0.656855 0.544508 0.676461
0 0.545455 0.656855 0.626326 0.676461
0 0.627273 0.656855 0.708144 0.676461
0 0.709091 0.656855 0.789962 0.676461
0 0.790909 0.656855 0.871780 0.676461
0 0.872727 0.656855 0.954545 0.676461
0 0.381818 0.676461 0.462689 0.696067
0 0.463636 0.676461 0.544508 0.696067
0 0.545455 0.676461 0.626326 0.696067
0 0.627273 0.676461 0.708144 0.696067
0 0.709091 0.676461 0.789962 0.696067
0 0.790909 0.676461 0.871780 0.696067
0 0.872727 0.676461 0.954545 0.696067
0 0.381818 0.696067 0.462689 0.715673
0 0.463636 0.696067 0.544508 0.715673
0 0.545455 0.696067 0.626326 0.715673
0 0.627273 0.696067 0.708144 0.715673
0 0.709091 0.696067 0.789962 0.715673
0 0.790909 0.696067 0.871780 0.715673
0 0.872727 0.696067 0.954545 0.715673
0 0.381818 0.715673 0.462689 0.735279
0 0.463636 0.715673 0.544508 0.735279
0 0.545455 0.715673 0.626326 0.735279
0 0.627273 0.715673 0.708144 0.735279
0 0.709091 0.715673 0.789962 0.735279
0 0.790909 0.715673 0.871780 0.735279
0 0.872727 0.715673 0.954545 0.735279
0 0.381818 0.754887 0.462689 0.774497
0 0.463636 0.754887 0.544508 0.774497
0 0.545455 0.754887 0.626326 0.774497
0 0.627273 0.754887 0.708144 0.774497
0 0.709091 0.754887 0.789962 0.774497
0 0.790909 0.754887 0.871780 0.774497
0 0.872727 0.754887 0.954545 0.774497
0 0.381818 0.794105 0.462689 0.813714
0 0.463636 0.794105 0.544508 0.813714
0 0.545455 0.794105 0.626326 0.813714
0 0.627273 0.794105 0.708144 0.813714
0 0.709091 0.794105 0.789962 0.813714
0 0.790909 0.794105 0.871780 0.813714
0 0.872727 0.794105 0.954545 0.813714
0 0.381818 0.833322 0.462689 0.852931
0 0.463636 0.833322 0.544508 0.852931
0 0.545455 0.833322 0.626326 0.852931
0 0.627273 0.833322 0.708144 0.852931
0 0.709091 0.833322 0.789962 0.852931
0 0.790909 0.833322 0.871780 0.852931
0 0.872727 0.833322 0.954545 0.852931
0 0.381818 0.892147 0.462689 0.911755
0 0.463636 0.892147 0.544508 0.911755
0 0.545455 0.892147 0.626326 0.911755
0 0.627273 0.892147 0.708144 0.911755
0 0.709091 0.892147 0.789962 0.911755
0 0.790909 0.892147 0.871780 0.911755
0 0.872727 0.892147 0.954545 0.911755
