0 0.045455 0.094770 0.780871 0.117647
0 0.781818 0.094770 0.954545 0.117647
0 0.045455 0.245100 0.348485 0.264706
0 0.348485 0.245100 0.499053 0.264706
0 0.500000 0.245100 0.650568 0.264706
0 0.651515 0.245100 0.802083 0.264706
0 0.803030 0.245100 0.954545 0.264706
0 0.045455 0.264706 0.348485 0.284312
0 0.348485 0.264706 0.499053 0.284312
0 0.500000 0.264706 0.650568 0.284312
0 0.651515 0.264706 0.802083 0.284312
0 0.803030 0.264706 0.954545 0.284312
0 0.045455 0.343136 0.196023 0.362742
0 0.196970 0.343136 0.347538 0.362742
0 0.348485 0.343136 0.499053 0.362742
0 0.500000 0.343136 0.650568 0.362742
0 0.651515 0.343136 0.802083 0.362742
0 0.803030 0.343136 0.954545 0.362742
0 0.045455 0.362742 0.196023 0.382348
0 0.196970 0.362742 0.347538 0.382348
0 0.348485 0.362742 0.499053 0.382348
0 0.500000 0.362742 0.650568 0.382348
0 0.651515 0.362742 0.802083 0.382348
0 0.803030 0.362742 0.954545 0.382348
0 0.045455 0.441176 0.196023 0.460783
0 0.196970 0.441176 0.347538 0.460783
0 0.348485 0.441176 0.499053 0.460783
0 0.500000 0.441176 0.650568 0.460783
0 0.651515 0.441176 0.802083 0.460783
0 0.803030 0.441176 0.954545 0.460783
0 0.045455 0.460783 0.196023 0.480389
0 0.196970 0.460783 0.347538 0.480389
0 0.348485 0.460783 0.499053 0.480389
0 0.500000 0.460783 0.650568 0.480389
0 0.651515 0.460783 0.802083 0.480389
0 0.803030 0.460783 0.954545 0.480389
0 0.045455 0.578435 0.409091 0.598041
0 0.409091 0.578435 0.589962 0.598041
0 0.590909 0.578435 0.771780 0.598041
0 0.772727 0.578435 0.954545 0.598041
0 0.045455 0.598041 0.409091 0.617467
0 0.409091 0.598041 0.589962 0.617467
0 0.590909 0.598041 0.771780 0.617467
0 0.772727 0.598041 0.954545 0.617467
