0 0.045455 0.094770 0.780871 0.117647
0 0.781818 0.094770 0.954545 0.117647
0 0.073674 0.225489 0.180871 0.245095
0 0.183081 0.225489 0.680871 0.245095
0 0.682765 0.225489 0.817235 0.245095
0 0.819129 0.225489 0.954545 0.245095
0 0.073674 0.245095 0.180871 0.264701
0 0.183081 0.245095 0.680871 0.264701
0 0.682765 0.245095 0.817235 0.264701
0 0.819129 0.245095 0.954545 0.264701
0 0.073674 0.264701 0.180871 0.284307
0 0.183081 0.264701 0.680871 0.284307
0 0.682765 0.264701 0.817235 0.284307
0 0.819129 0.264701 0.954545 0.284307
0 0.073674 0.284307 0.180871 0.303913
0 0.183081 0.284307 0.680871 0.303913
0 0.682765 0.284307 0.817235 0.303913
0 0.819129 0.284307 0.954545 0.303913
0 0.073674 0.303913 0.180871 0.323520
0 0.183081 0.303913 0.680871 0.323520
0 0.682765 0.303913 0.817235 0.323520
0 0.819129 0.303913 0.954545 0.323520
0 0.072727 0.362747 0.262689 0.382353
0 0.335227 0.365196 0.346591 0.379902
0 0.489773 0.365196 0.501136 0.379902
0 0.573674 0.362747 0.762689 0.382353
0 0.763636 0.362747 0.953598 0.382353
0 0.072727 0.382353 0.262689 0.401959
0 0.335227 0.384802 0.346591 0.399508
0 0.489773 0.384802 0.501136 0.399508
0 0.573674 0.382353 0.762689 0.401959
0 0.763636 0.382353 0.953598 0.401959
0 0.072727 0.401959 0.262689 0.421565
0 0.335227 0.404408 0.346591 0.419114
0 0.489773 0.404408 0.501136 0.419114
0 0.573674 0.401959 0.762689 0.421565
0 0.763636 0.401959 0.953598 0.421565
0 0.072727 0.421565 0.262689 0.441172
0 0.335227 0.424015 0.346591 0.438721
0 0.489773 0.424015 0.501136 0.438721
0 0.573674 0.421565 0.762689 0.441172
0 0.763636 0.421565 0.953598 0.441172
0 0.072727 0.441172 0.262689 0.460778
0 0.335227 0.443621 0.346591 0.458327
0 0.489773 0.443621 0.501136 0.458327
0 0.573674 0.441172 0.762689 0.460778
0 0.763636 0.441172 0.953598 0.460778
