0 0.318182 0.323529 0.408144 0.343136
0 0.409091 0.323529 0.499053 0.343136
0 0.500000 0.323529 0.589962 0.343136
0 0.590909 0.323529 0.680871 0.343136
0 0.681818 0.323529 0.771780 0.343136
0 0.772727 0.323529 0.862689 0.343136
0 0.863636 0.323529 0.954545 0.343136
0 0.142424 0.382353 0.218182 0.401959
0 0.318182 0.401959 0.408144 0.421565
0 0.409091 0.401959 0.499053 0.421565
0 0.500000 0.401959 0.589962 0.421565
0 0.590909 0.401959 0.680871 0.421565
0 0.681818 0.401959 0.771780 0.421565
0 0.772727 0.401959 0.862689 0.421565
0 0.863636 0.401959 0.954545 0.421565
0 0.318182 0.421565 0.408144 0.441172
0 0.409091 0.421565 0.499053 0.441172
0 0.500000 0.421565 0.589962 0.441172
0 0.590909 0.421565 0.680871 0.441172
0 0.681818 0.421565 0.771780 0.441172
0 0.772727 0.421565 0.862689 0.441172
0 0.863636 0.421565 0.954545 0.441172
0 0.318182 0.441172 0.408144 0.460778
0 0.409091 0.441172 0.499053 0.460778
0 0.500000 0.441172 0.589962 0.460778
0 0.590909 0.441172 0.680871 0.460778
0 0.681818 0.441172 0.771780 0.460778
0 0.772727 0.441172 0.862689 0.460778
0 0.863636 0.441172 0.954545 0.460778
0 0.142424 0.460778 0.218182 0.480384
0 0.318182 0.480384 0.408144 0.499990
0 0.409091 0.480384 0.499053 0.499990
0 0.500000 0.480384 0.589962 0.499990
0 0.590909 0.480384 0.680871 0.499990
0 0.681818 0.480384 0.771780 0.499990
0 0.772727 0.480384 0.862689 0.499990
0 0.863636 0.480384 0.954545 0.499990
0 0.318182 0.499990 0.408144 0.519596
0 0.409091 0.499990 0.499053 0.519596
0 0.500000 0.499990 0.589962 0.519596
0 0.590909 0.499990 0.680871 0.519596
0 0.681818 0.499990 0.771780 0.519596
0 0.772727 0.499990 0.862689 0.519596
0 0.863636 0.499990 0.954545 0.519596
0 0.318182 0.519596 0.408144 0.539203
0 0.409091 0.519596 0.499053 0.539203
0 0.500000 0.519596 0.589962 0.539203
0 0.590909 0.519596 0.680871 0.539203
0 0.681818 0.519596 0.771780 0.539203
0 0.772727 0.519596 0.862689 0.539203
0 0.863636 0.519596 0.954545 0.539203
0 0.142424 0.539203 0.218182 0.558809
0 0.318182 0.558809 0.408144 0.578415
0 0.409091 0.558809 0.499053 0.578415
0 0.500000 0.558809 0.589962 0.578415
0 0.590909 0.558809 0.680871 0.578415
0 0.681818 0.558809 0.771780 0.578415
0 0.772727 0.558809 0.862689 0.578415
0 0.863636 0.558809 0.954545 0.578415
0 0.318182 0.578415 0.408144 0.598021
0 0.409091 0.578415 0.499053 0.598021
0 0.500000 0.578415 0.589962 0.598021
0 0.590909 0.578415 0.680871 0.598021
0 0.681818 0.578415 0.771780 0.598021
0 0.772727 0.578415 0.862689 0.598021
0 0.863636 0.578415 0.954545 0.598021
0 0.318182 0.598021 0.408144 0.617627
0 0.409091 0.598021 0.499053 0.617627
0 0.500000 0.598021 0.589962 0.617627
0 0.590909 0.598021 0.680871 0.617627
0 0.681818 0.598021 0.771780 0.617627
0 0.772727 0.598021 0.862689 0.617627
0 0.863636 0.598021 0.954545 0.617627
0 0.142424 0.617627 0.218182 0.637234
0 0.318182 0.637234 0.408144 0.656840
0 0.409091 0.637234 0.499053 0.656840
0 0.500000 0.637234 0.589962 0.656840
0 0.590909 0.637234 0.680871 0.656840
0 0.681818 0.637234 0.771780 0.656840
0 0.772727 0.637234 0.862689 0.656840
0 0.863636 0.637234 0.954545 0.656840
0 0.318182 0.656840 0.408144 0.676446
0 0.409091 0.656840 0.499053 0.676446
0 0.500000 0.656840 0.589962 0.676446
0 0.590909 0.656840 0.680871 0.676446
0 0.681818 0.656840 0.771780 0.676446
0 0.772727 0.656840 0.862689 0.676446
0 0.863636 0.656840 0.954545 0.676446
0 0.318182 0.676446 0.408144 0.696052
0 0.409091 0.676446 0.499053 0.696052
0 0.500000 0.676446 0.589962 0.696052
0 0.590909 0.676446 0.680871 0.696052
0 0.681818 0.676446 0.771780 0.696052
0 0.772727 0.676446 0.862689 0.696052
0 0.863636 0.676446 0.954545 0.696052
0 0.142424 0.696052 0.218182 0.715658
0 0.318182 0.715658 0.408144 0.735265
0 0.409091 0.715658 0.499053 0.735265
0 0.500000 0.715658 0.589962 0.735265
0 0.590909 0.715658 0.680871 0.735265
0 0.681818 0.715658 0.771780 0.735265
0 0.772727 0.715658 0.862689 0.735265
0 0.863636 0.715658 0.954545 0.735265
0 0.318182 0.735265 0.408144 0.754871
0 0.409091 0.735265 0.499053 0.754871
0 0.500000 0.735265 0.589962 0.754871
0 0.590909 0.735265 0.680871 0.754871
0 0.681818 0.735265 0.771780 0.754871
0 0.772727 0.735265 0.862689 0.754871
0 0.863636 0.735265 0.954545 0.754871
0 0.318182 0.754871 0.408144 0.774477
0 0.409091 0.754871 0.499053 0.774477
0 0.500000 0.754871 0.589962 0.774477
0 0.590909 0.754871 0.680871 0.774477
0 0.681818 0.754871 0.771780 0.774477
0 0.772727 0.754871 0.862689 0.774477
0 0.863636 0.754871 0.954545 0.774477
0 0.318182 0.794083 0.408144 0.813690
0 0.409091 0.794083 0.499053 0.813690
0 0.500000 0.794083 0.589962 0.813690
0 0.590909 0.794083 0.680871 0.813690
0 0.681818 0.794083 0.771780 0.813690
0 0.772727 0.794083 0.862689 0.813690
0 0.863636 0.794083 0.954545 0.813690
0 0.318182 0.813690 0.408144 0.833296
0 0.409091 0.813690 0.499053 0.833296
0 0.500000 0.813690 0.589962 0.833296
0 0.590909 0.813690 0.680871 0.833296
0 0.681818 0.813690 0.771780 0.833296
0 0.772727 0.813690 0.862689 0.833296
0 0.863636 0.813690 0.954545 0.833296
0 0.318182 0.833296 0.408144 0.852902
0 0.409091 0.833296 0.499053 0.852902
0 0.500000 0.833296 0.589962 0.852902
0 0.590909 0.833296 0.680871 0.852902
0 0.681818 0.833296 0.771780 0.852902
0 0.772727 0.833296 0.862689 0.852902
0 0.863636 0.833296 0.954545 0.852902
0 0.772727 0.852941 0.862689 0.892158
