0 0.309091 0.084433 0.336364 0.104039
0 0.472727 0.084433 0.536364 0.104039
0 0.563636 0.084433 0.590909 0.104039
0 0.654545 0.084433 0.727273 0.104039
0 0.754545 0.084433 0.781818 0.104039
0 0.045455 0.176472 0.818182 0.196082
0 0.818182 0.176471 0.854545 0.196077
0 0.854545 0.176471 0.954545 0.196077
0 0.827273 0.215688 0.954545 0.235294
0 0.827273 0.235299 0.954545 0.254905
0 0.827273 0.254900 0.954545 0.274507
0 0.254545 0.411765 0.353598 0.431371
0 0.354545 0.411765 0.453598 0.431371
0 0.454545 0.411765 0.553599 0.431371
0 0.554545 0.411765 0.653599 0.431371
0 0.654545 0.411765 0.753598 0.431371
0 0.754545 0.411765 0.853598 0.431371
0 0.854545 0.411765 0.954545 0.431371
0 0.254545 0.431371 0.353598 0.470588
0 0.354545 0.431371 0.453598 0.470588
0 0.454545 0.431371 0.553599 0.470588
0 0.554545 0.431371 0.653599 0.470588
0 0.654545 0.431371 0.753598 0.470588
0 0.754545 0.431371 0.853598 0.470588
0 0.854545 0.431371 0.954545 0.470588
0 0.254545 0.470588 0.353598 0.509806
0 0.354545 0.470588 0.453598 0.509806
0 0.454545 0.470588 0.553599 0.509806
0 0.554545 0.470588 0.653599 0.509806
0 0.654545 0.470588 0.753598 0.509806
0 0.754545 0.470588 0.853598 0.509806
0 0.854545 0.470588 0.954545 0.509806
0 0.254545 0.529413 0.353598 0.549023
0 0.354545 0.529413 0.453598 0.549023
0 0.454545 0.529413 0.553599 0.549023
0 0.554545 0.529413 0.653599 0.549023
0 0.654545 0.529413 0.753598 0.549023
0 0.754545 0.529413 0.853598 0.549023
0 0.854545 0.529413 0.954545 0.549023
0 0.072727 0.549023 0.253598 0.568629
0 0.254545 0.549023 0.353598 0.568629
0 0.354545 0.549023 0.453598 0.568629
0 0.454545 0.549023 0.553599 0.568629
0 0.554545 0.549023 0.653599 0.568629
0 0.654545 0.549023 0.753598 0.568629
0 0.754545 0.549023 0.853598 0.568629
0 0.854545 0.549023 0.954545 0.568629
0 0.072727 0.568629 0.253598 0.588235
0 0.254545 0.568629 0.353598 0.588235
0 0.354545 0.568629 0.453598 0.588235
0 0.454545 0.568629 0.553599 0.588235
0 0.554545 0.568629 0.653599 0.588235
0 0.654545 0.568629 0.753598 0.588235
0 0.754545 0.568629 0.853598 0.588235
0 0.854545 0.568629 0.954545 0.588235
0 0.072727 0.588235 0.253598 0.607841
0 0.254545 0.588235 0.353598 0.607841
0 0.354545 0.588235 0.453598 0.607841
0 0.454545 0.588235 0.553599 0.607841
0 0.554545 0.588235 0.653599 0.607841
0 0.654545 0.588235 0.753598 0.607841
0 0.754545 0.588235 0.853598 0.607841
0 0.854545 0.588235 0.954545 0.607841
0 0.072727 0.607841 0.253598 0.627448
0 0.254545 0.607841 0.353598 0.627448
0 0.354545 0.607841 0.453598 0.627448
0 0.454545 0.607841 0.553599 0.627448
0 0.554545 0.607841 0.653599 0.627448
0 0.654545 0.607841 0.753598 0.627448
0 0.754545 0.607841 0.853598 0.627448
0 0.854545 0.607841 0.954545 0.627448
0 0.072727 0.627448 0.253598 0.647054
0 0.254545 0.627448 0.353598 0.647054
0 0.354545 0.627448 0.453598 0.647054
0 0.454545 0.627448 0.553599 0.647054
0 0.554545 0.627448 0.653599 0.647054
0 0.654545 0.627448 0.753598 0.647054
0 0.754545 0.627448 0.853598 0.647054
0 0.854545 0.627448 0.954545 0.647054
0 0.254545 0.666662 0.353598 0.686271
0 0.354545 0.666662 0.453598 0.686271
0 0.454545 0.666662 0.553599 0.686271
0 0.554545 0.666662 0.653599 0.686271
0 0.654545 0.666662 0.753598 0.686271
0 0.754545 0.666662 0.853598 0.686271
0 0.854545 0.666662 0.954545 0.686271
0 0.254545 0.705879 0.353598 0.725489
0 0.354545 0.705879 0.453598 0.725489
0 0.454545 0.705879 0.553599 0.725489
0 0.554545 0.705879 0.653599 0.725489
0 0.654545 0.705879 0.753598 0.725489
0 0.754545 0.705879 0.853598 0.725489
0 0.854545 0.705879 0.954545 0.725489
0 0.254545 0.764704 0.353598 0.784312
0 0.354545 0.725489 0.453598 0.784312
0 0.454545 0.725489 0.553599 0.784312
0 0.554545 0.725489 0.653599 0.784312
0 0.654545 0.725489 0.753598 0.784312
0 0.754545 0.725489 0.853598 0.784312
0 0.854545 0.764704 0.954545 0.784312
0 0.254545 0.784312 0.353598 0.823529
0 0.354545 0.784312 0.453598 0.823529
0 0.454545 0.784312 0.553599 0.823529
0 0.554545 0.784312 0.653599 0.823529
0 0.654545 0.784312 0.753598 0.823529
0 0.754545 0.784312 0.853598 0.823529
0 0.854545 0.784312 0.954545 0.823529
0 0.254545 0.823529 0.353598 0.882353
0 0.354545 0.823529 0.453598 0.882353
0 0.454545 0.823529 0.553599 0.882353
0 0.554545 0.823529 0.653599 0.882353
0 0.654545 0.823529 0.753598 0.882353
0 0.754545 0.823529 0.853598 0.882353
0 0.854545 0.823529 0.954545 0.882353
0 0.254545 0.882353 0.354545 0.920753
0 0.354545 0.901961 0.453598 0.921570
0 0.454545 0.901961 0.553599 0.921570
0 0.554545 0.901961 0.653599 0.921570
0 0.654545 0.901961 0.753598 0.921570
0 0.754545 0.901961 0.853598 0.921570
0 0.854545 0.901961 0.954545 0.921570
