0 0.072727 0.274508 0.154545 0.294116
0 0.192172 0.254900 0.417235 0.274507
0 0.419129 0.254900 0.717235 0.274507
0 0.719129 0.254900 0.789962 0.274507
0 0.791856 0.254900 0.871780 0.274507
0 0.873674 0.254900 0.954545 0.274507
0 0.192172 0.274507 0.417235 0.294113
0 0.419129 0.274507 0.717235 0.294113
0 0.719129 0.274507 0.789962 0.294113
0 0.791856 0.274507 0.871780 0.294113
0 0.873674 0.274507 0.954545 0.294113
0 0.192172 0.294113 0.417235 0.313719
0 0.419129 0.294113 0.717235 0.313719
0 0.719129 0.294113 0.789962 0.313719
0 0.791856 0.294113 0.871780 0.313719
0 0.873674 0.294113 0.954545 0.313719
0 0.072727 0.333332 0.154545 0.352940
0 0.192172 0.313724 0.417235 0.333330
0 0.419129 0.313724 0.717235 0.333330
0 0.719129 0.313724 0.789962 0.333330
0 0.791856 0.313724 0.871780 0.333330
0 0.873674 0.313724 0.954545 0.333330
0 0.192172 0.333330 0.417235 0.352936
0 0.419129 0.333330 0.717235 0.352936
0 0.719129 0.333330 0.789962 0.352936
0 0.791856 0.333330 0.871780 0.352936
0 0.873674 0.333330 0.954545 0.352936
0 0.192172 0.352936 0.417235 0.372542
0 0.419129 0.352936 0.717235 0.372542
0 0.719129 0.352936 0.789962 0.372542
0 0.791856 0.352936 0.871780 0.372542
0 0.873674 0.352936 0.954545 0.372542
0 0.090909 0.450977 0.199053 0.470583
0 0.200000 0.450977 0.308144 0.470583
0 0.309091 0.450977 0.426326 0.470583
0 0.427273 0.450977 0.535417 0.470583
0 0.536364 0.450977 0.644508 0.470583
0 0.645455 0.450977 0.753598 0.470583
0 0.754545 0.450977 0.871780 0.470583
0 0.909217 0.453426 0.920581 0.468132
0 0.090909 0.470583 0.199053 0.490190
0 0.200000 0.470583 0.308144 0.490190
0 0.309091 0.470583 0.426326 0.490190
0 0.427273 0.470583 0.535417 0.490190
0 0.536364 0.470583 0.644508 0.490190
0 0.645455 0.470583 0.753598 0.490190
0 0.754545 0.470583 0.871780 0.490190
0 0.909217 0.473033 0.920581 0.487739
0 0.090909 0.490190 0.199053 0.509796
0 0.200000 0.490190 0.308144 0.509796
0 0.309091 0.490190 0.426326 0.509796
0 0.427273 0.490190 0.535417 0.509796
0 0.536364 0.490190 0.644508 0.509796
0 0.645455 0.490190 0.753598 0.509796
0 0.754545 0.490190 0.871780 0.509796
0 0.909217 0.492639 0.920581 0.507345
0 0.536364 0.519609 0.644508 0.539217
0 0.645455 0.519609 0.753598 0.539217
0 0.754545 0.519609 0.871780 0.539217
0 0.090909 0.539212 0.199053 0.558819
0 0.200000 0.539212 0.308144 0.558819
0 0.309091 0.539212 0.426326 0.558819
0 0.427273 0.539212 0.535417 0.558819
0 0.536364 0.539212 0.644508 0.558819
0 0.645455 0.539212 0.753598 0.558819
0 0.754545 0.539212 0.871780 0.558819
0 0.909217 0.541662 0.920581 0.556368
0 0.090909 0.558819 0.199053 0.578425
0 0.200000 0.558819 0.308144 0.578425
0 0.309091 0.558819 0.426326 0.578425
0 0.427273 0.558819 0.535417 0.578425
0 0.536364 0.558819 0.644508 0.578425
0 0.645455 0.558819 0.753598 0.578425
0 0.754545 0.558819 0.871780 0.578425
0 0.909217 0.561268 0.920581 0.575974
0 0.090909 0.578425 0.199053 0.598031
0 0.200000 0.578425 0.308144 0.598031
0 0.309091 0.578425 0.426326 0.598031
0 0.427273 0.578425 0.535417 0.598031
0 0.536364 0.578425 0.644508 0.598031
0 0.645455 0.578425 0.753598 0.598031
0 0.754545 0.578425 0.871780 0.598031
0 0.909217 0.580874 0.920581 0.595580
0 0.536364 0.607845 0.644508 0.627453
0 0.645455 0.607845 0.753598 0.627453
0 0.754545 0.607845 0.871780 0.627453
0 0.063636 0.735294 0.263636 0.754900
0 0.263636 0.735294 0.435417 0.754900
0 0.436364 0.735294 0.608144 0.754900
0 0.609091 0.735294 0.780871 0.754900
0 0.781818 0.735294 0.954545 0.754900
0 0.063636 0.754900 0.263636 0.774507
0 0.263636 0.754900 0.435417 0.774507
0 0.436364 0.754900 0.608144 0.774507
0 0.609091 0.754900 0.780871 0.774507
0 0.781818 0.754900 0.954545 0.774507
0 0.063636 0.882353 0.436364 0.901959
0 0.436364 0.882353 0.608144 0.901959
0 0.609091 0.882353 0.780871 0.901959
0 0.781818 0.882353 0.954545 0.901959
0 0.063636 0.901959 0.436364 0.921565
0 0.436364 0.901959 0.608144 0.921565
0 0.609091 0.901959 0.780871 0.921565
0 0.781818 0.901959 0.954545 0.921565
