0 0.254545 0.186273 0.353598 0.205882
0 0.354545 0.186273 0.453598 0.205882
0 0.454545 0.186273 0.553599 0.205882
0 0.554545 0.186273 0.653599 0.205882
0 0.654545 0.186273 0.753598 0.205882
0 0.754545 0.186273 0.853598 0.205882
0 0.854545 0.186273 0.954545 0.205882
0 0.254545 0.245100 0.353598 0.264706
0 0.354545 0.245100 0.453598 0.264706
0 0.454545 0.245100 0.553599 0.264706
0 0.554545 0.245100 0.653599 0.264706
0 0.654545 0.245100 0.753598 0.264706
0 0.754545 0.245100 0.853598 0.264706
0 0.854545 0.245100 0.954545 0.264706
0 0.254545 0.284314 0.353598 0.303923
0 0.354545 0.284314 0.453598 0.303923
0 0.454545 0.284314 0.553599 0.303923
0 0.554545 0.284314 0.653599 0.303923
0 0.654545 0.284314 0.753598 0.303923
0 0.754545 0.284314 0.853598 0.303923
0 0.854545 0.284314 0.954545 0.303923
0 0.072727 0.303923 0.253598 0.323529
0 0.254545 0.303923 0.353598 0.323529
0 0.354545 0.303923 0.453598 0.323529
0 0.454545 0.303923 0.553599 0.323529
0 0.554545 0.303923 0.653599 0.323529
0 0.654545 0.303923 0.753598 0.323529
0 0.754545 0.303923 0.853598 0.323529
0 0.854545 0.303923 0.954545 0.323529
0 0.072727 0.323529 0.253598 0.343136
0 0.254545 0.323529 0.353598 0.343136
0 0.354545 0.323529 0.453598 0.343136
0 0.454545 0.323529 0.553599 0.343136
0 0.554545 0.323529 0.653599 0.343136
0 0.654545 0.323529 0.753598 0.343136
0 0.754545 0.323529 0.853598 0.343136
0 0.854545 0.323529 0.954545 0.343136
0 0.072727 0.343136 0.253598 0.362742
0 0.254545 0.343136 0.353598 0.362742
0 0.354545 0.343136 0.453598 0.362742
0 0.454545 0.343136 0.553599 0.362742
0 0.554545 0.343136 0.653599 0.362742
0 0.654545 0.343136 0.753598 0.362742
0 0.754545 0.343136 0.853598 0.362742
0 0.854545 0.343136 0.954545 0.362742
0 0.072727 0.362742 0.253598 0.382348
0 0.254545 0.362742 0.353598 0.382348
0 0.354545 0.362742 0.453598 0.382348
0 0.454545 0.362742 0.553599 0.382348
0 0.554545 0.362742 0.653599 0.382348
0 0.654545 0.362742 0.753598 0.382348
0 0.754545 0.362742 0.853598 0.382348
0 0.854545 0.362742 0.954545 0.382348
0 0.072727 0.382348 0.253598 0.401954
0 0.254545 0.382348 0.353598 0.401954
0 0.354545 0.382348 0.453598 0.401954
0 0.454545 0.382348 0.553599 0.401954
0 0.554545 0.382348 0.653599 0.401954
0 0.654545 0.382348 0.753598 0.401954
0 0.754545 0.382348 0.853598 0.401954
0 0.854545 0.382348 0.954545 0.401954
0 0.254545 0.450974 0.353598 0.470583
0 0.354545 0.450974 0.453598 0.470583
0 0.454545 0.450974 0.553599 0.470583
0 0.554545 0.450974 0.653599 0.470583
0 0.654545 0.450974 0.753598 0.470583
0 0.754545 0.450974 0.853598 0.470583
0 0.854545 0.450974 0.954545 0.470583
0 0.254545 0.490191 0.353598 0.509801
0 0.354545 0.490191 0.453598 0.509801
0 0.454545 0.490191 0.553599 0.509801
0 0.554545 0.490191 0.653599 0.509801
0 0.654545 0.490191 0.753598 0.509801
0 0.754545 0.490191 0.853598 0.509801
0 0.854545 0.490191 0.954545 0.509801
0 0.254545 0.539212 0.353598 0.558819
0 0.354545 0.539212 0.453598 0.558819
0 0.454545 0.539212 0.553599 0.558819
0 0.554545 0.539212 0.653599 0.558819
0 0.654545 0.539212 0.753598 0.558819
0 0.754545 0.539212 0.853598 0.558819
0 0.854545 0.539212 0.954545 0.558819
0 0.254545 0.578426 0.353598 0.598036
0 0.354545 0.578426 0.453598 0.598036
0 0.454545 0.578426 0.553599 0.598036
0 0.554545 0.578426 0.653599 0.598036
0 0.654545 0.578426 0.753598 0.598036
0 0.754545 0.578426 0.853598 0.598036
0 0.854545 0.578426 0.954545 0.598036
0 0.254545 0.627448 0.353598 0.647054
0 0.354545 0.627448 0.453598 0.647054
0 0.454545 0.627448 0.553599 0.647054
0 0.554545 0.627448 0.653599 0.647054
0 0.654545 0.627448 0.753598 0.647054
0 0.754545 0.627448 0.853598 0.647054
0 0.854545 0.627448 0.954545 0.647054
0 0.254545 0.666662 0.353598 0.686271
0 0.354545 0.666662 0.453598 0.686271
0 0.454545 0.666662 0.553599 0.686271
0 0.554545 0.666662 0.653599 0.686271
0 0.654545 0.666662 0.753598 0.686271
0 0.754545 0.666662 0.853598 0.686271
0 0.854545 0.666662 0.954545 0.686271
