0 0.073674 0.245100 0.171780 0.264706
0 0.173990 0.245100 0.762689 0.264706
0 0.764583 0.245100 0.862689 0.264706
0 0.864583 0.245100 0.954545 0.264706
0 0.073674 0.264706 0.171780 0.284312
0 0.173990 0.264706 0.762689 0.284312
0 0.764583 0.264706 0.862689 0.284312
0 0.864583 0.264706 0.954545 0.284312
0 0.073674 0.284312 0.171780 0.303918
0 0.173990 0.284312 0.762689 0.303918
0 0.764583 0.284312 0.862689 0.303918
0 0.864583 0.284312 0.954545 0.303918
0 0.073674 0.303918 0.171780 0.323525
0 0.173990 0.303918 0.762689 0.323525
0 0.764583 0.303918 0.862689 0.323525
0 0.864583 0.303918 0.954545 0.323525
0 0.073674 0.323525 0.171780 0.343131
0 0.173990 0.323525 0.762689 0.343131
0 0.764583 0.323525 0.862689 0.343131
0 0.864583 0.323525 0.954545 0.343131
0 0.072727 0.431371 0.335417 0.450977
0 0.389773 0.433820 0.401136 0.448526
0 0.507955 0.433820 0.519318 0.448526
0 0.573674 0.431371 0.689962 0.450977
0 0.690909 0.431371 0.954545 0.450977
0 0.072727 0.450977 0.335417 0.470583
0 0.389773 0.453426 0.401136 0.468132
0 0.507955 0.453426 0.519318 0.468132
0 0.573674 0.450977 0.689962 0.470583
0 0.690909 0.450977 0.954545 0.470583
0 0.072727 0.470583 0.335417 0.490190
0 0.389773 0.473033 0.401136 0.487739
0 0.507955 0.473033 0.519318 0.487739
0 0.573674 0.470583 0.689962 0.490190
0 0.690909 0.470583 0.954545 0.490190
0 0.072727 0.490190 0.335417 0.509796
0 0.389773 0.492639 0.401136 0.507345
0 0.507955 0.492639 0.519318 0.507345
0 0.573674 0.490190 0.689962 0.509796
0 0.690909 0.490190 0.954545 0.509796
0 0.072727 0.509796 0.335417 0.529402
0 0.389773 0.512245 0.401136 0.526951
0 0.507955 0.512245 0.519318 0.526951
0 0.573674 0.509796 0.689962 0.529402
0 0.690909 0.509796 0.954545 0.529402
