0 0.045455 0.254900 0.471780 0.274507
0 0.472727 0.254900 0.754545 0.274507
0 0.754545 0.254900 0.881818 0.274507
0 0.881818 0.254900 0.954545 0.274507
0 0.045455 0.274507 0.471780 0.294113
0 0.472727 0.274507 0.754545 0.294113
0 0.754545 0.274507 0.881818 0.294113
0 0.881818 0.274507 0.954545 0.294113
0 0.045455 0.294113 0.471780 0.313719
0 0.472727 0.294113 0.754545 0.313719
0 0.754545 0.294113 0.881818 0.313719
0 0.881818 0.294113 0.954545 0.313719
0 0.045455 0.313719 0.471780 0.333325
0 0.472727 0.313719 0.754545 0.333325
0 0.754545 0.313719 0.881818 0.333325
0 0.881818 0.313719 0.954545 0.333325
0 0.045455 0.333325 0.471780 0.352931
0 0.472727 0.333325 0.754545 0.352931
0 0.754545 0.333325 0.881818 0.352931
0 0.881818 0.333325 0.954545 0.352931
0 0.045455 0.352931 0.471780 0.372538
0 0.472727 0.352931 0.754545 0.372538
0 0.754545 0.352931 0.881818 0.372538
0 0.881818 0.352931 0.954545 0.372538
0 0.045455 0.450977 0.471780 0.470583
0 0.472727 0.450977 0.754545 0.470583
0 0.754545 0.450977 0.881818 0.470583
0 0.881818 0.450977 0.954545 0.470583
0 0.045455 0.470583 0.471780 0.490190
0 0.472727 0.470583 0.754545 0.490190
0 0.754545 0.470583 0.881818 0.490190
0 0.881818 0.470583 0.954545 0.490190
0 0.045455 0.490190 0.471780 0.509796
0 0.472727 0.490190 0.754545 0.509796
0 0.754545 0.490190 0.881818 0.509796
0 0.881818 0.490190 0.954545 0.509796
0 0.045455 0.509796 0.471780 0.529402
0 0.472727 0.509796 0.754545 0.529402
0 0.754545 0.509796 0.881818 0.529402
0 0.881818 0.509796 0.954545 0.529402
0 0.045455 0.529402 0.471780 0.549008
0 0.472727 0.529402 0.754545 0.549008
0 0.754545 0.529402 0.881818 0.549008
0 0.881818 0.529402 0.954545 0.549008
0 0.045455 0.549008 0.471780 0.568614
0 0.472727 0.549008 0.754545 0.568614
0 0.754545 0.549008 0.881818 0.568614
0 0.881818 0.549008 0.954545 0.568614
0 0.045455 0.666670 0.180871 0.686276
0 0.181818 0.666670 0.272727 0.686276
0 0.272727 0.666670 0.363636 0.686276
0 0.363636 0.666670 0.480871 0.686276
0 0.481818 0.666670 0.599053 0.686276
0 0.600000 0.666670 0.717235 0.686276
0 0.718182 0.666670 0.835417 0.686276
0 0.836364 0.666670 0.954545 0.686276
0 0.045455 0.686276 0.180871 0.705882
0 0.181818 0.686276 0.272727 0.705882
0 0.272727 0.686276 0.363636 0.705882
0 0.363636 0.686276 0.480871 0.705882
0 0.481818 0.686276 0.599053 0.705882
0 0.600000 0.686276 0.717235 0.705882
0 0.718182 0.686276 0.835417 0.705882
0 0.836364 0.686276 0.954545 0.705882
0 0.045455 0.705882 0.180871 0.725489
0 0.181818 0.705882 0.272727 0.725489
0 0.272727 0.705882 0.363636 0.725489
0 0.363636 0.705882 0.480871 0.725489
0 0.481818 0.705882 0.599053 0.725489
0 0.600000 0.705882 0.717235 0.725489
0 0.718182 0.705882 0.835417 0.725489
0 0.836364 0.705882 0.954545 0.725489
0 0.045455 0.725489 0.180871 0.745095
0 0.181818 0.725489 0.272727 0.745095
0 0.272727 0.725489 0.363636 0.745095
0 0.363636 0.725489 0.480871 0.745095
0 0.481818 0.725489 0.599053 0.745095
0 0.600000 0.725489 0.717235 0.745095
0 0.718182 0.725489 0.835417 0.745095
0 0.836364 0.725489 0.954545 0.745095
0 0.045455 0.745095 0.180871 0.764701
0 0.181818 0.745095 0.272727 0.764701
0 0.272727 0.745095 0.363636 0.764701
0 0.363636 0.745095 0.480871 0.764701
0 0.481818 0.745095 0.599053 0.764701
0 0.600000 0.745095 0.717235 0.764701
0 0.718182 0.745095 0.835417 0.764701
0 0.836364 0.745095 0.954545 0.764701
0 0.045455 0.764701 0.180871 0.784307
0 0.181818 0.764701 0.272727 0.784307
0 0.272727 0.764701 0.363636 0.784307
0 0.363636 0.764701 0.480871 0.784307
0 0.481818 0.764701 0.599053 0.784307
0 0.600000 0.764701 0.717235 0.784307
0 0.718182 0.764701 0.835417 0.784307
0 0.836364 0.764701 0.954545 0.784307
