0 0.279798 0.117647 0.309091 0.133985
0 0.441667 0.117647 0.545455 0.133985
0 0.570707 0.117647 0.600000 0.133985
0 0.661869 0.117647 0.763636 0.133985
0 0.788889 0.117647 0.818182 0.133985
0 0.045455 0.153593 0.780871 0.176471
0 0.781818 0.153593 0.954545 0.176471
0 0.836364 0.196077 0.954545 0.215683
0 0.836364 0.215688 0.954545 0.235294
0 0.836364 0.235294 0.954545 0.254900
0 0.063636 0.352941 0.345455 0.372547
0 0.345455 0.352941 0.445455 0.372547
0 0.445455 0.352941 0.571780 0.372547
0 0.572727 0.352941 0.699053 0.372547
0 0.700000 0.352941 0.826326 0.372547
0 0.827273 0.352941 0.954545 0.372547
0 0.063636 0.372547 0.345455 0.392154
0 0.345455 0.372547 0.445455 0.392154
0 0.445455 0.372547 0.571780 0.392154
0 0.572727 0.372547 0.699053 0.392154
0 0.700000 0.372547 0.826326 0.392154
0 0.827273 0.372547 0.954545 0.392154
0 0.063636 0.392154 0.345455 0.411760
0 0.345455 0.392154 0.445455 0.411760
0 0.445455 0.392154 0.571780 0.411760
0 0.572727 0.392154 0.699053 0.411760
0 0.700000 0.392154 0.826326 0.411760
0 0.827273 0.392154 0.954545 0.411760
0 0.445455 0.411765 0.571780 0.431371
0 0.572727 0.411765 0.699053 0.431371
0 0.700000 0.411765 0.826326 0.431371
0 0.827273 0.411765 0.954545 0.431371
0 0.063636 0.480389 0.189962 0.499995
0 0.190909 0.480389 0.317235 0.499995
0 0.318182 0.480389 0.444508 0.499995
0 0.445455 0.480389 0.571780 0.499995
0 0.572727 0.480389 0.699053 0.499995
0 0.700000 0.480389 0.826326 0.499995
0 0.827273 0.480389 0.954545 0.499995
0 0.063636 0.499995 0.189962 0.519601
0 0.190909 0.499995 0.317235 0.519601
0 0.318182 0.499995 0.444508 0.519601
0 0.445455 0.499995 0.571780 0.519601
0 0.572727 0.499995 0.699053 0.519601
0 0.700000 0.499995 0.826326 0.519601
0 0.827273 0.499995 0.954545 0.519601
0 0.063636 0.519601 0.189962 0.539208
0 0.190909 0.519601 0.317235 0.539208
0 0.318182 0.519601 0.444508 0.539208
0 0.445455 0.519601 0.571780 0.539208
0 0.572727 0.519601 0.699053 0.539208
0 0.700000 0.519601 0.826326 0.539208
0 0.827273 0.519601 0.954545 0.539208
0 0.063636 0.539208 0.189962 0.558814
0 0.190909 0.539208 0.317235 0.558814
0 0.318182 0.539208 0.444508 0.558814
0 0.445455 0.539208 0.571780 0.558814
0 0.572727 0.539208 0.699053 0.558814
0 0.700000 0.539208 0.826326 0.558814
0 0.827273 0.539208 0.954545 0.558814
0 0.063636 0.637258 0.189962 0.656864
0 0.190909 0.637258 0.317235 0.656864
0 0.318182 0.637258 0.444508 0.656864
0 0.445455 0.637258 0.571780 0.656864
0 0.572727 0.637258 0.699053 0.656864
0 0.700000 0.637258 0.826326 0.656864
0 0.827273 0.637258 0.954545 0.656864
0 0.063636 0.656864 0.189962 0.676471
0 0.190909 0.656864 0.317235 0.676471
0 0.318182 0.656864 0.444508 0.676471
0 0.445455 0.656864 0.571780 0.676471
0 0.572727 0.656864 0.699053 0.676471
0 0.700000 0.656864 0.826326 0.676471
0 0.827273 0.656864 0.954545 0.676471
0 0.063636 0.676471 0.189962 0.696077
0 0.190909 0.676471 0.317235 0.696077
0 0.318182 0.676471 0.444508 0.696077
0 0.445455 0.676471 0.571780 0.696077
0 0.572727 0.676471 0.699053 0.696077
0 0.700000 0.676471 0.826326 0.696077
0 0.827273 0.676471 0.954545 0.696077
0 0.063636 0.696077 0.189962 0.715683
0 0.190909 0.696077 0.317235 0.715683
0 0.318182 0.696077 0.444508 0.715683
0 0.445455 0.696077 0.571780 0.715683
0 0.572727 0.696077 0.699053 0.715683
0 0.700000 0.696077 0.826326 0.715683
0 0.827273 0.696077 0.954545 0.715683
0 0.063636 0.823529 0.171780 0.843136
0 0.172727 0.823529 0.281818 0.843136
0 0.281818 0.823529 0.389962 0.843136
0 0.390909 0.823529 0.499053 0.843136
0 0.500000 0.823529 0.608144 0.843136
0 0.609091 0.823529 0.717235 0.843136
0 0.718182 0.823529 0.826326 0.843136
0 0.827273 0.823529 0.954545 0.843136
0 0.063636 0.843136 0.171780 0.862742
0 0.172727 0.843136 0.281818 0.862742
0 0.281818 0.843136 0.389962 0.862742
0 0.390909 0.843136 0.499053 0.862742
0 0.500000 0.843136 0.608144 0.862742
0 0.609091 0.843136 0.717235 0.862742
0 0.718182 0.843136 0.826326 0.862742
0 0.827273 0.843136 0.954545 0.862742
0 0.063636 0.862742 0.171780 0.882348
0 0.172727 0.862742 0.281818 0.882348
0 0.281818 0.862742 0.389962 0.882348
0 0.390909 0.862742 0.499053 0.882348
0 0.500000 0.862742 0.608144 0.882348
0 0.609091 0.862742 0.717235 0.882348
0 0.718182 0.862742 0.826326 0.882348
0 0.827273 0.862742 0.954545 0.882348
0 0.063636 0.882348 0.171780 0.901954
0 0.172727 0.882348 0.281818 0.901954
0 0.281818 0.882348 0.389962 0.901954
0 0.390909 0.882348 0.499053 0.901954
0 0.500000 0.882348 0.608144 0.901954
0 0.609091 0.882348 0.717235 0.901954
0 0.718182 0.882348 0.826326 0.901954
0 0.827273 0.882348 0.954545 0.901954
