0 0.254545 0.196077 0.353598 0.215683
0 0.354545 0.196077 0.453598 0.215683
0 0.454545 0.196077 0.553599 0.215683
0 0.554545 0.196077 0.653599 0.215683
0 0.654545 0.196077 0.753598 0.215683
0 0.754545 0.137253 0.853598 0.215683
0 0.854545 0.196077 0.954545 0.215683
0 0.254545 0.215683 0.353598 0.254900
0 0.354545 0.215683 0.453598 0.254900
0 0.454545 0.215683 0.553599 0.254900
0 0.554545 0.215683 0.653599 0.254900
0 0.654545 0.235291 0.753598 0.254900
0 0.754545 0.215683 0.853598 0.254900
0 0.854545 0.235291 0.954545 0.254900
0 0.254545 0.254900 0.353598 0.294118
0 0.354545 0.254900 0.453598 0.294118
0 0.454545 0.254900 0.553599 0.294118
0 0.554545 0.254900 0.653599 0.294118
0 0.654545 0.274508 0.753598 0.294118
0 0.754545 0.254900 0.853598 0.294118
0 0.854545 0.274508 0.954545 0.294118
0 0.254545 0.313725 0.353598 0.333335
0 0.354545 0.313725 0.453598 0.333335
0 0.454545 0.313725 0.553599 0.333335
0 0.554545 0.313725 0.653599 0.333335
0 0.654545 0.313725 0.753598 0.333335
0 0.754545 0.294118 0.853598 0.333335
0 0.854545 0.313725 0.954545 0.333335
0 0.072727 0.333335 0.253598 0.352941
0 0.254545 0.333335 0.353598 0.352941
0 0.354545 0.333335 0.453598 0.352941
0 0.454545 0.333335 0.553599 0.352941
0 0.554545 0.333335 0.653599 0.352941
0 0.654545 0.333335 0.753598 0.352941
0 0.754545 0.333335 0.853598 0.352941
0 0.854545 0.333335 0.954545 0.352941
0 0.072727 0.352941 0.253598 0.372547
0 0.254545 0.352941 0.353598 0.372547
0 0.354545 0.352941 0.453598 0.372547
0 0.454545 0.352941 0.553599 0.372547
0 0.554545 0.352941 0.653599 0.372547
0 0.654545 0.352941 0.753598 0.372547
0 0.754545 0.352941 0.853598 0.372547
0 0.854545 0.352941 0.954545 0.372547
0 0.072727 0.372547 0.253598 0.392154
0 0.254545 0.372547 0.353598 0.392154
0 0.354545 0.372547 0.453598 0.392154
0 0.454545 0.372547 0.553599 0.392154
0 0.554545 0.372547 0.653599 0.392154
0 0.654545 0.372547 0.753598 0.392154
0 0.754545 0.372547 0.853598 0.392154
0 0.854545 0.372547 0.954545 0.392154
0 0.072727 0.392154 0.253598 0.411760
0 0.254545 0.392154 0.353598 0.411760
0 0.354545 0.392154 0.453598 0.411760
0 0.454545 0.392154 0.553599 0.411760
0 0.554545 0.392154 0.653599 0.411760
0 0.654545 0.392154 0.753598 0.411760
0 0.754545 0.392154 0.853598 0.411760
0 0.854545 0.392154 0.954545 0.411760
0 0.072727 0.411760 0.253598 0.431366
0 0.254545 0.411760 0.353598 0.431366
0 0.354545 0.411760 0.453598 0.431366
0 0.454545 0.411760 0.553599 0.431366
0 0.554545 0.411760 0.653599 0.431366
0 0.654545 0.411760 0.753598 0.431366
0 0.754545 0.411760 0.853598 0.431366
0 0.854545 0.411760 0.954545 0.431366
0 0.254545 0.509797 0.353598 0.529407
0 0.354545 0.509797 0.453598 0.529407
0 0.454545 0.509797 0.553599 0.529407
0 0.554545 0.509797 0.653599 0.529407
0 0.654545 0.509797 0.753598 0.529407
0 0.754545 0.431366 0.853598 0.529407
0 0.854545 0.509797 0.954545 0.529407
0 0.254545 0.549015 0.353598 0.568624
0 0.354545 0.549015 0.453598 0.568624
0 0.454545 0.549015 0.553599 0.568624
0 0.554545 0.549015 0.653599 0.568624
0 0.654545 0.549015 0.753598 0.568624
0 0.754545 0.529407 0.853598 0.568624
0 0.854545 0.549015 0.954545 0.568624
0 0.254545 0.607840 0.353598 0.627448
0 0.354545 0.568624 0.453598 0.627448
0 0.454545 0.568624 0.553599 0.627448
0 0.554545 0.568624 0.653599 0.627448
0 0.654545 0.568624 0.753598 0.627448
0 0.754545 0.568624 0.853598 0.627448
0 0.854545 0.607840 0.954545 0.627448
0 0.254545 0.627448 0.353598 0.666665
0 0.354545 0.627448 0.453598 0.666665
0 0.454545 0.627448 0.553599 0.666665
0 0.554545 0.627448 0.653599 0.666665
0 0.654545 0.627448 0.753598 0.666665
0 0.754545 0.647056 0.853598 0.666665
0 0.854545 0.647056 0.954545 0.666665
0 0.254545 0.666665 0.353598 0.725489
0 0.354545 0.666665 0.453598 0.725489
0 0.454545 0.666665 0.553599 0.725489
0 0.554545 0.666665 0.653599 0.725489
0 0.654545 0.666665 0.753598 0.725489
0 0.754545 0.705881 0.853598 0.725489
0 0.854545 0.705881 0.954545 0.725489
0 0.254545 0.745096 0.353598 0.764706
0 0.354545 0.745096 0.453598 0.764706
0 0.454545 0.745096 0.553599 0.764706
0 0.554545 0.745096 0.653599 0.764706
0 0.654545 0.745096 0.753598 0.764706
0 0.754545 0.745096 0.853598 0.764706
0 0.854545 0.745096 0.954545 0.764706
