0 0.518182 0.140521 0.597475 0.160129
0 0.763636 0.140521 0.842929 0.160129
0 0.381818 0.205882 0.462689 0.225489
0 0.463636 0.205882 0.544508 0.225489
0 0.545455 0.205882 0.626326 0.225489
0 0.627273 0.205882 0.708144 0.225489
0 0.709091 0.205882 0.789962 0.225489
0 0.790909 0.205882 0.871780 0.225489
0 0.872727 0.205882 0.954545 0.225489
0 0.381818 0.245095 0.462689 0.264701
0 0.463636 0.245095 0.544508 0.264701
0 0.545455 0.245095 0.626326 0.264701
0 0.627273 0.245095 0.708144 0.264701
0 0.709091 0.245095 0.789962 0.264701
0 0.790909 0.245095 0.871780 0.264701
0 0.872727 0.245095 0.954545 0.264701
0 0.381818 0.264701 0.462689 0.284307
0 0.463636 0.264701 0.544508 0.284307
0 0.545455 0.264701 0.626326 0.284307
0 0.627273 0.264701 0.708144 0.284307
0 0.709091 0.264701 0.789962 0.284307
0 0.790909 0.264701 0.871780 0.284307
0 0.872727 0.264701 0.954545 0.284307
0 0.381818 0.303915 0.462689 0.323525
0 0.463636 0.303915 0.544508 0.323525
0 0.545455 0.303915 0.626326 0.323525
0 0.627273 0.303915 0.708144 0.323525
0 0.709091 0.303915 0.789962 0.323525
0 0.790909 0.303915 0.871780 0.323525
0 0.872727 0.303915 0.954545 0.323525
0 0.381818 0.362742 0.462689 0.382348
0 0.463636 0.362742 0.544508 0.382348
0 0.545455 0.362742 0.626326 0.382348
0 0.627273 0.362742 0.708144 0.382348
0 0.709091 0.362742 0.789962 0.382348
0 0.790909 0.362742 0.871780 0.382348
0 0.872727 0.362742 0.954545 0.382348
0 0.381818 0.382348 0.462689 0.401954
0 0.463636 0.382348 0.544508 0.401954
0 0.545455 0.382348 0.626326 0.401954
0 0.627273 0.382348 0.708144 0.401954
0 0.709091 0.382348 0.789962 0.401954
0 0.790909 0.382348 0.871780 0.401954
0 0.872727 0.382348 0.954545 0.401954
0 0.381818 0.421562 0.462689 0.441172
0 0.463636 0.421562 0.544508 0.441172
0 0.545455 0.421562 0.626326 0.441172
0 0.627273 0.421562 0.708144 0.441172
0 0.709091 0.421562 0.789962 0.441172
0 0.790909 0.421562 0.871780 0.441172
0 0.872727 0.421562 0.953598 0.441172
0 0.381818 0.441172 0.462689 0.460778
0 0.463636 0.441172 0.544508 0.460778
0 0.545455 0.441172 0.626326 0.460778
0 0.627273 0.441172 0.708144 0.460778
0 0.709091 0.441172 0.789962 0.460778
0 0.790909 0.441172 0.871780 0.460778
0 0.872727 0.441172 0.954545 0.460778
0 0.381818 0.499995 0.462689 0.519601
0 0.463636 0.499995 0.544508 0.519601
0 0.545455 0.499995 0.626326 0.519601
0 0.627273 0.499995 0.708144 0.519601
0 0.709091 0.499995 0.789962 0.519601
0 0.790909 0.499995 0.871780 0.519601
0 0.872727 0.499995 0.953598 0.519601
0 0.381818 0.519601 0.462689 0.539208
0 0.463636 0.519601 0.544508 0.539208
0 0.545455 0.519601 0.626326 0.539208
0 0.627273 0.519601 0.708144 0.539208
0 0.709091 0.519601 0.789962 0.539208
0 0.790909 0.519601 0.871780 0.539208
0 0.872727 0.519601 0.954545 0.539208
0 0.381818 0.558815 0.462689 0.578425
0 0.463636 0.558815 0.544508 0.578425
0 0.545455 0.558815 0.626326 0.578425
0 0.627273 0.558815 0.708144 0.578425
0 0.709091 0.558815 0.789962 0.578425
0 0.790909 0.558815 0.871780 0.578425
0 0.872727 0.539208 0.954545 0.578425
0 0.381818 0.578425 0.462689 0.598031
0 0.463636 0.578425 0.544508 0.598031
0 0.545455 0.578425 0.626326 0.598031
0 0.627273 0.578425 0.708144 0.598031
0 0.709091 0.578425 0.789962 0.598031
0 0.790909 0.578425 0.871780 0.598031
0 0.872727 0.578425 0.954545 0.598031
