0 0.279798 0.088235 0.309091 0.107842
0 0.442929 0.088235 0.545455 0.107842
0 0.570707 0.088235 0.600000 0.107842
0 0.661869 0.088235 0.763636 0.107842
0 0.788889 0.088235 0.818182 0.107842
0 0.045455 0.163399 0.780871 0.186276
0 0.781818 0.163399 0.954545 0.186276
0 0.836364 0.205882 0.954545 0.225489
0 0.836364 0.225489 0.954545 0.245095
0 0.836364 0.245100 0.954545 0.264706
0 0.838131 0.283498 0.849495 0.298204
0 0.072727 0.421567 0.145455 0.441175
0 0.182765 0.401959 0.427273 0.421565
0 0.427273 0.401959 0.709091 0.421565
0 0.710038 0.401959 0.954545 0.421565
0 0.182765 0.421565 0.427273 0.441172
0 0.427273 0.421565 0.709091 0.441172
0 0.710038 0.421565 0.954545 0.441172
0 0.182765 0.441172 0.427273 0.460778
0 0.427273 0.441172 0.709091 0.460778
0 0.710038 0.441172 0.954545 0.460778
0 0.072727 0.480391 0.145455 0.499998
0 0.182765 0.460783 0.427273 0.480389
0 0.427273 0.460783 0.709091 0.480389
0 0.710038 0.460783 0.954545 0.480389
0 0.182765 0.480389 0.427273 0.499995
0 0.427273 0.480389 0.709091 0.499995
0 0.710038 0.480389 0.954545 0.499995
0 0.182765 0.499995 0.427273 0.519601
0 0.427273 0.499995 0.709091 0.519601
0 0.710038 0.499995 0.954545 0.519601
0 0.090909 0.578430 0.372727 0.598036
0 0.372727 0.578430 0.463636 0.598036
0 0.463636 0.578430 0.572727 0.598036
0 0.572727 0.578430 0.681818 0.598036
0 0.681818 0.578430 0.817235 0.598036
0 0.818182 0.578430 0.954545 0.598036
0 0.090909 0.598036 0.372727 0.617642
0 0.372727 0.598036 0.463636 0.617642
0 0.463636 0.598036 0.572727 0.617642
0 0.572727 0.598036 0.681818 0.617642
0 0.681818 0.598036 0.817235 0.617642
0 0.818182 0.598036 0.954545 0.617642
0 0.090909 0.617642 0.372727 0.637248
0 0.372727 0.617642 0.463636 0.637248
0 0.463636 0.617642 0.572727 0.637248
0 0.572727 0.617642 0.681818 0.637248
0 0.681818 0.617642 0.817235 0.637248
0 0.818182 0.617642 0.954545 0.637248
0 0.090909 0.637248 0.372727 0.656855
0 0.372727 0.637248 0.463636 0.656855
0 0.463636 0.637248 0.572727 0.656855
0 0.572727 0.637248 0.681818 0.656855
0 0.681818 0.637248 0.817235 0.656855
0 0.818182 0.637248 0.954545 0.656855
0 0.090909 0.656855 0.372727 0.676461
0 0.372727 0.656855 0.463636 0.676461
0 0.463636 0.656855 0.572727 0.676461
0 0.572727 0.656855 0.681818 0.676461
0 0.681818 0.656855 0.817235 0.676461
0 0.818182 0.656855 0.954545 0.676461
0 0.090909 0.676461 0.372727 0.696067
0 0.372727 0.676461 0.463636 0.696067
0 0.463636 0.676461 0.572727 0.696067
0 0.572727 0.676461 0.681818 0.696067
0 0.681818 0.676461 0.817235 0.696067
0 0.818182 0.676461 0.954545 0.696067
0 0.090909 0.784312 0.235417 0.803918
0 0.236364 0.784312 0.389962 0.803918
0 0.390909 0.784312 0.517235 0.803918
0 0.518182 0.784312 0.644508 0.803918
0 0.645455 0.784312 0.771780 0.803918
0 0.773674 0.784312 0.889962 0.803918
0 0.917045 0.786761 0.928409 0.801467
0 0.090909 0.803918 0.235417 0.823525
0 0.236364 0.803918 0.389962 0.823525
0 0.390909 0.803918 0.517235 0.823525
0 0.518182 0.803918 0.644508 0.823525
0 0.645455 0.803918 0.771780 0.823525
0 0.773674 0.803918 0.889962 0.823525
0 0.917045 0.806368 0.928409 0.821074
0 0.090909 0.823525 0.235417 0.843131
0 0.236364 0.823525 0.389962 0.843131
0 0.390909 0.823525 0.517235 0.843131
0 0.518182 0.823525 0.644508 0.843131
0 0.645455 0.823525 0.771780 0.843131
0 0.773674 0.823525 0.889962 0.843131
0 0.917045 0.825974 0.928409 0.840680
0 0.390909 0.843136 0.517235 0.862742
0 0.518182 0.843136 0.644508 0.862742
0 0.645455 0.843136 0.771780 0.862742
0 0.090909 0.862742 0.235417 0.882348
0 0.236364 0.862742 0.389962 0.882348
0 0.390909 0.862742 0.517235 0.882348
0 0.518182 0.862742 0.644508 0.882348
0 0.645455 0.862742 0.771780 0.882348
0 0.773674 0.862742 0.889962 0.882348
0 0.917045 0.865191 0.928409 0.879897
0 0.090909 0.882348 0.235417 0.901954
0 0.236364 0.882348 0.389962 0.901954
0 0.390909 0.882348 0.517235 0.901954
0 0.518182 0.882348 0.644508 0.901954
0 0.645455 0.882348 0.771780 0.901954
0 0.773674 0.882348 0.889962 0.901954
0 0.917045 0.884797 0.928409 0.899503
0 0.090909 0.901954 0.235417 0.921560
0 0.236364 0.901954 0.389962 0.921560
0 0.390909 0.901954 0.517235 0.921560
0 0.518182 0.901954 0.644508 0.921560
0 0.645455 0.901954 0.771780 0.921560
0 0.773674 0.901954 0.889962 0.921560
0 0.917045 0.904404 0.928409 0.919109
0 0.390909 0.921570 0.517235 0.941176
0 0.518182 0.921570 0.644508 0.941176
0 0.645455 0.921570 0.771780 0.941176
