0 0.279798 0.117647 0.309091 0.137253
0 0.444192 0.117647 0.545455 0.137253
0 0.570707 0.117647 0.600000 0.137253
0 0.661869 0.117647 0.763636 0.137253
0 0.788889 0.117647 0.818182 0.137253
0 0.045455 0.173204 0.780871 0.196082
0 0.781818 0.173204 0.954545 0.196082
0 0.781818 0.254900 0.840909 0.271239
0 0.740909 0.274511 0.839646 0.290850
0 0.300000 0.294118 0.408144 0.313724
0 0.409091 0.294118 0.517235 0.313724
0 0.518182 0.294118 0.626326 0.313724
0 0.627273 0.294118 0.735417 0.313724
0 0.736364 0.294118 0.844508 0.313724
0 0.845455 0.294118 0.954545 0.313724
0 0.300000 0.333330 0.406566 0.352936
0 0.414141 0.333330 0.513131 0.352936
0 0.523232 0.333330 0.622222 0.352936
0 0.632323 0.333330 0.731313 0.352936
0 0.741414 0.333330 0.840404 0.352936
0 0.845455 0.333330 0.954545 0.352936
0 0.305051 0.352936 0.404040 0.372542
0 0.409091 0.352936 0.515657 0.372542
0 0.523232 0.352936 0.622222 0.372542
0 0.632323 0.352936 0.731313 0.372542
0 0.741414 0.352936 0.840404 0.372542
0 0.845455 0.352936 0.954545 0.372542
0 0.305051 0.372542 0.404040 0.392149
0 0.414141 0.372542 0.513131 0.392149
0 0.518182 0.372542 0.624747 0.392149
0 0.632323 0.372542 0.731313 0.392149
0 0.741414 0.372542 0.840404 0.392149
0 0.845455 0.372542 0.954545 0.392149
0 0.305051 0.392149 0.404040 0.411755
0 0.414141 0.392149 0.513131 0.411755
0 0.523232 0.392149 0.622222 0.411755
0 0.627273 0.392149 0.733838 0.411755
0 0.741414 0.392149 0.840404 0.411755
0 0.845455 0.392149 0.954545 0.411755
0 0.211869 0.411765 0.297475 0.431371
0 0.081818 0.431371 0.293687 0.450977
0 0.305051 0.431363 0.404040 0.450972
0 0.414141 0.431363 0.513131 0.450972
0 0.523232 0.431363 0.622222 0.450972
0 0.632323 0.431363 0.731313 0.450972
0 0.736364 0.431363 0.842929 0.450972
0 0.845455 0.431363 0.954545 0.450972
0 0.300000 0.450972 0.408144 0.470578
0 0.409091 0.450972 0.517235 0.470578
0 0.518182 0.450972 0.626326 0.470578
0 0.627273 0.450972 0.735417 0.470578
0 0.736364 0.450972 0.844508 0.470578
0 0.845455 0.450972 0.954545 0.470578
0 0.300000 0.470578 0.408144 0.490185
0 0.409091 0.470578 0.517235 0.490185
0 0.518182 0.470578 0.626326 0.490185
0 0.627273 0.470578 0.735417 0.490185
0 0.736364 0.470578 0.844508 0.490185
0 0.850505 0.470578 0.949495 0.490185
0 0.305051 0.490185 0.404040 0.509791
0 0.414141 0.490185 0.513131 0.509791
0 0.523232 0.490185 0.622222 0.509791
0 0.632323 0.490185 0.731313 0.509791
0 0.741414 0.490185 0.840404 0.509791
0 0.845455 0.490185 0.952020 0.509791
0 0.300000 0.509791 0.408144 0.529397
0 0.409091 0.509791 0.517235 0.529397
0 0.518182 0.509791 0.626326 0.529397
0 0.627273 0.509791 0.735417 0.529397
0 0.736364 0.509791 0.844508 0.529397
0 0.845455 0.509791 0.954545 0.529397
0 0.305051 0.529397 0.404040 0.549003
0 0.414141 0.529397 0.513131 0.549003
0 0.523232 0.529397 0.622222 0.549003
0 0.632323 0.529397 0.731313 0.549003
0 0.741414 0.529397 0.840404 0.549003
0 0.845455 0.529397 0.954545 0.549003
0 0.300000 0.549003 0.408144 0.568609
0 0.409091 0.549003 0.517235 0.568609
0 0.518182 0.549003 0.626326 0.568609
0 0.627273 0.549003 0.735417 0.568609
0 0.736364 0.549003 0.844508 0.568609
0 0.845455 0.549003 0.954545 0.568609
0 0.305051 0.607827 0.404040 0.627433
0 0.409091 0.607827 0.517235 0.627433
0 0.518182 0.607827 0.626326 0.627433
0 0.627273 0.607827 0.735417 0.627433
0 0.736364 0.607827 0.844508 0.627433
0 0.845455 0.607827 0.954545 0.627433
0 0.300000 0.627433 0.408144 0.647039
0 0.414141 0.627433 0.513131 0.647039
0 0.518182 0.627433 0.626326 0.647039
0 0.627273 0.627433 0.735417 0.647039
0 0.736364 0.627433 0.844508 0.647039
0 0.845455 0.627433 0.954545 0.647039
0 0.300000 0.647039 0.408144 0.666645
0 0.409091 0.647039 0.517235 0.666645
0 0.523232 0.647039 0.622222 0.666645
0 0.627273 0.647039 0.735417 0.666645
0 0.736364 0.647039 0.844508 0.666645
0 0.845455 0.647039 0.954545 0.666645
0 0.300000 0.666645 0.408144 0.686252
0 0.409091 0.666645 0.517235 0.686252
0 0.518182 0.666645 0.626326 0.686252
0 0.632323 0.666645 0.731313 0.686252
0 0.736364 0.666645 0.844508 0.686252
0 0.845455 0.666645 0.954545 0.686252
0 0.211869 0.686275 0.297475 0.705886
0 0.081818 0.705881 0.293687 0.725487
0 0.300000 0.705859 0.408144 0.725469
0 0.409091 0.705859 0.517235 0.725469
0 0.518182 0.705859 0.626326 0.725469
0 0.627273 0.705859 0.735417 0.725469
0 0.741414 0.705859 0.840404 0.725469
0 0.845455 0.705859 0.954545 0.725469
0 0.300000 0.725469 0.408144 0.745075
0 0.409091 0.725469 0.517235 0.745075
0 0.518182 0.725469 0.626326 0.745075
0 0.627273 0.725469 0.735417 0.745075
0 0.736364 0.725469 0.844508 0.745075
0 0.850505 0.725469 0.949495 0.745075
0 0.300000 0.803899 0.408144 0.823505
0 0.409091 0.803899 0.517235 0.823505
0 0.518182 0.803899 0.626326 0.823505
0 0.627273 0.803899 0.735417 0.823505
0 0.736364 0.803899 0.844508 0.823505
0 0.845455 0.803899 0.954545 0.823505
