0 0.709091 0.117647 0.817235 0.137253
0 0.709091 0.137253 0.817235 0.156859
0 0.709091 0.156864 0.817235 0.176471
0 0.709091 0.176471 0.817235 0.196077
0 0.709091 0.196077 0.817235 0.215683
0 0.709091 0.215688 0.817235 0.235294
0 0.845455 0.235294 0.954545 0.254900
0 0.845455 0.254900 0.954545 0.274507
0 0.845455 0.274511 0.954545 0.294118
0 0.045455 0.411765 0.389962 0.431371
0 0.390909 0.411765 0.672727 0.431371
0 0.672727 0.411765 0.954545 0.431371
0 0.045455 0.431371 0.389962 0.450977
0 0.390909 0.431371 0.672727 0.450977
0 0.672727 0.431371 0.954545 0.450977
0 0.045455 0.450977 0.389962 0.470583
0 0.390909 0.450977 0.672727 0.470583
0 0.672727 0.450977 0.954545 0.470583
0 0.045455 0.470583 0.389962 0.490190
0 0.390909 0.470583 0.672727 0.490190
0 0.672727 0.470583 0.954545 0.490190
0 0.045455 0.490190 0.389962 0.509796
0 0.390909 0.490190 0.672727 0.509796
0 0.672727 0.490190 0.954545 0.509796
0 0.045455 0.509796 0.389962 0.529402
0 0.390909 0.509796 0.672727 0.529402
0 0.672727 0.509796 0.954545 0.529402
0 0.045455 0.598036 0.200000 0.617642
0 0.200000 0.598036 0.318182 0.617642
0 0.318182 0.598036 0.436364 0.617642
0 0.436364 0.598036 0.554545 0.617642
0 0.554545 0.598036 0.672727 0.617642
0 0.673990 0.598036 0.954545 0.617642
0 0.045455 0.617642 0.200000 0.637248
0 0.200000 0.617642 0.318182 0.637248
0 0.318182 0.617642 0.436364 0.637248
0 0.436364 0.617642 0.554545 0.637248
0 0.554545 0.617642 0.672727 0.637248
0 0.673990 0.617642 0.954545 0.637248
0 0.045455 0.637248 0.200000 0.656855
0 0.200000 0.637248 0.318182 0.656855
0 0.318182 0.637248 0.436364 0.656855
0 0.436364 0.637248 0.554545 0.656855
0 0.554545 0.637248 0.672727 0.656855
0 0.673990 0.637248 0.954545 0.656855
0 0.045455 0.656855 0.200000 0.676461
0 0.200000 0.656855 0.318182 0.676461
0 0.318182 0.656855 0.436364 0.676461
0 0.436364 0.656855 0.554545 0.676461
0 0.554545 0.656855 0.672727 0.676461
0 0.673990 0.656855 0.954545 0.676461
0 0.045455 0.676461 0.200000 0.696067
0 0.200000 0.676461 0.318182 0.696067
0 0.318182 0.676461 0.436364 0.696067
0 0.436364 0.676461 0.554545 0.696067
0 0.554545 0.676461 0.672727 0.696067
0 0.673990 0.676461 0.954545 0.696067
0 0.045455 0.696067 0.200000 0.715673
0 0.200000 0.696067 0.318182 0.715673
0 0.318182 0.696067 0.436364 0.715673
0 0.436364 0.696067 0.554545 0.715673
0 0.554545 0.696067 0.672727 0.715673
0 0.673990 0.696067 0.954545 0.715673
0 0.045455 0.774511 0.199053 0.794118
0 0.200000 0.774511 0.353598 0.794118
0 0.354545 0.774511 0.499053 0.794118
0 0.500000 0.774511 0.644508 0.794118
0 0.645455 0.774511 0.799053 0.794118
0 0.800000 0.774511 0.954545 0.794118
0 0.045455 0.794118 0.199053 0.813724
0 0.200000 0.794118 0.353598 0.813724
0 0.354545 0.794118 0.499053 0.813724
0 0.500000 0.794118 0.644508 0.813724
0 0.645455 0.794118 0.799053 0.813724
0 0.800000 0.794118 0.954545 0.813724
0 0.045455 0.813724 0.199053 0.833330
0 0.200000 0.813724 0.353598 0.833330
0 0.354545 0.813724 0.499053 0.833330
0 0.500000 0.813724 0.644508 0.833330
0 0.645455 0.813724 0.799053 0.833330
0 0.800000 0.813724 0.954545 0.833330
0 0.045455 0.833330 0.199053 0.852936
0 0.200000 0.833330 0.353598 0.852936
0 0.354545 0.833330 0.499053 0.852936
0 0.500000 0.833330 0.644508 0.852936
0 0.645455 0.833330 0.799053 0.852936
0 0.800000 0.833330 0.954545 0.852936
0 0.045455 0.852936 0.199053 0.872542
0 0.200000 0.852936 0.353598 0.872542
0 0.354545 0.852936 0.499053 0.872542
0 0.500000 0.852936 0.644508 0.872542
0 0.645455 0.852936 0.799053 0.872542
0 0.800000 0.852936 0.954545 0.872542
0 0.045455 0.872542 0.199053 0.892149
0 0.200000 0.872542 0.353598 0.892149
0 0.354545 0.872542 0.499053 0.892149
0 0.500000 0.872542 0.644508 0.892149
0 0.645455 0.872542 0.799053 0.892149
0 0.800000 0.872542 0.954545 0.892149
0 0.800000 0.892158 0.954545 0.911765
