0 0.576471 0.090909 0.739951 0.106059
0 0.509149 0.154038 0.522221 0.164139
0 0.576471 0.151514 0.739951 0.166664
0 0.576471 0.196972 0.739951 0.212122
0 0.583007 0.227273 0.734641 0.242423
0 0.576471 0.257577 0.739951 0.272727
0 0.776471 0.287881 0.941176 0.303032
0 0.576471 0.333336 0.739951 0.348486
0 0.576471 0.348486 0.739951 0.363636
0 0.576471 0.424245 0.739951 0.439395
0 0.576471 0.469700 0.739951 0.484850
0 0.776471 0.515154 0.941176 0.530304
0 0.776471 0.575759 0.941176 0.590909
0 0.776471 0.636364 0.941176 0.651514
0 0.776471 0.666664 0.941176 0.681814
0 0.776471 0.696968 0.941176 0.712119
0 0.776471 0.742423 0.941176 0.757573
0 0.576471 0.772727 0.739951 0.787878
0 0.576471 0.787878 0.739951 0.803028
0 0.576471 0.803028 0.739951 0.818178
0 0.576471 0.818182 0.739951 0.833332
0 0.576471 0.833332 0.739951 0.848482
0 0.576471 0.848482 0.739951 0.863633
0 0.576471 0.863636 0.739951 0.878787
0 0.776471 0.878787 0.941176 0.893937
0 0.776471 0.893937 0.941176 0.909087
0 0.776471 0.909091 0.941176 0.924241
0 0.776471 0.939391 0.941176 0.954542
