0 0.045455 0.274507 0.308144 0.294113
0 0.309091 0.274507 0.563636 0.294113
0 0.563636 0.274507 0.663636 0.294113
0 0.663636 0.274507 0.727273 0.294113
0 0.727273 0.274507 0.826326 0.294113
0 0.827273 0.274507 0.890909 0.294113
0 0.890909 0.274507 0.954545 0.294113
0 0.045455 0.294113 0.308144 0.313719
0 0.309091 0.294113 0.563636 0.313719
0 0.563636 0.294113 0.663636 0.313719
0 0.663636 0.294113 0.727273 0.313719
0 0.727273 0.294113 0.826326 0.313719
0 0.827273 0.294113 0.890909 0.313719
0 0.890909 0.294113 0.954545 0.313719
0 0.045455 0.313719 0.308144 0.333325
0 0.309091 0.313719 0.563636 0.333325
0 0.563636 0.313719 0.663636 0.333325
0 0.663636 0.313719 0.727273 0.333325
0 0.727273 0.313719 0.826326 0.333325
0 0.827273 0.313719 0.890909 0.333325
0 0.890909 0.313719 0.954545 0.333325
0 0.045455 0.333325 0.308144 0.352931
0 0.309091 0.333325 0.563636 0.352931
0 0.563636 0.333325 0.663636 0.352931
0 0.663636 0.333325 0.727273 0.352931
0 0.727273 0.333325 0.826326 0.352931
0 0.827273 0.333325 0.890909 0.352931
0 0.890909 0.333325 0.954545 0.352931
0 0.045455 0.352931 0.308144 0.372538
0 0.309091 0.352931 0.563636 0.372538
0 0.563636 0.352931 0.663636 0.372538
0 0.663636 0.352931 0.727273 0.372538
0 0.727273 0.352931 0.826326 0.372538
0 0.827273 0.352931 0.890909 0.372538
0 0.890909 0.352931 0.954545 0.372538
0 0.045455 0.372538 0.308144 0.392144
0 0.309091 0.372538 0.563636 0.392144
0 0.563636 0.372538 0.663636 0.392144
0 0.663636 0.372538 0.727273 0.392144
0 0.727273 0.372538 0.826326 0.392144
0 0.827273 0.372538 0.890909 0.392144
0 0.890909 0.372538 0.954545 0.392144
0 0.045455 0.460788 0.226326 0.480394
0 0.227273 0.460788 0.408144 0.480394
0 0.409091 0.460788 0.589962 0.480394
0 0.590909 0.460788 0.771780 0.480394
0 0.772727 0.460788 0.954545 0.480394
0 0.045455 0.480394 0.226326 0.500000
0 0.227273 0.480394 0.408144 0.500000
0 0.409091 0.480394 0.589962 0.500000
0 0.590909 0.480394 0.771780 0.500000
0 0.772727 0.480394 0.954545 0.500000
0 0.045455 0.500000 0.226326 0.519606
0 0.227273 0.500000 0.408144 0.519606
0 0.409091 0.500000 0.589962 0.519606
0 0.590909 0.500000 0.771780 0.519606
0 0.772727 0.500000 0.954545 0.519606
0 0.045455 0.519606 0.226326 0.539212
0 0.227273 0.519606 0.408144 0.539212
0 0.409091 0.519606 0.589962 0.539212
0 0.590909 0.519606 0.771780 0.539212
0 0.772727 0.519606 0.954545 0.539212
0 0.045455 0.539212 0.226326 0.558819
0 0.227273 0.539212 0.408144 0.558819
0 0.409091 0.539212 0.589962 0.558819
0 0.590909 0.539212 0.771780 0.558819
0 0.772727 0.539212 0.954545 0.558819
0 0.045455 0.558819 0.226326 0.578425
0 0.227273 0.558819 0.408144 0.578425
0 0.409091 0.558819 0.589962 0.578425
0 0.590909 0.558819 0.771780 0.578425
0 0.772727 0.558819 0.954545 0.578425
0 0.772727 0.578430 0.954545 0.598036
