0 0.781818 0.137253 0.840909 0.153591
0 0.740909 0.156864 0.837357 0.173203
0 0.300000 0.176471 0.408144 0.196077
0 0.409091 0.176471 0.517235 0.196077
0 0.518182 0.176471 0.626326 0.196077
0 0.627273 0.176471 0.735417 0.196077
0 0.736364 0.176471 0.844508 0.196077
0 0.845455 0.176471 0.954545 0.196077
0 0.300000 0.196077 0.408144 0.215683
0 0.409091 0.196077 0.517235 0.215683
0 0.518182 0.196077 0.626326 0.215683
0 0.627273 0.196077 0.735417 0.215683
0 0.736364 0.196077 0.844508 0.215683
0 0.845455 0.196077 0.954545 0.215683
0 0.300000 0.215683 0.408144 0.235289
0 0.409091 0.215683 0.517235 0.235289
0 0.518182 0.215683 0.626326 0.235289
0 0.627273 0.215683 0.735417 0.235289
0 0.736364 0.215683 0.844508 0.235289
0 0.845455 0.215683 0.954545 0.235289
0 0.300000 0.235289 0.408144 0.254895
0 0.409091 0.235289 0.517235 0.254895
0 0.518182 0.235289 0.626326 0.254895
0 0.627273 0.235289 0.735417 0.254895
0 0.736364 0.235289 0.844508 0.254895
0 0.845455 0.235289 0.954545 0.254895
0 0.211869 0.254900 0.297475 0.274507
0 0.081818 0.274511 0.293687 0.294118
0 0.300000 0.274503 0.408144 0.294113
0 0.409091 0.274503 0.517235 0.294113
0 0.518182 0.274503 0.626326 0.294113
0 0.627273 0.274503 0.735417 0.294113
0 0.736364 0.274503 0.844508 0.294113
0 0.845455 0.274503 0.954545 0.294113
0 0.300000 0.313724 0.408144 0.333330
0 0.409091 0.313724 0.517235 0.333330
0 0.518182 0.313724 0.626326 0.333330
0 0.627273 0.313724 0.735417 0.333330
0 0.736364 0.313724 0.844508 0.333330
0 0.845455 0.313724 0.954545 0.333330
0 0.300000 0.333330 0.408144 0.352936
0 0.409091 0.333330 0.517235 0.352936
0 0.518182 0.333330 0.626326 0.352936
0 0.627273 0.333330 0.735417 0.352936
0 0.736364 0.333330 0.844508 0.352936
0 0.845455 0.333330 0.954545 0.352936
0 0.305051 0.372544 0.404040 0.392154
0 0.414141 0.372544 0.513131 0.392154
0 0.523232 0.372544 0.622222 0.392154
0 0.632323 0.372544 0.731313 0.392154
0 0.741414 0.372544 0.840404 0.392154
0 0.845455 0.372544 0.954545 0.392154
0 0.305051 0.392154 0.404040 0.411760
0 0.414141 0.392154 0.513131 0.411760
0 0.523232 0.392154 0.622222 0.411760
0 0.632323 0.392154 0.731313 0.411760
0 0.741414 0.392154 0.840404 0.411760
0 0.845455 0.392154 0.954545 0.411760
0 0.300000 0.431368 0.408144 0.450977
0 0.409091 0.431368 0.517235 0.450977
0 0.518182 0.431368 0.626326 0.450977
0 0.627273 0.431368 0.735417 0.450977
0 0.736364 0.431368 0.844508 0.450977
0 0.845455 0.431368 0.954545 0.450977
0 0.300000 0.470588 0.408144 0.490194
0 0.409091 0.470588 0.517235 0.490194
0 0.518182 0.470588 0.626326 0.490194
0 0.627273 0.470588 0.735417 0.490194
0 0.736364 0.470588 0.844508 0.490194
0 0.845455 0.470588 0.954545 0.490194
0 0.300000 0.490194 0.408144 0.509801
0 0.409091 0.490194 0.517235 0.509801
0 0.518182 0.490194 0.626326 0.509801
0 0.627273 0.490194 0.735417 0.509801
0 0.736364 0.490194 0.844508 0.509801
0 0.845455 0.490194 0.954545 0.509801
0 0.305051 0.529408 0.404040 0.549018
0 0.414141 0.529408 0.513131 0.549018
0 0.523232 0.529408 0.622222 0.549018
0 0.632323 0.529408 0.731313 0.549018
0 0.741414 0.529408 0.840404 0.549018
0 0.845455 0.529408 0.954545 0.549018
0 0.300000 0.549018 0.408144 0.568624
0 0.409091 0.549018 0.517235 0.568624
0 0.518182 0.549018 0.626326 0.568624
0 0.627273 0.549018 0.735417 0.568624
0 0.736364 0.549018 0.844508 0.568624
0 0.845455 0.549018 0.954545 0.568624
0 0.300000 0.568624 0.408144 0.588230
0 0.409091 0.568624 0.517235 0.588230
0 0.518182 0.568624 0.626326 0.588230
0 0.627273 0.568624 0.735417 0.588230
0 0.736364 0.568624 0.844508 0.588230
0 0.845455 0.568624 0.954545 0.588230
0 0.300000 0.588230 0.408144 0.607837
0 0.409091 0.588230 0.517235 0.607837
0 0.518182 0.588230 0.626326 0.607837
0 0.627273 0.588230 0.735417 0.607837
0 0.736364 0.588230 0.844508 0.607837
0 0.845455 0.588230 0.954545 0.607837
