0 0.279798 0.117647 0.309091 0.137253
0 0.444192 0.117647 0.545455 0.137253
0 0.570707 0.117647 0.600000 0.137253
0 0.661869 0.117647 0.763636 0.137253
0 0.788889 0.117647 0.818182 0.137253
0 0.045455 0.153593 0.780871 0.176471
0 0.781818 0.153593 0.954545 0.176471
0 0.827273 0.196077 0.954545 0.215683
0 0.827273 0.215688 0.954545 0.235294
0 0.827273 0.235294 0.954545 0.254900
0 0.072727 0.372549 0.254545 0.392159
0 0.255808 0.372549 0.453598 0.392159
0 0.454545 0.372549 0.553599 0.392159
0 0.554545 0.372549 0.653599 0.392159
0 0.654545 0.372549 0.753598 0.392159
0 0.754545 0.372549 0.853598 0.392159
0 0.854545 0.372549 0.954545 0.392159
0 0.072727 0.411766 0.254545 0.431376
0 0.255808 0.411766 0.453598 0.431376
0 0.454545 0.411766 0.553599 0.431376
0 0.554545 0.411766 0.653599 0.431376
0 0.654545 0.411766 0.753598 0.431376
0 0.754545 0.411766 0.853598 0.431376
0 0.854545 0.411766 0.954545 0.431376
0 0.072727 0.450984 0.254545 0.470593
0 0.255808 0.450984 0.453598 0.470593
0 0.454545 0.450984 0.553599 0.470593
0 0.554545 0.450984 0.653599 0.470593
0 0.654545 0.450984 0.753598 0.470593
0 0.754545 0.450984 0.853598 0.470593
0 0.854545 0.450984 0.954545 0.470593
0 0.072727 0.490201 0.254545 0.509810
0 0.255808 0.490201 0.453598 0.509810
0 0.454545 0.490201 0.553599 0.509810
0 0.554545 0.490201 0.653599 0.509810
0 0.654545 0.490201 0.753598 0.509810
0 0.754545 0.490201 0.853598 0.509810
0 0.854545 0.490201 0.954545 0.509810
0 0.072727 0.529418 0.254545 0.549028
0 0.255808 0.529418 0.453598 0.549028
0 0.454545 0.529418 0.553599 0.549028
0 0.554545 0.529418 0.653599 0.549028
0 0.654545 0.529418 0.753598 0.549028
0 0.754545 0.529418 0.853598 0.549028
0 0.854545 0.529418 0.954545 0.549028
0 0.072727 0.568636 0.254545 0.588245
0 0.255808 0.568636 0.453598 0.588245
0 0.454545 0.568636 0.553599 0.588245
0 0.554545 0.568636 0.653599 0.588245
0 0.654545 0.568636 0.753598 0.588245
0 0.754545 0.568636 0.853598 0.588245
0 0.854545 0.568636 0.954545 0.588245
0 0.454545 0.588235 0.553599 0.607841
0 0.554545 0.588235 0.653599 0.607841
0 0.654545 0.588235 0.753598 0.607841
0 0.754545 0.588235 0.853598 0.607841
0 0.854545 0.588235 0.954545 0.607841
0 0.072727 0.705879 0.280871 0.725489
0 0.281818 0.705879 0.389962 0.725489
0 0.390909 0.705879 0.508144 0.725489
0 0.509091 0.705879 0.617235 0.725489
0 0.618182 0.705879 0.726326 0.725489
0 0.727273 0.705879 0.835417 0.725489
0 0.836364 0.705879 0.954545 0.725489
0 0.072727 0.745096 0.280871 0.764706
0 0.281818 0.745096 0.389962 0.764706
0 0.390909 0.745096 0.508144 0.764706
0 0.509091 0.745096 0.617235 0.764706
0 0.618182 0.745096 0.726326 0.764706
0 0.727273 0.745096 0.835417 0.764706
0 0.836364 0.745096 0.954545 0.764706
0 0.072727 0.784314 0.280871 0.803923
0 0.281818 0.784314 0.389962 0.803923
0 0.390909 0.784314 0.508144 0.803923
0 0.509091 0.784314 0.617235 0.803923
0 0.618182 0.784314 0.726326 0.803923
0 0.727273 0.784314 0.835417 0.803923
0 0.836364 0.784314 0.954545 0.803923
0 0.072727 0.823531 0.280871 0.843141
0 0.281818 0.823531 0.389962 0.843141
0 0.390909 0.823531 0.508144 0.843141
0 0.509091 0.823531 0.617235 0.843141
0 0.618182 0.823531 0.726326 0.843141
0 0.727273 0.823531 0.835417 0.843141
0 0.836364 0.823531 0.954545 0.843141
0 0.072727 0.862748 0.280871 0.882358
0 0.281818 0.862748 0.389962 0.882358
0 0.390909 0.862748 0.508144 0.882358
0 0.509091 0.862748 0.617235 0.882358
0 0.618182 0.862748 0.726326 0.882358
0 0.727273 0.862748 0.835417 0.882358
0 0.836364 0.862748 0.954545 0.882358
0 0.072727 0.901966 0.280871 0.921575
0 0.281818 0.901966 0.389962 0.921575
0 0.390909 0.901966 0.508144 0.921575
0 0.509091 0.901966 0.617235 0.921575
0 0.618182 0.901966 0.726326 0.921575
0 0.727273 0.901966 0.835417 0.921575
0 0.836364 0.901966 0.954545 0.921575
0 0.072727 0.921575 0.280871 0.941181
0 0.281818 0.921575 0.389962 0.941181
0 0.390909 0.921575 0.508144 0.941181
0 0.509091 0.921575 0.617235 0.941181
0 0.618182 0.921575 0.726326 0.941181
0 0.727273 0.921575 0.835417 0.941181
0 0.836364 0.921575 0.954545 0.941181
