0 0.058826 0.118690 0.704684 0.136369
0 0.705910 0.118690 0.941213 0.136369
0 0.878466 0.212130 0.898074 0.227282
0 0.913761 0.212130 0.933370 0.227282
0 0.741206 0.272738 0.858857 0.287889
0 0.741206 0.318195 0.858857 0.333346
0 0.878384 0.378769 0.898074 0.393984
0 0.913680 0.378769 0.933370 0.393984
0 0.878384 0.424225 0.898074 0.439441
0 0.913680 0.424225 0.933370 0.439441
0 0.741206 0.469715 0.858857 0.484866
0 0.878384 0.515138 0.898074 0.530354
0 0.913680 0.515138 0.933370 0.530354
0 0.878384 0.606051 0.898074 0.621266
0 0.913680 0.606051 0.933370 0.621266
0 0.623554 0.666695 0.858857 0.681846
0 0.878384 0.696964 0.898074 0.712179
0 0.913680 0.696964 0.933370 0.712179
0 0.741206 0.742453 0.858857 0.757604
0 0.741206 0.787909 0.858857 0.803060
0 0.878384 0.833333 0.898074 0.848548
0 0.913680 0.833333 0.933370 0.848548
