0 0.045455 0.094770 0.344508 0.117647
0 0.345455 0.094770 0.500000 0.117647
0 0.501263 0.094770 0.799053 0.117647
0 0.800000 0.094770 0.954545 0.117647
0 0.054631 0.161538 0.064732 0.174609
0 0.054631 0.181144 0.064732 0.194216
0 0.054631 0.200750 0.064732 0.213822
0 0.054545 0.220588 0.064646 0.233660
0 0.272727 0.161765 0.282828 0.174837
0 0.272727 0.181371 0.282828 0.194443
0 0.272727 0.200977 0.282828 0.214049
0 0.490909 0.161765 0.501010 0.174837
0 0.490909 0.181371 0.501010 0.194443
0 0.490909 0.200977 0.501010 0.214049
0 0.709091 0.161765 0.719192 0.174837
0 0.709091 0.181371 0.719192 0.194443
0 0.709154 0.200977 0.719255 0.214049
0 0.720707 0.320265 0.750000 0.339873
0 0.072727 0.362747 0.253283 0.382353
0 0.254545 0.362747 0.353598 0.382353
0 0.354545 0.362747 0.453598 0.382353
0 0.454545 0.362747 0.553599 0.382353
0 0.554545 0.362747 0.653599 0.382353
0 0.654545 0.362747 0.753598 0.382353
0 0.754545 0.362747 0.853598 0.382353
0 0.854545 0.362747 0.954545 0.382353
0 0.072727 0.382353 0.253283 0.401959
0 0.254545 0.382353 0.353598 0.401959
0 0.354545 0.382353 0.453598 0.401959
0 0.454545 0.382353 0.553599 0.401959
0 0.554545 0.382353 0.653599 0.401959
0 0.654545 0.382353 0.753598 0.401959
0 0.754545 0.382353 0.853598 0.401959
0 0.854545 0.382353 0.954545 0.401959
0 0.072727 0.401959 0.253283 0.421565
0 0.254545 0.401959 0.353598 0.421565
0 0.354545 0.401959 0.453598 0.421565
0 0.454545 0.401959 0.553599 0.421565
0 0.554545 0.401959 0.653599 0.421565
0 0.654545 0.401959 0.753598 0.421565
0 0.754545 0.401959 0.853598 0.421565
0 0.854545 0.401959 0.954545 0.421565
0 0.072727 0.441172 0.253283 0.460778
0 0.254545 0.441172 0.353598 0.460778
0 0.354545 0.441172 0.453598 0.460778
0 0.454545 0.441172 0.553599 0.460778
0 0.554545 0.441172 0.653599 0.460778
0 0.654545 0.441172 0.753598 0.460778
0 0.754545 0.441172 0.853598 0.460778
0 0.854545 0.441172 0.954545 0.460778
0 0.072727 0.460778 0.253283 0.480384
0 0.254545 0.460778 0.353598 0.480384
0 0.354545 0.460778 0.453598 0.480384
0 0.454545 0.460778 0.553599 0.480384
0 0.554545 0.460778 0.653599 0.480384
0 0.654545 0.460778 0.753598 0.480384
0 0.754545 0.460778 0.853598 0.480384
0 0.854545 0.460778 0.954545 0.480384
0 0.072727 0.480384 0.253283 0.499990
0 0.254545 0.480384 0.353598 0.499990
0 0.354545 0.480384 0.453598 0.499990
0 0.454545 0.480384 0.553599 0.499990
0 0.554545 0.480384 0.653599 0.499990
0 0.654545 0.480384 0.753598 0.499990
0 0.754545 0.480384 0.853598 0.499990
0 0.854545 0.480384 0.954545 0.499990
0 0.072727 0.519596 0.253283 0.539203
0 0.254545 0.519596 0.353598 0.539203
0 0.354545 0.519596 0.453598 0.539203
0 0.454545 0.519596 0.553599 0.539203
0 0.554545 0.519596 0.653599 0.539203
0 0.654545 0.519596 0.753598 0.539203
0 0.754545 0.519596 0.853598 0.539203
0 0.854545 0.519596 0.954545 0.539203
0 0.072727 0.539203 0.253283 0.558809
0 0.254545 0.539203 0.353598 0.558809
0 0.354545 0.539203 0.453598 0.558809
0 0.454545 0.539203 0.553599 0.558809
0 0.554545 0.539203 0.653599 0.558809
0 0.654545 0.539203 0.753598 0.558809
0 0.754545 0.539203 0.853598 0.558809
0 0.854545 0.539203 0.954545 0.558809
0 0.072727 0.558809 0.253283 0.578415
0 0.254545 0.558809 0.353598 0.578415
0 0.354545 0.558809 0.453598 0.578415
0 0.454545 0.558809 0.553599 0.578415
0 0.554545 0.558809 0.653599 0.578415
0 0.654545 0.558809 0.753598 0.578415
0 0.754545 0.558809 0.853598 0.578415
0 0.854545 0.558809 0.954545 0.578415
0 0.072727 0.598021 0.253283 0.617627
0 0.254545 0.598021 0.353598 0.617627
0 0.354545 0.598021 0.453598 0.617627
0 0.454545 0.598021 0.553599 0.617627
0 0.554545 0.598021 0.653599 0.617627
0 0.654545 0.598021 0.753598 0.617627
0 0.754545 0.598021 0.853598 0.617627
0 0.854545 0.598021 0.954545 0.617627
0 0.072727 0.617627 0.253283 0.637234
0 0.254545 0.617627 0.353598 0.637234
0 0.354545 0.617627 0.453598 0.637234
0 0.454545 0.617627 0.553599 0.637234
0 0.554545 0.617627 0.653599 0.637234
0 0.654545 0.617627 0.753598 0.637234
0 0.754545 0.617627 0.853598 0.637234
0 0.854545 0.617627 0.954545 0.637234
0 0.072727 0.637234 0.253283 0.656840
0 0.254545 0.637234 0.353598 0.656840
0 0.354545 0.637234 0.453598 0.656840
0 0.454545 0.637234 0.553599 0.656840
0 0.554545 0.637234 0.653599 0.656840
0 0.654545 0.637234 0.753598 0.656840
0 0.754545 0.637234 0.853598 0.656840
0 0.854545 0.637234 0.954545 0.656840
0 0.254545 0.656840 0.353598 0.676446
0 0.354545 0.656840 0.453598 0.676446
0 0.454545 0.656840 0.553599 0.676446
0 0.554545 0.656840 0.653599 0.676446
0 0.654545 0.656840 0.753598 0.676446
0 0.754545 0.656840 0.853598 0.676446
0 0.854545 0.656840 0.954545 0.676446
0 0.072727 0.696052 0.253283 0.715658
0 0.254545 0.696052 0.353598 0.715658
0 0.354545 0.696052 0.453598 0.715658
0 0.454545 0.696052 0.553599 0.715658
0 0.554545 0.696052 0.653599 0.715658
0 0.654545 0.696052 0.753598 0.715658
0 0.754545 0.696052 0.853598 0.715658
0 0.854545 0.696052 0.954545 0.715658
0 0.072727 0.715658 0.253283 0.735265
0 0.254545 0.715658 0.353598 0.735265
0 0.354545 0.715658 0.453598 0.735265
0 0.454545 0.715658 0.553599 0.735265
0 0.554545 0.715658 0.653599 0.735265
0 0.654545 0.715658 0.753598 0.735265
0 0.754545 0.715658 0.853598 0.735265
0 0.854545 0.715658 0.954545 0.735265
0 0.072727 0.735265 0.253283 0.754871
0 0.254545 0.735265 0.353598 0.754871
0 0.354545 0.735265 0.453598 0.754871
0 0.454545 0.735265 0.553599 0.754871
0 0.554545 0.735265 0.653599 0.754871
0 0.654545 0.735265 0.753598 0.754871
0 0.754545 0.735265 0.853598 0.754871
0 0.854545 0.735265 0.954545 0.754871
0 0.072727 0.794088 0.253283 0.813694
0 0.254545 0.794088 0.353598 0.813694
0 0.354545 0.794088 0.453598 0.813694
0 0.454545 0.794088 0.553599 0.813694
0 0.554545 0.794088 0.653599 0.813694
0 0.654545 0.794088 0.753598 0.813694
0 0.754545 0.794088 0.853598 0.813694
0 0.854545 0.794088 0.954545 0.813694
0 0.072727 0.813694 0.253283 0.833301
0 0.254545 0.813694 0.353598 0.833301
0 0.354545 0.813694 0.453598 0.833301
0 0.454545 0.813694 0.553599 0.833301
0 0.554545 0.813694 0.653599 0.833301
0 0.654545 0.813694 0.753598 0.833301
0 0.754545 0.813694 0.853598 0.833301
0 0.854545 0.813694 0.954545 0.833301
0 0.072727 0.833301 0.253283 0.852907
0 0.254545 0.833301 0.353598 0.852907
0 0.354545 0.833301 0.453598 0.852907
0 0.454545 0.833301 0.553599 0.852907
0 0.554545 0.833301 0.653599 0.852907
0 0.654545 0.833301 0.753598 0.852907
0 0.754545 0.833301 0.853598 0.852907
0 0.854545 0.833301 0.954545 0.852907
