0 0.045455 0.094770 0.799053 0.117647
0 0.800000 0.094770 0.954545 0.117647
0 0.827273 0.137253 0.954545 0.156859
0 0.939394 0.160131 0.949495 0.173203
0 0.073990 0.264706 0.271780 0.284312
0 0.272727 0.264706 0.372727 0.284312
0 0.372727 0.264706 0.481818 0.284312
0 0.481818 0.264706 0.599053 0.284312
0 0.600000 0.264706 0.717235 0.284312
0 0.718182 0.264706 0.835417 0.284312
0 0.836364 0.264706 0.954545 0.284312
0 0.073990 0.284312 0.271780 0.303918
0 0.272727 0.284312 0.372727 0.303918
0 0.372727 0.284312 0.481818 0.303918
0 0.481818 0.284312 0.599053 0.303918
0 0.600000 0.284312 0.717235 0.303918
0 0.718182 0.284312 0.835417 0.303918
0 0.836364 0.284312 0.954545 0.303918
0 0.073990 0.303918 0.271780 0.323525
0 0.272727 0.303918 0.372727 0.323525
0 0.372727 0.303918 0.481818 0.323525
0 0.481818 0.303918 0.599053 0.323525
0 0.600000 0.303918 0.717235 0.323525
0 0.718182 0.303918 0.835417 0.323525
0 0.836364 0.303918 0.954545 0.323525
0 0.073990 0.323525 0.271780 0.343131
0 0.272727 0.323525 0.372727 0.343131
0 0.372727 0.323525 0.481818 0.343131
0 0.481818 0.323525 0.599053 0.343131
0 0.600000 0.323525 0.717235 0.343131
0 0.718182 0.323525 0.835417 0.343131
0 0.836364 0.323525 0.954545 0.343131
0 0.073990 0.343131 0.271780 0.362737
0 0.272727 0.343131 0.372727 0.362737
0 0.372727 0.343131 0.481818 0.362737
0 0.481818 0.343131 0.599053 0.362737
0 0.600000 0.343131 0.717235 0.362737
0 0.718182 0.343131 0.835417 0.362737
0 0.836364 0.343131 0.954545 0.362737
0 0.073990 0.362737 0.271780 0.382343
0 0.272727 0.362737 0.372727 0.382343
0 0.372727 0.362737 0.481818 0.382343
0 0.481818 0.362737 0.599053 0.382343
0 0.600000 0.362737 0.717235 0.382343
0 0.718182 0.362737 0.835417 0.382343
0 0.836364 0.362737 0.954545 0.382343
0 0.073990 0.382343 0.271780 0.401949
0 0.272727 0.382343 0.372727 0.401949
0 0.372727 0.382343 0.481818 0.401949
0 0.481818 0.382343 0.599053 0.401949
0 0.600000 0.382343 0.717235 0.401949
0 0.718182 0.382343 0.835417 0.401949
0 0.836364 0.382343 0.954545 0.401949
0 0.073990 0.401949 0.271780 0.421556
0 0.272727 0.401949 0.372727 0.421556
0 0.372727 0.401949 0.481818 0.421556
0 0.481818 0.401949 0.599053 0.421556
0 0.600000 0.401949 0.717235 0.421556
0 0.718182 0.401949 0.835417 0.421556
0 0.836364 0.401949 0.954545 0.421556
0 0.073990 0.421556 0.271780 0.441162
0 0.272727 0.421556 0.372727 0.441162
0 0.372727 0.421556 0.481818 0.441162
0 0.481818 0.421556 0.599053 0.441162
0 0.600000 0.421556 0.717235 0.441162
0 0.718182 0.421556 0.835417 0.441162
0 0.836364 0.421556 0.954545 0.441162
0 0.073990 0.441162 0.271780 0.460768
0 0.272727 0.441162 0.372727 0.460768
0 0.372727 0.441162 0.481818 0.460768
0 0.481818 0.441162 0.599053 0.460768
0 0.600000 0.441162 0.717235 0.460768
0 0.718182 0.441162 0.835417 0.460768
0 0.836364 0.441162 0.954545 0.460768
0 0.073990 0.460768 0.271780 0.480374
0 0.272727 0.460768 0.372727 0.480374
0 0.372727 0.460768 0.481818 0.480374
0 0.481818 0.460768 0.599053 0.480374
0 0.600000 0.460768 0.717235 0.480374
0 0.718182 0.460768 0.835417 0.480374
0 0.836364 0.460768 0.954545 0.480374
0 0.600000 0.480394 0.717235 0.500000
0 0.718182 0.480394 0.835417 0.500000
0 0.836364 0.480394 0.954545 0.500000
0 0.072727 0.588258 0.189962 0.607864
0 0.190909 0.588258 0.317235 0.607864
0 0.318182 0.588258 0.444508 0.607864
0 0.445455 0.588258 0.571780 0.607864
0 0.572727 0.588258 0.699053 0.607864
0 0.700000 0.588258 0.826326 0.607864
0 0.827273 0.588258 0.954545 0.607864
0 0.072727 0.607864 0.189962 0.627471
0 0.190909 0.607864 0.317235 0.627471
0 0.318182 0.607864 0.444508 0.627471
0 0.445455 0.607864 0.571780 0.627471
0 0.572727 0.607864 0.699053 0.627471
0 0.700000 0.607864 0.826326 0.627471
0 0.827273 0.607864 0.954545 0.627471
0 0.072727 0.627471 0.189962 0.647077
0 0.190909 0.627471 0.317235 0.647077
0 0.318182 0.627471 0.444508 0.647077
0 0.445455 0.627471 0.571780 0.647077
0 0.572727 0.627471 0.699053 0.647077
0 0.700000 0.627471 0.826326 0.647077
0 0.827273 0.627471 0.954545 0.647077
0 0.072727 0.647077 0.189962 0.666683
0 0.190909 0.647077 0.317235 0.666683
0 0.318182 0.647077 0.444508 0.666683
0 0.445455 0.647077 0.571780 0.666683
0 0.572727 0.647077 0.699053 0.666683
0 0.700000 0.647077 0.826326 0.666683
0 0.827273 0.647077 0.954545 0.666683
0 0.072727 0.666683 0.189962 0.686289
0 0.190909 0.666683 0.317235 0.686289
0 0.318182 0.666683 0.444508 0.686289
0 0.445455 0.666683 0.571780 0.686289
0 0.572727 0.666683 0.699053 0.686289
0 0.700000 0.666683 0.826326 0.686289
0 0.827273 0.666683 0.954545 0.686289
0 0.072727 0.686289 0.189962 0.705895
0 0.190909 0.686289 0.317235 0.705895
0 0.318182 0.686289 0.444508 0.705895
0 0.445455 0.686289 0.571780 0.705895
0 0.572727 0.686289 0.699053 0.705895
0 0.700000 0.686289 0.826326 0.705895
0 0.827273 0.686289 0.954545 0.705895
0 0.072727 0.705895 0.189962 0.725502
0 0.190909 0.705895 0.317235 0.725502
0 0.318182 0.705895 0.444508 0.725502
0 0.445455 0.705895 0.571780 0.725502
0 0.572727 0.705895 0.699053 0.725502
0 0.700000 0.705895 0.826326 0.725502
0 0.827273 0.705895 0.954545 0.725502
0 0.072727 0.725502 0.189962 0.745108
0 0.190909 0.725502 0.317235 0.745108
0 0.318182 0.725502 0.444508 0.745108
0 0.445455 0.725502 0.571780 0.745108
0 0.572727 0.725502 0.699053 0.745108
0 0.700000 0.725502 0.826326 0.745108
0 0.827273 0.725502 0.954545 0.745108
0 0.072727 0.745108 0.189962 0.764714
0 0.190909 0.745108 0.317235 0.764714
0 0.318182 0.745108 0.444508 0.764714
0 0.445455 0.745108 0.571780 0.764714
0 0.572727 0.745108 0.699053 0.764714
0 0.700000 0.745108 0.826326 0.764714
0 0.827273 0.745108 0.954545 0.764714
0 0.072727 0.764714 0.189962 0.784320
0 0.190909 0.764714 0.317235 0.784320
0 0.318182 0.764714 0.444508 0.784320
0 0.445455 0.764714 0.571780 0.784320
0 0.572727 0.764714 0.699053 0.784320
0 0.700000 0.764714 0.826326 0.784320
0 0.827273 0.764714 0.954545 0.784320
0 0.072727 0.784320 0.189962 0.803926
0 0.190909 0.784320 0.317235 0.803926
0 0.318182 0.784320 0.444508 0.803926
0 0.445455 0.784320 0.571780 0.803926
0 0.572727 0.784320 0.699053 0.803926
0 0.700000 0.784320 0.826326 0.803926
0 0.827273 0.784320 0.954545 0.803926
0 0.072727 0.803926 0.189962 0.823533
0 0.190909 0.803926 0.317235 0.823533
0 0.318182 0.803926 0.444508 0.823533
0 0.445455 0.803926 0.571780 0.823533
0 0.572727 0.803926 0.699053 0.823533
0 0.700000 0.803926 0.826326 0.823533
0 0.827273 0.803926 0.954545 0.823533
