0 0.359579 0.060607 0.388251 0.075758
0 0.565932 0.060607 0.717675 0.075758
0 0.747088 0.060607 0.776501 0.075676
0 0.394643 0.075762 0.623554 0.090913
0 0.652967 0.075762 0.682380 0.090913
0 0.238571 0.118690 0.727806 0.151520
0 0.238571 0.164147 0.727806 0.181826
0 0.238571 0.194452 0.727806 0.212131
0 0.070591 0.136369 0.233669 0.151520
0 0.094121 0.169199 0.107194 0.179300
0 0.152947 0.169199 0.166020 0.179300
0 0.070591 0.196976 0.235303 0.212127
0 0.729440 0.118690 0.941213 0.136369
0 0.729440 0.148996 0.941213 0.166675
0 0.751489 0.181826 0.904692 0.196976
0 0.905918 0.181826 0.941213 0.196976
0 0.270599 0.214655 0.283671 0.224757
0 0.400016 0.214655 0.413088 0.224757
0 0.541198 0.214655 0.554270 0.224757
0 0.694145 0.214655 0.707217 0.224757
0 0.058826 0.285365 0.728215 0.303044
0 0.729440 0.285365 0.941213 0.303044
0 0.058826 0.315671 0.728215 0.333349
0 0.751489 0.318195 0.904692 0.333346
0 0.905918 0.318195 0.941213 0.333346
0 0.188243 0.348500 0.235303 0.363651
0 0.258834 0.345972 0.482372 0.363651
0 0.484006 0.345972 0.728215 0.363651
0 0.776501 0.351024 0.789573 0.361126
0 0.847092 0.351024 0.860164 0.361126
0 0.776501 0.366175 0.789573 0.376277
0 0.847092 0.366175 0.860164 0.376277
0 0.058826 0.421734 0.728215 0.439413
0 0.729440 0.421734 0.941213 0.439413
0 0.058826 0.452040 0.728215 0.469718
0 0.751489 0.454564 0.904692 0.469715
0 0.905918 0.454564 0.941213 0.469715
0 0.058826 0.483770 0.388251 0.500020
0 0.411781 0.482341 0.729440 0.500020
0 0.731074 0.482341 0.941213 0.500020
0 0.176478 0.532850 0.189550 0.542951
0 0.470607 0.532850 0.483679 0.542951
0 0.741206 0.532850 0.754278 0.542951
0 0.176478 0.548001 0.189550 0.558102
0 0.470607 0.548001 0.483679 0.558102
0 0.922912 0.578306 0.935984 0.588408
0 0.800031 0.606084 0.904692 0.621235
0 0.905918 0.606084 0.941213 0.621235
0 0.400016 0.651540 0.504677 0.666691
0 0.505902 0.651540 0.539972 0.666691
0 0.400016 0.666695 0.504677 0.681846
0 0.505902 0.666695 0.539972 0.681846
0 0.406552 0.696998 0.504677 0.712151
0 0.505902 0.696998 0.534661 0.712151
0 0.623554 0.696997 0.728215 0.712148
0 0.729440 0.696997 0.763510 0.712148
0 0.623554 0.712151 0.728215 0.727302
0 0.729440 0.712151 0.763510 0.727302
0 0.623554 0.727302 0.728215 0.742453
0 0.729440 0.727302 0.763510 0.742453
0 0.623554 0.742453 0.728215 0.757604
0 0.729440 0.742453 0.763510 0.757604
0 0.800031 0.757608 0.904692 0.772758
0 0.905918 0.757608 0.941213 0.772758
0 0.734669 0.775283 0.747742 0.785384
0 0.800031 0.772758 0.904692 0.787909
0 0.905918 0.772758 0.941213 0.787909
0 0.800031 0.787909 0.904692 0.803060
0 0.905918 0.787909 0.941213 0.803060
0 0.800031 0.803064 0.904692 0.818215
0 0.905918 0.803064 0.941213 0.818215
0 0.505902 0.818215 0.634093 0.833366
0 0.635319 0.818215 0.670615 0.833366
0 0.800031 0.818215 0.904692 0.833366
0 0.905918 0.818215 0.941213 0.833366
0 0.552963 0.863671 0.752971 0.878822
0 0.870622 0.875035 0.880427 0.882611
0 0.905918 0.875035 0.915722 0.882611
0 0.154581 0.906604 0.398790 0.924282
0 0.803298 0.897764 0.816370 0.907865
0 0.847092 0.906604 0.941213 0.924282
0 0.258834 0.924279 0.751745 0.939429
0 0.258834 0.939433 0.751745 0.954584
0 0.825692 0.924279 0.941213 0.939429
0 0.837273 0.939433 0.941213 0.954584
