0 0.045455 0.094770 0.344508 0.117647
0 0.345455 0.094770 0.500000 0.117647
0 0.501263 0.094770 0.799053 0.117647
0 0.800000 0.094770 0.954545 0.117647
0 0.445455 0.196077 0.545455 0.215683
0 0.545455 0.196077 0.680871 0.215683
0 0.681818 0.196077 0.817235 0.215683
0 0.818182 0.196077 0.954545 0.215683
0 0.445455 0.215683 0.545455 0.235289
0 0.545455 0.215683 0.680871 0.235289
0 0.681818 0.215683 0.817235 0.235289
0 0.818182 0.215683 0.954545 0.235289
0 0.127284 0.235289 0.436375 0.254895
0 0.445455 0.235289 0.545455 0.254895
0 0.545455 0.235289 0.680871 0.254895
0 0.681818 0.235289 0.817235 0.254895
0 0.818182 0.235289 0.954545 0.254895
0 0.127284 0.254900 0.436375 0.274507
0 0.445455 0.254895 0.545455 0.274507
0 0.545455 0.254895 0.680871 0.274507
0 0.681818 0.254895 0.817235 0.274507
0 0.818182 0.254895 0.954545 0.274507
0 0.445455 0.274507 0.545455 0.294113
0 0.545455 0.274507 0.680871 0.294113
0 0.681818 0.274507 0.817235 0.294113
0 0.818182 0.274507 0.954545 0.294113
0 0.127284 0.294113 0.436375 0.313719
0 0.445455 0.294113 0.545455 0.313719
0 0.545455 0.294113 0.680871 0.313719
0 0.681818 0.294113 0.817235 0.313719
0 0.818182 0.294113 0.954545 0.313719
0 0.127284 0.313724 0.436375 0.333330
0 0.445455 0.313719 0.545455 0.333330
0 0.545455 0.313719 0.680871 0.333330
0 0.681818 0.313719 0.817235 0.333330
0 0.818182 0.313719 0.954545 0.333330
0 0.445455 0.333330 0.545455 0.352936
0 0.545455 0.333330 0.680871 0.352936
0 0.681818 0.333330 0.817235 0.352936
0 0.818182 0.333330 0.954545 0.352936
