0 0.376485 0.090913 0.516442 0.106064
0 0.517667 0.090913 0.657624 0.106064
0 0.658849 0.090913 0.798806 0.106064
0 0.800031 0.090913 0.941213 0.106064
0 0.376485 0.106064 0.516442 0.121215
0 0.517667 0.106064 0.657624 0.121215
0 0.658849 0.106064 0.798806 0.121215
0 0.800031 0.106064 0.941213 0.121215
0 0.376485 0.121215 0.516442 0.136365
0 0.517667 0.121215 0.657624 0.136365
0 0.658849 0.121215 0.798806 0.136365
0 0.800031 0.121215 0.941213 0.136365
0 0.383022 0.136365 0.511131 0.151516
0 0.517667 0.136365 0.657624 0.151516
0 0.665386 0.136365 0.793495 0.151516
0 0.800031 0.136365 0.941213 0.151516
0 0.376485 0.151516 0.516442 0.166667
0 0.517667 0.151516 0.657624 0.166667
0 0.658849 0.151516 0.798806 0.166667
0 0.800031 0.151516 0.941213 0.166667
0 0.376485 0.166667 0.516442 0.181818
0 0.517667 0.166667 0.657624 0.181818
0 0.658849 0.166667 0.798806 0.181818
0 0.800031 0.166667 0.941213 0.181818
0 0.376485 0.181818 0.516442 0.196969
0 0.517667 0.181818 0.657624 0.196969
0 0.658849 0.181818 0.798806 0.196969
0 0.800031 0.181818 0.941213 0.196969
0 0.376485 0.196969 0.516442 0.212120
0 0.517667 0.196969 0.657624 0.212120
0 0.658849 0.196969 0.798806 0.212120
0 0.800031 0.196969 0.941213 0.212120
0 0.376485 0.212120 0.516442 0.227271
0 0.517667 0.212120 0.657624 0.227271
0 0.658849 0.212120 0.798806 0.227271
0 0.800031 0.212120 0.941213 0.227271
0 0.376485 0.227271 0.516442 0.242421
0 0.517667 0.227271 0.657624 0.242421
0 0.658849 0.227271 0.798806 0.242421
0 0.800031 0.227271 0.941213 0.242421
0 0.376485 0.242421 0.516442 0.257572
0 0.517667 0.242421 0.657624 0.257572
0 0.658849 0.242421 0.798806 0.257572
0 0.800031 0.242421 0.941213 0.257572
0 0.376485 0.257572 0.516442 0.272723
0 0.517667 0.257572 0.657624 0.272723
0 0.658849 0.257572 0.798806 0.272723
0 0.800031 0.257572 0.941213 0.272723
0 0.383022 0.272723 0.511131 0.287874
0 0.517667 0.272723 0.657624 0.287874
0 0.665386 0.272723 0.793495 0.287874
0 0.800031 0.272723 0.941213 0.287874
0 0.376485 0.287874 0.516442 0.303025
0 0.517667 0.287874 0.657624 0.303025
0 0.658849 0.287874 0.798806 0.303025
0 0.800031 0.287874 0.941213 0.303025
0 0.383022 0.303025 0.511131 0.318176
0 0.517667 0.303025 0.658849 0.318176
0 0.665386 0.303025 0.793495 0.318176
0 0.800031 0.303025 0.941213 0.318176
0 0.376485 0.318176 0.516442 0.333327
0 0.517667 0.318176 0.657624 0.333327
0 0.658849 0.318176 0.798806 0.333327
0 0.800031 0.318176 0.941213 0.333327
0 0.376485 0.333327 0.516442 0.348477
0 0.517667 0.333327 0.657624 0.348477
0 0.658849 0.333327 0.798806 0.348477
0 0.800031 0.333327 0.941213 0.348477
0 0.383022 0.348477 0.511131 0.363628
0 0.517667 0.348477 0.657624 0.363628
0 0.665386 0.348477 0.793495 0.363628
0 0.800031 0.348477 0.941213 0.363628
0 0.376485 0.363628 0.516442 0.378779
0 0.517667 0.363628 0.657624 0.378779
0 0.658849 0.363628 0.798806 0.378779
0 0.800031 0.363628 0.941213 0.378779
0 0.376485 0.378779 0.516442 0.393930
0 0.517667 0.378779 0.657624 0.393930
0 0.658849 0.378779 0.798806 0.393930
0 0.800031 0.378779 0.941213 0.393930
0 0.376485 0.409081 0.516442 0.424232
0 0.517667 0.409081 0.657624 0.424232
0 0.658849 0.409081 0.798806 0.424232
0 0.800031 0.409081 0.941213 0.424232
0 0.376485 0.424232 0.516442 0.439383
0 0.517667 0.424232 0.657624 0.439383
0 0.658849 0.424232 0.798806 0.439383
0 0.800031 0.424232 0.941213 0.439383
0 0.376485 0.439383 0.516442 0.454534
0 0.517667 0.439383 0.657624 0.454534
0 0.658849 0.439383 0.798806 0.454534
0 0.800031 0.439383 0.941213 0.454534
0 0.376485 0.454534 0.516442 0.469684
0 0.517667 0.454534 0.657624 0.469684
0 0.658849 0.454534 0.798806 0.469684
0 0.800031 0.454534 0.941213 0.469684
0 0.376485 0.469684 0.516442 0.484835
0 0.517667 0.469684 0.657624 0.484835
0 0.658849 0.469684 0.798806 0.484835
0 0.800031 0.469684 0.941213 0.484835
0 0.376485 0.484835 0.516442 0.499986
0 0.517667 0.484835 0.657624 0.499986
0 0.658849 0.484835 0.798806 0.499986
0 0.800031 0.484835 0.941213 0.499986
0 0.376485 0.499986 0.516442 0.515137
0 0.517667 0.499986 0.657624 0.515137
0 0.658849 0.499986 0.798806 0.515137
0 0.800031 0.499986 0.941213 0.515137
0 0.376485 0.515137 0.516442 0.530288
0 0.517667 0.515137 0.657624 0.530288
0 0.658849 0.515137 0.798806 0.530288
0 0.800031 0.515137 0.941213 0.530288
0 0.376485 0.530288 0.516442 0.545439
0 0.517667 0.530288 0.657624 0.545439
0 0.658849 0.530288 0.798806 0.545439
0 0.800031 0.530288 0.941213 0.545439
0 0.376485 0.545439 0.516442 0.560590
0 0.517667 0.545439 0.657624 0.560590
0 0.658849 0.545439 0.798806 0.560590
0 0.800031 0.545439 0.941213 0.560590
0 0.376485 0.560590 0.516442 0.575740
0 0.517667 0.560590 0.657624 0.575740
0 0.658849 0.560590 0.798806 0.575740
0 0.800031 0.560590 0.941213 0.575740
0 0.376485 0.575740 0.516442 0.590891
0 0.517667 0.575740 0.657624 0.590891
0 0.658849 0.575740 0.798806 0.590891
0 0.800031 0.575740 0.941213 0.590891
0 0.376485 0.590891 0.516442 0.606042
0 0.524204 0.590891 0.652313 0.606042
0 0.658849 0.590891 0.798806 0.606042
0 0.806568 0.590891 0.934677 0.606042
0 0.376485 0.606042 0.516442 0.621193
0 0.517667 0.606042 0.657624 0.621193
0 0.658849 0.606042 0.798806 0.621193
0 0.800031 0.606042 0.941213 0.621193
0 0.376485 0.636389 0.516442 0.651540
0 0.376485 0.651540 0.516442 0.666691
0 0.376485 0.666695 0.516442 0.681846
0 0.282364 0.696997 0.364720 0.712148
0 0.105887 0.712151 0.364720 0.727302
0 0.376485 0.712151 0.516442 0.727302
0 0.271109 0.757608 0.364720 0.772758
0 0.271109 0.787909 0.364720 0.803060
0 0.271109 0.803064 0.364720 0.818215
0 0.105887 0.818215 0.364720 0.833366
0 0.376485 0.818215 0.516442 0.833366
0 0.376485 0.833366 0.516442 0.848517
0 0.706420 0.666695 0.788266 0.681846
0 0.706420 0.696997 0.788266 0.712148
0 0.564728 0.712151 0.788266 0.727302
0 0.800031 0.712151 0.941213 0.727302
0 0.706420 0.757608 0.788266 0.772758
0 0.564728 0.772758 0.788266 0.787909
0 0.564728 0.787909 0.788266 0.803060
0 0.800031 0.787909 0.941213 0.803060
0 0.800031 0.803064 0.941213 0.818215
0 0.800031 0.833366 0.941213 0.848517
0 0.376485 0.863671 0.516442 0.878822
0 0.376485 0.878822 0.516442 0.893973
0 0.270599 0.893977 0.364720 0.909128
0 0.105887 0.909128 0.364720 0.924279
0 0.105887 0.924279 0.364720 0.939429
0 0.376485 0.924279 0.516442 0.939429
0 0.376485 0.939433 0.516442 0.954584
0 0.800031 0.863671 0.941213 0.878822
0 0.800031 0.878822 0.941213 0.893973
0 0.800031 0.893977 0.941213 0.909128
0 0.729440 0.909128 0.788266 0.924279
0 0.800031 0.909128 0.941213 0.924279
0 0.800031 0.924279 0.941213 0.939429
0 0.800031 0.939433 0.941213 0.954584
