0 0.811797 0.075762 0.941213 0.090913
0 0.647084 0.090913 0.775276 0.106064
0 0.647084 0.106064 0.775276 0.121215
0 0.665386 0.121218 0.758200 0.136369
0 0.811797 0.121218 0.941213 0.136369
0 0.647084 0.136369 0.775276 0.151520
0 0.647084 0.151524 0.775276 0.166675
0 0.647084 0.166675 0.775276 0.181826
0 0.647084 0.181829 0.775276 0.196980
0 0.811797 0.196980 0.941213 0.212131
0 0.751659 0.214655 0.764731 0.224757
0 0.811792 0.212131 0.941208 0.227282
0 0.811792 0.227282 0.941208 0.242433
0 0.811792 0.242433 0.941208 0.257584
0 0.541193 0.257587 0.669384 0.272738
0 0.811792 0.257587 0.941208 0.272738
0 0.811792 0.303044 0.941208 0.318195
0 0.811792 0.318195 0.941208 0.333346
0 0.811792 0.333346 0.941208 0.348496
0 0.811792 0.348500 0.941208 0.363651
0 0.811792 0.363651 0.941208 0.378802
0 0.811792 0.393957 0.941208 0.409107
0 0.647079 0.424258 0.775271 0.439409
0 0.647079 0.439413 0.775271 0.454564
0 0.811792 0.454564 0.941208 0.469715
0 0.647079 0.469715 0.775271 0.484866
0 0.647079 0.500020 0.775271 0.515171
0 0.647079 0.515171 0.775271 0.530322
0 0.647079 0.530326 0.775271 0.545477
0 0.647079 0.545477 0.775271 0.560627
0 0.811792 0.560627 0.941208 0.575778
0 0.811792 0.575782 0.941208 0.590933
0 0.811792 0.590933 0.941208 0.606084
0 0.647079 0.606084 0.775271 0.621235
0 0.647079 0.636389 0.775271 0.651540
0 0.647079 0.651540 0.775271 0.666691
0 0.647079 0.666695 0.775271 0.681846
0 0.647079 0.681846 0.775271 0.696997
0 0.811792 0.696997 0.941208 0.712148
0 0.811792 0.712151 0.941208 0.727302
0 0.811792 0.727302 0.941208 0.742453
0 0.811792 0.742453 0.941208 0.757604
0 0.811792 0.757608 0.941208 0.772758
0 0.811792 0.772758 0.941208 0.787909
0 0.811792 0.787909 0.941208 0.803060
0 0.647079 0.803064 0.775271 0.818215
0 0.647079 0.833366 0.775271 0.848517
0 0.811792 0.848520 0.941208 0.863671
0 0.811792 0.863671 0.941208 0.878822
0 0.811792 0.878822 0.941208 0.893973
0 0.811792 0.893977 0.882383 0.909128
0 0.894148 0.893977 0.941208 0.909128
0 0.811792 0.909128 0.941208 0.924279
