0 0.708745 0.075762 0.941213 0.089650
0 0.879691 0.151487 0.899382 0.166702
0 0.914987 0.151487 0.934677 0.166702
0 0.879691 0.166641 0.899382 0.181856
0 0.914987 0.166642 0.934677 0.181857
0 0.879691 0.212098 0.899382 0.227314
0 0.914987 0.212098 0.934677 0.227314
0 0.879691 0.272705 0.899382 0.287921
0 0.914987 0.272705 0.934677 0.287921
0 0.879691 0.303011 0.899382 0.318226
0 0.914987 0.303011 0.934677 0.318226
0 0.879691 0.363618 0.899382 0.378834
0 0.914987 0.363618 0.934677 0.378834
0 0.879691 0.378769 0.899382 0.393984
0 0.914987 0.378769 0.934677 0.393984
0 0.879691 0.409075 0.899382 0.424290
0 0.914987 0.409075 0.934677 0.424290
0 0.879691 0.439380 0.899382 0.454595
0 0.914987 0.439380 0.934677 0.454595
0 0.879691 0.469686 0.899382 0.484901
0 0.914987 0.469686 0.934677 0.484901
0 0.879691 0.545448 0.899382 0.560663
0 0.914987 0.545448 0.934677 0.560663
0 0.879691 0.583324 0.899382 0.598539
0 0.914987 0.583324 0.934677 0.598539
0 0.879691 0.666666 0.899382 0.681881
0 0.914987 0.666666 0.934677 0.681881
0 0.879691 0.704550 0.899382 0.719765
0 0.914987 0.704550 0.934677 0.719765
0 0.109153 0.775286 0.122225 0.785388
0 0.344456 0.775286 0.357529 0.785388
0 0.556229 0.775286 0.569302 0.785388
0 0.283671 0.848524 0.482372 0.863675
0 0.660157 0.848524 0.858857 0.863675
0 0.283671 0.863675 0.482372 0.878826
0 0.660157 0.863675 0.858857 0.878826
