0 0.811765 0.075759 0.941176 0.090909
0 0.811765 0.090909 0.941176 0.106059
0 0.811765 0.106059 0.941176 0.121210
0 0.811765 0.166668 0.941176 0.181818
0 0.423529 0.212119 0.551716 0.227269
0 0.552941 0.212119 0.681127 0.227269
0 0.682353 0.212119 0.810539 0.227269
0 0.811765 0.212119 0.941176 0.227269
0 0.423529 0.227269 0.551716 0.242419
0 0.552941 0.227269 0.681127 0.242419
0 0.682353 0.227269 0.810539 0.242419
0 0.811765 0.227269 0.941176 0.242419
0 0.430065 0.242419 0.546405 0.257569
0 0.552941 0.242419 0.681127 0.257569
0 0.688889 0.242419 0.805229 0.257569
0 0.811765 0.242419 0.941176 0.257569
0 0.423529 0.257569 0.551716 0.272720
0 0.552941 0.257569 0.681127 0.272720
0 0.682353 0.257569 0.810539 0.272720
0 0.811765 0.257569 0.941176 0.272720
0 0.423529 0.272720 0.551716 0.287870
0 0.552941 0.272720 0.681127 0.287870
0 0.682353 0.272720 0.810539 0.287870
0 0.811765 0.272720 0.941176 0.287870
0 0.423529 0.287870 0.551716 0.303020
0 0.552941 0.287870 0.681127 0.303020
0 0.682353 0.287870 0.810539 0.303020
0 0.811765 0.287870 0.941176 0.303020
0 0.423529 0.303020 0.551716 0.318170
0 0.552941 0.303020 0.681127 0.318170
0 0.682353 0.303020 0.810539 0.318170
0 0.811765 0.303020 0.941176 0.318170
0 0.423529 0.318170 0.551716 0.333321
0 0.552941 0.318170 0.681127 0.333321
0 0.682353 0.318170 0.810539 0.333321
0 0.811765 0.318170 0.941176 0.333321
0 0.423529 0.333321 0.551716 0.348471
0 0.552941 0.333321 0.681127 0.348471
0 0.682353 0.333321 0.810539 0.348471
0 0.811765 0.333321 0.941176 0.348471
0 0.423529 0.348471 0.551716 0.363621
0 0.552941 0.348471 0.681127 0.363621
0 0.682353 0.348471 0.810539 0.363621
0 0.811765 0.348471 0.941176 0.363621
0 0.423529 0.363621 0.551716 0.378771
0 0.552941 0.363621 0.681127 0.378771
0 0.682353 0.363621 0.810539 0.378771
0 0.811765 0.363621 0.941176 0.378771
0 0.430065 0.378771 0.546405 0.393922
0 0.552941 0.378771 0.681127 0.393922
0 0.688889 0.378771 0.805229 0.393922
0 0.811765 0.378771 0.941176 0.393922
0 0.423529 0.393922 0.551716 0.409072
0 0.552941 0.393922 0.681127 0.409072
0 0.682353 0.393922 0.810539 0.409072
0 0.811765 0.393922 0.941176 0.409072
0 0.430065 0.409072 0.546405 0.424222
0 0.552941 0.409072 0.681127 0.424222
0 0.688889 0.409072 0.805229 0.424222
0 0.811765 0.409072 0.941176 0.424222
0 0.423529 0.424222 0.551716 0.439372
0 0.552941 0.424222 0.681127 0.439372
0 0.682353 0.424222 0.810539 0.439372
0 0.811765 0.424222 0.941176 0.439372
0 0.423529 0.439372 0.551716 0.454523
0 0.552941 0.439372 0.681127 0.454523
0 0.682353 0.439372 0.810539 0.454523
0 0.811765 0.439372 0.941176 0.454523
0 0.430065 0.454523 0.546405 0.469673
0 0.552941 0.454523 0.681127 0.469673
0 0.688889 0.454523 0.805229 0.469673
0 0.811765 0.454523 0.941176 0.469673
0 0.423529 0.469673 0.551716 0.484823
0 0.552941 0.469673 0.681127 0.484823
0 0.682353 0.469673 0.810539 0.484823
0 0.811765 0.469673 0.941176 0.484823
0 0.423529 0.484823 0.551716 0.499973
0 0.552941 0.484823 0.681127 0.499973
0 0.682353 0.484823 0.810539 0.499973
0 0.811765 0.484823 0.941176 0.499973
0 0.423529 0.515150 0.551716 0.530300
0 0.552941 0.515150 0.681127 0.530300
0 0.682353 0.515150 0.810539 0.530300
0 0.811765 0.515150 0.941176 0.530300
0 0.423529 0.530300 0.551716 0.545451
0 0.552941 0.530300 0.681127 0.545451
0 0.682353 0.530300 0.810539 0.545451
0 0.811765 0.530300 0.941176 0.545451
0 0.423529 0.545451 0.551716 0.560601
0 0.552941 0.545451 0.681127 0.560601
0 0.682353 0.545451 0.810539 0.560601
0 0.811765 0.545451 0.941176 0.560601
0 0.423529 0.560601 0.551716 0.575751
0 0.552941 0.560601 0.681127 0.575751
0 0.682353 0.560601 0.810539 0.575751
0 0.811765 0.560601 0.941176 0.575751
0 0.423529 0.575751 0.551716 0.590902
0 0.552941 0.575751 0.681127 0.590902
0 0.682353 0.575751 0.810539 0.590902
0 0.811765 0.575751 0.941176 0.590902
0 0.423529 0.590902 0.551716 0.606052
0 0.552941 0.590902 0.681127 0.606052
0 0.682353 0.590902 0.810539 0.606052
0 0.811765 0.590902 0.941176 0.606052
0 0.423529 0.606052 0.551716 0.621202
0 0.552941 0.606052 0.681127 0.621202
0 0.682353 0.606052 0.810539 0.621202
0 0.811765 0.606052 0.941176 0.621202
0 0.423529 0.621202 0.551716 0.636352
0 0.552941 0.621202 0.681127 0.636352
0 0.682353 0.621202 0.810539 0.636352
0 0.811765 0.621202 0.941176 0.636352
0 0.423529 0.636352 0.551716 0.651503
0 0.552941 0.636352 0.681127 0.651503
0 0.682353 0.636352 0.810539 0.651503
0 0.811765 0.636352 0.941176 0.651503
0 0.423529 0.651503 0.551716 0.666653
0 0.552941 0.651503 0.681127 0.666653
0 0.682353 0.651503 0.810539 0.666653
0 0.811765 0.651503 0.941176 0.666653
0 0.423529 0.666653 0.551716 0.681803
0 0.559477 0.666653 0.675817 0.681803
0 0.682353 0.666653 0.810539 0.681803
0 0.818301 0.666653 0.934641 0.681803
0 0.423529 0.681803 0.551716 0.696953
0 0.552941 0.681803 0.681127 0.696953
0 0.682353 0.681803 0.810539 0.696953
0 0.811765 0.681803 0.941176 0.696953
