0 0.376471 0.090909 0.504657 0.106059
0 0.282353 0.136364 0.364706 0.151514
0 0.105882 0.151514 0.364706 0.166664
0 0.376471 0.151514 0.504657 0.166664
0 0.200000 0.212122 0.364706 0.227273
0 0.105882 0.227273 0.364706 0.242423
0 0.275817 0.242423 0.364706 0.257573
0 0.105882 0.257577 0.364706 0.272727
0 0.376471 0.257577 0.504657 0.272727
0 0.376471 0.272727 0.504657 0.287878
0 0.692154 0.136364 0.800000 0.151514
0 0.552941 0.151514 0.800000 0.166664
0 0.811765 0.151514 0.941176 0.166664
0 0.647059 0.212122 0.800000 0.227273
0 0.552941 0.227273 0.800000 0.242423
0 0.811765 0.227273 0.941176 0.242423
0 0.811765 0.242423 0.941176 0.257573
0 0.811765 0.272727 0.941176 0.287878
0 0.423529 0.378787 0.551716 0.393937
0 0.552941 0.378787 0.681127 0.393937
0 0.682353 0.378787 0.810539 0.393937
0 0.811765 0.378787 0.941176 0.393937
0 0.423529 0.393937 0.551716 0.409087
0 0.552941 0.393937 0.681127 0.409087
0 0.682353 0.393937 0.810539 0.409087
0 0.811765 0.393937 0.941176 0.409087
0 0.423529 0.409087 0.551716 0.424237
0 0.552941 0.409087 0.681127 0.424237
0 0.682353 0.409087 0.810539 0.424237
0 0.811765 0.409087 0.941176 0.424237
0 0.430065 0.424237 0.546405 0.439388
0 0.552941 0.424237 0.681127 0.439388
0 0.682353 0.424237 0.810539 0.439388
0 0.811765 0.424237 0.941176 0.439388
0 0.430065 0.439388 0.546405 0.454538
0 0.552941 0.439388 0.681127 0.454538
0 0.682353 0.439388 0.810539 0.454538
0 0.818301 0.439388 0.934641 0.454538
0 0.423529 0.454538 0.551716 0.469688
0 0.552941 0.454538 0.681127 0.469688
0 0.682353 0.454538 0.810539 0.469688
0 0.811765 0.454538 0.941176 0.469688
0 0.423529 0.469688 0.551716 0.484838
0 0.552941 0.469688 0.681127 0.484838
0 0.682353 0.469688 0.810539 0.484838
0 0.811765 0.469688 0.941176 0.484838
0 0.423529 0.499990 0.551716 0.515143
0 0.552941 0.499990 0.681127 0.515143
0 0.682353 0.499990 0.810539 0.515143
0 0.811765 0.499990 0.941176 0.515143
