0 0.658849 0.151521 0.798806 0.166675
0 0.800031 0.151521 0.941213 0.166675
0 0.658849 0.181827 0.798806 0.196980
0 0.800031 0.181827 0.941213 0.196980
0 0.658849 0.196980 0.798806 0.212131
0 0.800031 0.196980 0.941213 0.212131
0 0.658849 0.212131 0.798806 0.227282
0 0.800031 0.212131 0.941213 0.227282
0 0.658849 0.227282 0.798806 0.242433
0 0.800031 0.227282 0.941213 0.242433
0 0.658849 0.257585 0.798806 0.272738
0 0.800031 0.257585 0.941213 0.272738
0 0.658849 0.272738 0.798806 0.287889
0 0.800031 0.272738 0.941213 0.287889
0 0.658849 0.287889 0.798806 0.303040
0 0.800031 0.287889 0.941213 0.303040
0 0.658849 0.303040 0.798806 0.318191
0 0.800031 0.303040 0.941213 0.318191
0 0.658849 0.333343 0.798806 0.348496
0 0.800031 0.333343 0.941213 0.348496
0 0.658849 0.363649 0.798806 0.378802
0 0.800031 0.363649 0.941213 0.378802
0 0.658849 0.393954 0.798806 0.424258
0 0.800031 0.409106 0.941213 0.424258
0 0.658849 0.439410 0.798806 0.454564
0 0.800031 0.439410 0.941213 0.454564
0 0.658849 0.469716 0.798806 0.484869
0 0.800031 0.469716 0.941213 0.484869
0 0.658849 0.484869 0.798806 0.500020
0 0.800031 0.484869 0.941213 0.500020
0 0.658849 0.500020 0.798806 0.515171
0 0.800031 0.500020 0.941213 0.515171
0 0.658849 0.515171 0.798806 0.530322
0 0.800031 0.515171 0.941213 0.530322
0 0.658849 0.530322 0.798806 0.545473
0 0.800031 0.530322 0.941213 0.545473
0 0.658849 0.545473 0.798806 0.575778
0 0.800031 0.560625 0.941213 0.575778
0 0.658849 0.636389 0.798806 0.651540
0 0.800031 0.636389 0.941213 0.651540
0 0.658849 0.651540 0.798806 0.666691
0 0.800031 0.651540 0.941213 0.666691
0 0.658849 0.666691 0.798806 0.681842
0 0.800031 0.666691 0.941213 0.681842
0 0.658849 0.681842 0.798806 0.696993
0 0.800031 0.681842 0.941213 0.696993
0 0.658849 0.696993 0.798806 0.712144
0 0.800031 0.696993 0.941213 0.712144
0 0.658849 0.712144 0.798806 0.727295
0 0.800031 0.712144 0.941213 0.727295
0 0.658849 0.727295 0.798806 0.742445
0 0.800031 0.727295 0.941213 0.742445
0 0.658849 0.742445 0.798806 0.757596
0 0.800031 0.742445 0.941213 0.757596
0 0.658849 0.757596 0.798806 0.772747
0 0.800031 0.757596 0.941213 0.772747
0 0.658849 0.787899 0.798806 0.803053
0 0.800031 0.772747 0.941213 0.803053
0 0.800031 0.803064 0.941213 0.818215
0 0.800031 0.818215 0.941213 0.833366
0 0.800031 0.848520 0.941213 0.863671
