0 0.045455 0.094770 0.744508 0.117647
0 0.745455 0.094770 0.954545 0.117647
0 0.527273 0.122549 0.572727 0.142157
0 0.590909 0.122549 0.636364 0.142157
0 0.939394 0.186683 0.952020 0.203023
0 0.060606 0.323526 0.089962 0.343136
0 0.091856 0.303918 0.189962 0.323525
0 0.093434 0.323525 0.106566 0.343131
0 0.111616 0.323525 0.124747 0.343131
0 0.129798 0.323525 0.142929 0.343131
0 0.147980 0.323525 0.188384 0.343131
0 0.191856 0.303918 0.289962 0.323525
0 0.193434 0.323525 0.206566 0.343131
0 0.211616 0.323525 0.224747 0.343131
0 0.229798 0.323525 0.242929 0.343131
0 0.247980 0.323525 0.288384 0.343131
0 0.291856 0.303918 0.389962 0.323525
0 0.293434 0.323525 0.306566 0.343131
0 0.311616 0.323525 0.324747 0.343131
0 0.329798 0.323525 0.342929 0.343131
0 0.347980 0.323525 0.388384 0.343131
0 0.391856 0.323526 0.462689 0.343136
0 0.464583 0.303918 0.562689 0.323525
0 0.466162 0.323525 0.479293 0.343131
0 0.484343 0.323525 0.497475 0.343131
0 0.502525 0.323525 0.515657 0.343131
0 0.520707 0.323525 0.561111 0.343131
0 0.569697 0.313722 0.584849 0.333330
0 0.596970 0.313722 0.612121 0.333330
0 0.619129 0.323526 0.637879 0.343136
0 0.645455 0.323526 0.689962 0.343136
0 0.701515 0.313722 0.716667 0.333330
0 0.728220 0.323526 0.762689 0.343136
0 0.764583 0.323526 0.808144 0.343136
0 0.810038 0.323526 0.844508 0.343136
0 0.845455 0.323526 0.917235 0.343136
0 0.919129 0.323526 0.954545 0.343136
0 0.060606 0.362743 0.089962 0.382353
0 0.091856 0.343136 0.189962 0.362742
0 0.093434 0.362747 0.106566 0.382353
0 0.111616 0.362747 0.124747 0.382353
0 0.129798 0.362747 0.142929 0.382353
0 0.147980 0.362747 0.188384 0.382353
0 0.191856 0.343136 0.289962 0.362742
0 0.193434 0.362747 0.206566 0.382353
0 0.211616 0.362747 0.224747 0.382353
0 0.229798 0.362747 0.242929 0.382353
0 0.247980 0.362747 0.288384 0.382353
0 0.291856 0.343136 0.389962 0.362742
0 0.293434 0.362747 0.306566 0.382353
0 0.311616 0.362747 0.324747 0.382353
0 0.329798 0.362747 0.342929 0.382353
0 0.347980 0.362747 0.388384 0.382353
0 0.391856 0.362743 0.462689 0.382353
0 0.464583 0.343136 0.562689 0.362742
0 0.466162 0.362747 0.479293 0.382353
0 0.484343 0.362747 0.497475 0.382353
0 0.502525 0.362747 0.515657 0.382353
0 0.520707 0.362747 0.561111 0.382353
0 0.569697 0.352940 0.584849 0.372547
0 0.596970 0.352940 0.612121 0.372547
0 0.619129 0.362743 0.637879 0.382353
0 0.645455 0.362743 0.689962 0.382353
0 0.701515 0.352940 0.716667 0.372547
0 0.728220 0.362743 0.762689 0.382353
0 0.764583 0.362743 0.808144 0.382353
0 0.810038 0.362743 0.844508 0.382353
0 0.845455 0.362743 0.917235 0.382353
0 0.919129 0.362743 0.954545 0.382353
0 0.060606 0.401961 0.089962 0.421570
0 0.091856 0.382353 0.189962 0.401959
0 0.093434 0.401959 0.106566 0.421565
0 0.111616 0.401959 0.124747 0.421565
0 0.129798 0.401959 0.142929 0.421565
0 0.147980 0.401959 0.188384 0.421565
0 0.191856 0.382353 0.289962 0.401959
0 0.193434 0.401959 0.206566 0.421565
0 0.211616 0.401959 0.224747 0.421565
0 0.229798 0.401959 0.242929 0.421565
0 0.247980 0.401959 0.288384 0.421565
0 0.291856 0.382353 0.389962 0.401959
0 0.293434 0.401959 0.306566 0.421565
0 0.311616 0.401959 0.324747 0.421565
0 0.329798 0.401959 0.342929 0.421565
0 0.347980 0.401959 0.388384 0.421565
0 0.391856 0.401961 0.462689 0.421570
0 0.464583 0.382353 0.562689 0.401959
0 0.466162 0.401959 0.479293 0.421565
0 0.484343 0.401959 0.497475 0.421565
0 0.502525 0.401959 0.515657 0.421565
0 0.520707 0.401959 0.561111 0.421565
0 0.569697 0.392157 0.584849 0.411765
0 0.596970 0.392157 0.612121 0.411765
0 0.619129 0.401961 0.637879 0.421570
0 0.645455 0.401961 0.689962 0.421570
0 0.701515 0.392157 0.716667 0.411765
0 0.728220 0.401961 0.762689 0.421570
0 0.764583 0.401961 0.808144 0.421570
0 0.810038 0.401961 0.844508 0.421570
0 0.845455 0.401961 0.917235 0.421570
0 0.919129 0.401961 0.954545 0.421570
0 0.060606 0.441178 0.089962 0.460788
0 0.091856 0.421570 0.189962 0.441176
0 0.093434 0.441176 0.106566 0.460783
0 0.111616 0.441176 0.124747 0.460783
0 0.129798 0.441176 0.142929 0.460783
0 0.147980 0.441176 0.188384 0.460783
0 0.191856 0.421570 0.289962 0.441176
0 0.193434 0.441176 0.206566 0.460783
0 0.211616 0.441176 0.224747 0.460783
0 0.229798 0.441176 0.242929 0.460783
0 0.247980 0.441176 0.288384 0.460783
0 0.291856 0.421570 0.389962 0.441176
0 0.293434 0.441176 0.306566 0.460783
0 0.311616 0.441176 0.324747 0.460783
0 0.329798 0.441176 0.342929 0.460783
0 0.347980 0.441176 0.388384 0.460783
0 0.391856 0.441178 0.462689 0.460788
0 0.464583 0.421570 0.562689 0.441176
0 0.466162 0.441176 0.479293 0.460783
0 0.484343 0.441176 0.497475 0.460783
0 0.502525 0.441176 0.515657 0.460783
0 0.520707 0.441176 0.561111 0.460783
0 0.569697 0.431374 0.584849 0.450982
0 0.596970 0.431374 0.612121 0.450982
0 0.619129 0.441178 0.637879 0.460788
0 0.645455 0.441178 0.689962 0.460788
0 0.701515 0.431374 0.716667 0.450982
0 0.728220 0.441178 0.762689 0.460788
0 0.764583 0.441178 0.808144 0.460788
0 0.810038 0.441178 0.844508 0.460788
0 0.845455 0.441178 0.917235 0.460788
0 0.919129 0.441178 0.954545 0.460788
0 0.060606 0.480395 0.089962 0.500005
0 0.091856 0.460788 0.189962 0.480394
0 0.093434 0.480399 0.106566 0.500005
0 0.111616 0.480399 0.124747 0.500005
0 0.129798 0.480399 0.142929 0.500005
0 0.147980 0.480399 0.188384 0.500005
0 0.191856 0.460788 0.289962 0.480394
0 0.193434 0.480399 0.206566 0.500005
0 0.211616 0.480399 0.224747 0.500005
0 0.229798 0.480399 0.242929 0.500005
0 0.247980 0.480399 0.288384 0.500005
0 0.291856 0.460788 0.389962 0.480394
0 0.293434 0.480399 0.306566 0.500005
0 0.311616 0.480399 0.324747 0.500005
0 0.329798 0.480399 0.342929 0.500005
0 0.347980 0.480399 0.388384 0.500005
0 0.391856 0.480395 0.462689 0.500005
0 0.464583 0.460788 0.562689 0.480394
0 0.466162 0.480399 0.479293 0.500005
0 0.484343 0.480399 0.497475 0.500005
0 0.502525 0.480399 0.515657 0.500005
0 0.520707 0.480399 0.561111 0.500005
0 0.569697 0.470592 0.584849 0.490199
0 0.596970 0.470592 0.612121 0.490199
0 0.619129 0.480395 0.637879 0.500005
0 0.645455 0.480395 0.689962 0.500005
0 0.701515 0.470592 0.716667 0.490199
0 0.728220 0.480395 0.762689 0.500005
0 0.764583 0.480395 0.808144 0.500005
0 0.810038 0.480395 0.844508 0.500005
0 0.845455 0.480395 0.917235 0.500005
0 0.919129 0.480395 0.954545 0.500005
0 0.060606 0.519613 0.089962 0.539222
0 0.091856 0.500005 0.189962 0.519611
0 0.093434 0.519611 0.106566 0.539217
0 0.111616 0.519611 0.124747 0.539217
0 0.129798 0.519611 0.142929 0.539217
0 0.147980 0.519611 0.188384 0.539217
0 0.191856 0.500005 0.289962 0.519611
0 0.193434 0.519611 0.206566 0.539217
0 0.211616 0.519611 0.224747 0.539217
0 0.229798 0.519611 0.242929 0.539217
0 0.247980 0.519611 0.288384 0.539217
0 0.291856 0.500005 0.389962 0.519611
0 0.293434 0.519611 0.306566 0.539217
0 0.311616 0.519611 0.324747 0.539217
0 0.329798 0.519611 0.342929 0.539217
0 0.347980 0.519611 0.388384 0.539217
0 0.391856 0.519613 0.462689 0.539222
0 0.464583 0.500005 0.562689 0.519611
0 0.466162 0.519611 0.479293 0.539217
0 0.484343 0.519611 0.497475 0.539217
0 0.502525 0.519611 0.515657 0.539217
0 0.520707 0.519611 0.561111 0.539217
0 0.569697 0.509809 0.584849 0.529417
0 0.596970 0.509809 0.612121 0.529417
0 0.619129 0.519613 0.637879 0.539222
0 0.645455 0.519613 0.689962 0.539222
0 0.701515 0.509809 0.716667 0.529417
0 0.728220 0.519613 0.762689 0.539222
0 0.764583 0.519613 0.808144 0.539222
0 0.810038 0.519613 0.844508 0.539222
0 0.845455 0.519613 0.917235 0.539222
0 0.919129 0.519613 0.954545 0.539222
0 0.060606 0.558830 0.089962 0.578440
0 0.091856 0.539222 0.189962 0.558828
0 0.093434 0.558828 0.106566 0.578435
0 0.111616 0.558828 0.124747 0.578435
0 0.129798 0.558828 0.142929 0.578435
0 0.147980 0.558828 0.188384 0.578435
0 0.191856 0.539222 0.289962 0.558828
0 0.193434 0.558828 0.206566 0.578435
0 0.211616 0.558828 0.224747 0.578435
0 0.229798 0.558828 0.242929 0.578435
0 0.247980 0.558828 0.288384 0.578435
0 0.291856 0.539222 0.389962 0.558828
0 0.293434 0.558828 0.306566 0.578435
0 0.311616 0.558828 0.324747 0.578435
0 0.329798 0.558828 0.342929 0.578435
0 0.347980 0.558828 0.388384 0.578435
0 0.391856 0.558830 0.462689 0.578440
0 0.464583 0.539222 0.562689 0.558828
0 0.466162 0.558828 0.479293 0.578435
0 0.484343 0.558828 0.497475 0.578435
0 0.502525 0.558828 0.515657 0.578435
0 0.520707 0.558828 0.561111 0.578435
0 0.569697 0.549026 0.584849 0.568634
0 0.596970 0.549026 0.612121 0.568634
0 0.619129 0.558830 0.637879 0.578440
0 0.645455 0.558830 0.689962 0.578440
0 0.701515 0.549026 0.716667 0.568634
0 0.728220 0.558830 0.762689 0.578440
0 0.764583 0.558830 0.808144 0.578440
0 0.810038 0.558830 0.844508 0.578440
0 0.845455 0.558830 0.917235 0.578440
0 0.919129 0.558830 0.954545 0.578440
0 0.060606 0.598047 0.089962 0.617657
0 0.091856 0.578440 0.189962 0.598046
0 0.093434 0.598051 0.106566 0.617657
0 0.111616 0.598051 0.124747 0.617657
0 0.129798 0.598051 0.142929 0.617657
0 0.147980 0.598051 0.188384 0.617657
0 0.191856 0.578440 0.289962 0.598046
0 0.193434 0.598051 0.206566 0.617657
0 0.211616 0.598051 0.224747 0.617657
0 0.229798 0.598051 0.242929 0.617657
0 0.247980 0.598051 0.288384 0.617657
0 0.291856 0.578440 0.389962 0.598046
0 0.293434 0.598051 0.306566 0.617657
0 0.311616 0.598051 0.324747 0.617657
0 0.329798 0.598051 0.342929 0.617657
0 0.347980 0.598051 0.388384 0.617657
0 0.391856 0.598047 0.462689 0.617657
0 0.464583 0.578440 0.562689 0.598046
0 0.466162 0.598051 0.479293 0.617657
0 0.484343 0.598051 0.497475 0.617657
0 0.502525 0.598051 0.515657 0.617657
0 0.520707 0.598051 0.561111 0.617657
0 0.569697 0.588243 0.584849 0.607851
0 0.596970 0.588243 0.612121 0.607851
0 0.619129 0.598047 0.637879 0.617657
0 0.645455 0.598047 0.689962 0.617657
0 0.701515 0.588243 0.716667 0.607851
0 0.728220 0.598047 0.762689 0.617657
0 0.764583 0.598047 0.808144 0.617657
0 0.810038 0.598047 0.844508 0.617657
0 0.845455 0.598047 0.917235 0.617657
0 0.919129 0.598047 0.954545 0.617657
0 0.060606 0.637265 0.089962 0.656874
0 0.091856 0.617657 0.189962 0.637263
0 0.093434 0.637263 0.106566 0.656869
0 0.111616 0.637263 0.124747 0.656869
0 0.129798 0.637263 0.142929 0.656869
0 0.147980 0.637263 0.188384 0.656869
0 0.191856 0.617657 0.289962 0.637263
0 0.193434 0.637263 0.206566 0.656869
0 0.211616 0.637263 0.224747 0.656869
0 0.229798 0.637263 0.242929 0.656869
0 0.247980 0.637263 0.288384 0.656869
0 0.291856 0.617657 0.389962 0.637263
0 0.293434 0.637263 0.306566 0.656869
0 0.311616 0.637263 0.324747 0.656869
0 0.329798 0.637263 0.342929 0.656869
0 0.347980 0.637263 0.388384 0.656869
0 0.391856 0.637265 0.462689 0.656874
0 0.464583 0.617657 0.562689 0.637263
0 0.466162 0.637263 0.479293 0.656869
0 0.484343 0.637263 0.497475 0.656869
0 0.502525 0.637263 0.515657 0.656869
0 0.520707 0.637263 0.561111 0.656869
0 0.569697 0.627461 0.584849 0.647069
0 0.596970 0.627461 0.612121 0.647069
0 0.619129 0.637265 0.637879 0.656874
0 0.645455 0.637265 0.689962 0.656874
0 0.701515 0.627461 0.716667 0.647069
0 0.728220 0.637265 0.762689 0.656874
0 0.764583 0.637265 0.808144 0.656874
0 0.810038 0.637265 0.844508 0.656874
0 0.845455 0.637265 0.917235 0.656874
0 0.919129 0.637265 0.954545 0.656874
0 0.060606 0.676482 0.089962 0.696091
0 0.091856 0.656874 0.189962 0.676480
0 0.093434 0.676480 0.106566 0.696087
0 0.111616 0.676480 0.124747 0.696087
0 0.129798 0.676480 0.142929 0.696087
0 0.147980 0.676480 0.188384 0.696087
0 0.191856 0.656874 0.289962 0.676480
0 0.193434 0.676480 0.206566 0.696087
0 0.211616 0.676480 0.224747 0.696087
0 0.229798 0.676480 0.242929 0.696087
0 0.247980 0.676480 0.288384 0.696087
0 0.291856 0.656874 0.389962 0.676480
0 0.293434 0.676480 0.306566 0.696087
0 0.311616 0.676480 0.324747 0.696087
0 0.329798 0.676480 0.342929 0.696087
0 0.347980 0.676480 0.388384 0.696087
0 0.391856 0.676482 0.462689 0.696091
0 0.464583 0.656874 0.562689 0.676480
0 0.466162 0.676480 0.479293 0.696087
0 0.484343 0.676480 0.497475 0.696087
0 0.502525 0.676480 0.515657 0.696087
0 0.520707 0.676480 0.561111 0.696087
0 0.569697 0.666678 0.584849 0.686286
0 0.596970 0.666678 0.612121 0.686286
0 0.619129 0.676482 0.637879 0.696091
0 0.645455 0.676482 0.689962 0.696091
0 0.701515 0.666678 0.716667 0.686286
0 0.728220 0.676482 0.762689 0.696091
0 0.764583 0.676482 0.808144 0.696091
0 0.810038 0.676482 0.844508 0.696091
0 0.845455 0.676482 0.917235 0.696091
0 0.919129 0.676482 0.954545 0.696091
0 0.060606 0.715699 0.089962 0.735309
0 0.091856 0.696091 0.189962 0.715698
0 0.093434 0.715703 0.106566 0.735309
0 0.111616 0.715703 0.124747 0.735309
0 0.129798 0.715703 0.142929 0.735309
0 0.147980 0.715703 0.188384 0.735309
0 0.191856 0.696091 0.289962 0.715698
0 0.193434 0.715703 0.206566 0.735309
0 0.211616 0.715703 0.224747 0.735309
0 0.229798 0.715703 0.242929 0.735309
0 0.247980 0.715703 0.288384 0.735309
0 0.291856 0.696091 0.389962 0.715698
0 0.293434 0.715703 0.306566 0.735309
0 0.311616 0.715703 0.324747 0.735309
0 0.329798 0.715703 0.342929 0.735309
0 0.347980 0.715703 0.388384 0.735309
0 0.391856 0.715699 0.462689 0.735309
0 0.464583 0.696091 0.562689 0.715698
0 0.466162 0.715703 0.479293 0.735309
0 0.484343 0.715703 0.497475 0.735309
0 0.502525 0.715703 0.515657 0.735309
0 0.520707 0.715703 0.561111 0.735309
0 0.569697 0.705895 0.584849 0.725503
0 0.596970 0.705895 0.612121 0.725503
0 0.619129 0.715699 0.637879 0.735309
0 0.645455 0.715699 0.689962 0.735309
0 0.701515 0.705895 0.716667 0.725503
0 0.728220 0.715699 0.762689 0.735309
0 0.764583 0.715699 0.808144 0.735309
0 0.810038 0.715699 0.844508 0.735309
0 0.845455 0.715699 0.917235 0.735309
0 0.919129 0.715699 0.954545 0.735309
0 0.060606 0.754917 0.089962 0.774526
0 0.091856 0.735309 0.189962 0.754915
0 0.093434 0.754915 0.106566 0.774521
0 0.111616 0.754915 0.124747 0.774521
0 0.129798 0.754915 0.142929 0.774521
0 0.147980 0.754915 0.188384 0.774521
0 0.191856 0.735309 0.289962 0.754915
0 0.193434 0.754915 0.206566 0.774521
0 0.211616 0.754915 0.224747 0.774521
0 0.229798 0.754915 0.242929 0.774521
0 0.247980 0.754915 0.288384 0.774521
0 0.291856 0.735309 0.389962 0.754915
0 0.293434 0.754915 0.306566 0.774521
0 0.311616 0.754915 0.324747 0.774521
0 0.329798 0.754915 0.342929 0.774521
0 0.347980 0.754915 0.388384 0.774521
0 0.391856 0.754917 0.462689 0.774526
0 0.464583 0.735309 0.562689 0.754915
0 0.466162 0.754915 0.479293 0.774521
0 0.484343 0.754915 0.497475 0.774521
0 0.502525 0.754915 0.515657 0.774521
0 0.520707 0.754915 0.561111 0.774521
0 0.569697 0.745113 0.584849 0.764721
0 0.596970 0.745113 0.612121 0.764721
0 0.619129 0.754917 0.637879 0.774526
0 0.645455 0.754917 0.689962 0.774526
0 0.701515 0.745113 0.716667 0.764721
0 0.728220 0.754917 0.762689 0.774526
0 0.764583 0.754917 0.808144 0.774526
0 0.810038 0.754917 0.844508 0.774526
0 0.845455 0.754917 0.917235 0.774526
0 0.919129 0.754917 0.954545 0.774526
0 0.060606 0.794134 0.089962 0.813743
0 0.091856 0.774526 0.189962 0.794132
0 0.093434 0.794132 0.106566 0.813739
0 0.111616 0.794132 0.124747 0.813739
0 0.129798 0.794132 0.142929 0.813739
0 0.147980 0.794132 0.188384 0.813739
0 0.191856 0.774526 0.289962 0.794132
0 0.193434 0.794132 0.206566 0.813739
0 0.211616 0.794132 0.224747 0.813739
0 0.229798 0.794132 0.242929 0.813739
0 0.247980 0.794132 0.288384 0.813739
0 0.291856 0.774526 0.389962 0.794132
0 0.293434 0.794132 0.306566 0.813739
0 0.311616 0.794132 0.324747 0.813739
0 0.329798 0.794132 0.342929 0.813739
0 0.347980 0.794132 0.388384 0.813739
0 0.391856 0.794134 0.462689 0.813743
0 0.464583 0.774526 0.562689 0.794132
0 0.466162 0.794132 0.479293 0.813739
0 0.484343 0.794132 0.497475 0.813739
0 0.502525 0.794132 0.515657 0.813739
0 0.520707 0.794132 0.561111 0.813739
0 0.569697 0.784330 0.584849 0.803938
0 0.596970 0.784330 0.612121 0.803938
0 0.619129 0.794134 0.637879 0.813743
0 0.645455 0.794134 0.689962 0.813743
0 0.701515 0.784330 0.716667 0.803938
0 0.728220 0.794134 0.762689 0.813743
0 0.764583 0.794134 0.808144 0.813743
0 0.810038 0.794134 0.844508 0.813743
0 0.845455 0.794134 0.917235 0.813743
0 0.919129 0.794134 0.954545 0.813743
0 0.060606 0.833351 0.089962 0.852961
0 0.091856 0.813743 0.189962 0.833350
0 0.093434 0.833355 0.106566 0.852961
0 0.111616 0.833355 0.124747 0.852961
0 0.129798 0.833355 0.142929 0.852961
0 0.147980 0.833355 0.188384 0.852961
0 0.191856 0.813743 0.289962 0.833350
0 0.193434 0.833355 0.206566 0.852961
0 0.211616 0.833355 0.224747 0.852961
0 0.229798 0.833355 0.242929 0.852961
0 0.247980 0.833355 0.288384 0.852961
0 0.291856 0.813743 0.389962 0.833350
0 0.293434 0.833355 0.306566 0.852961
0 0.311616 0.833355 0.324747 0.852961
0 0.329798 0.833355 0.342929 0.852961
0 0.347980 0.833355 0.388384 0.852961
0 0.391856 0.833351 0.462689 0.852961
0 0.464583 0.813743 0.562689 0.833350
0 0.466162 0.833355 0.479293 0.852961
0 0.484343 0.833355 0.497475 0.852961
0 0.502525 0.833355 0.515657 0.852961
0 0.520707 0.833355 0.561111 0.852961
0 0.569697 0.823547 0.584849 0.843155
0 0.596970 0.823547 0.612121 0.843155
0 0.619129 0.833351 0.637879 0.852961
0 0.645455 0.833351 0.689962 0.852961
0 0.701515 0.823547 0.716667 0.843155
0 0.728220 0.833351 0.762689 0.852961
0 0.764583 0.833351 0.808144 0.852961
0 0.810038 0.833351 0.844508 0.852961
0 0.845455 0.833351 0.917235 0.852961
0 0.919129 0.833351 0.954545 0.852961
0 0.060606 0.872569 0.089962 0.892178
0 0.091856 0.852961 0.189962 0.872567
0 0.093434 0.872567 0.106566 0.892173
0 0.111616 0.872567 0.124747 0.892173
0 0.129798 0.872567 0.142929 0.892173
0 0.147980 0.872567 0.188384 0.892173
0 0.191856 0.852961 0.289962 0.872567
0 0.193434 0.872567 0.206566 0.892173
0 0.211616 0.872567 0.224747 0.892173
0 0.229798 0.872567 0.242929 0.892173
0 0.247980 0.872567 0.288384 0.892173
0 0.291856 0.852961 0.389962 0.872567
0 0.293434 0.872567 0.306566 0.892173
0 0.311616 0.872567 0.324747 0.892173
0 0.329798 0.872567 0.342929 0.892173
0 0.347980 0.872567 0.388384 0.892173
0 0.391856 0.872569 0.462689 0.892178
0 0.464583 0.852961 0.562689 0.872567
0 0.466162 0.872567 0.479293 0.892173
0 0.484343 0.872567 0.497475 0.892173
0 0.502525 0.872567 0.515657 0.892173
0 0.520707 0.872567 0.561111 0.892173
0 0.569697 0.862765 0.584849 0.882373
0 0.596970 0.862765 0.612121 0.882373
0 0.619129 0.872569 0.637879 0.892178
0 0.645455 0.872569 0.689962 0.892178
0 0.701515 0.862765 0.716667 0.882373
0 0.728220 0.872569 0.762689 0.892178
0 0.764583 0.872569 0.808144 0.892178
0 0.810038 0.872569 0.844508 0.892178
0 0.845455 0.872569 0.917235 0.892178
0 0.919129 0.872569 0.954545 0.892178
0 0.060606 0.911786 0.089962 0.931395
0 0.091856 0.892178 0.189962 0.911784
0 0.093434 0.911789 0.106566 0.931395
0 0.111616 0.911789 0.124747 0.931395
0 0.129798 0.911789 0.142929 0.931395
0 0.147980 0.911789 0.188384 0.931395
0 0.191856 0.892178 0.289962 0.911784
0 0.193434 0.911789 0.206566 0.931395
0 0.211616 0.911789 0.224747 0.931395
0 0.229798 0.911789 0.242929 0.931395
0 0.247980 0.911789 0.288384 0.931395
0 0.291856 0.892178 0.389962 0.911784
0 0.293434 0.911789 0.306566 0.931395
0 0.311616 0.911789 0.324747 0.931395
0 0.329798 0.911789 0.342929 0.931395
0 0.347980 0.911789 0.388384 0.931395
0 0.391856 0.911786 0.462689 0.931395
0 0.464583 0.892178 0.562689 0.911784
0 0.466162 0.911789 0.479293 0.931395
0 0.484343 0.911789 0.497475 0.931395
0 0.502525 0.911789 0.515657 0.931395
0 0.520707 0.911789 0.561111 0.931395
0 0.569697 0.901982 0.584849 0.921590
0 0.596970 0.901982 0.612121 0.921590
0 0.619129 0.911786 0.637879 0.931395
0 0.645455 0.911786 0.689962 0.931395
0 0.701515 0.901982 0.716667 0.921590
0 0.728220 0.911786 0.762689 0.931395
0 0.764583 0.911786 0.808144 0.931395
0 0.810038 0.911786 0.844508 0.931395
0 0.845455 0.911786 0.917235 0.931395
0 0.919129 0.911786 0.954545 0.931395
