0 0.058824 0.073231 0.739951 0.090909
0 0.741176 0.073231 0.941176 0.090909
0 0.470588 0.166668 0.587010 0.181818
0 0.588235 0.166668 0.704657 0.181818
0 0.705882 0.166668 0.822304 0.181818
0 0.823529 0.166668 0.941176 0.181818
0 0.470588 0.181818 0.587010 0.196968
0 0.588235 0.181818 0.704657 0.196968
0 0.705882 0.181818 0.822304 0.196968
0 0.823529 0.181818 0.941176 0.196968
0 0.470588 0.196968 0.587010 0.212119
0 0.588235 0.196968 0.704657 0.212119
0 0.705882 0.196968 0.822304 0.212119
0 0.823529 0.196968 0.941176 0.212119
0 0.470588 0.212119 0.587010 0.227269
0 0.588235 0.212119 0.704657 0.227269
0 0.705882 0.212119 0.822304 0.227269
0 0.823529 0.212119 0.941176 0.227269
0 0.470588 0.227269 0.587010 0.242419
0 0.588235 0.227269 0.704657 0.242419
0 0.705882 0.227269 0.822304 0.242419
0 0.823529 0.227269 0.941176 0.242419
0 0.470588 0.242419 0.587010 0.257569
0 0.588235 0.242419 0.704657 0.257569
0 0.705882 0.242419 0.822304 0.257569
0 0.823529 0.242419 0.941176 0.257569
0 0.470588 0.257569 0.587010 0.272720
0 0.588235 0.257569 0.704657 0.272720
0 0.705882 0.257569 0.822304 0.272720
0 0.823529 0.257569 0.941176 0.272720
0 0.470588 0.272720 0.587010 0.287870
0 0.588235 0.272720 0.704657 0.287870
0 0.705882 0.272720 0.822304 0.287870
0 0.823529 0.272720 0.941176 0.287870
0 0.470588 0.287870 0.587010 0.303020
0 0.588235 0.287870 0.704657 0.303020
0 0.705882 0.287870 0.822304 0.303020
0 0.823529 0.287870 0.941176 0.303020
0 0.470588 0.303020 0.587010 0.318170
0 0.588235 0.303020 0.704657 0.318170
0 0.705882 0.303020 0.822304 0.318170
0 0.823529 0.303020 0.941176 0.318170
0 0.470588 0.318170 0.587010 0.333321
0 0.588235 0.318170 0.704657 0.333321
0 0.705882 0.318170 0.822304 0.333321
0 0.823529 0.318170 0.941176 0.333321
0 0.470588 0.333321 0.587010 0.348471
0 0.588235 0.333321 0.704657 0.348471
0 0.705882 0.333321 0.822304 0.348471
0 0.823529 0.333321 0.941176 0.348471
0 0.470588 0.348471 0.587010 0.363621
0 0.588235 0.348471 0.704657 0.363621
0 0.705882 0.348471 0.822304 0.363621
0 0.823529 0.348471 0.941176 0.363621
0 0.470588 0.363621 0.587010 0.378771
0 0.588235 0.363621 0.704657 0.378771
0 0.705882 0.363621 0.822304 0.378771
0 0.823529 0.363621 0.941176 0.378771
0 0.477124 0.378771 0.581699 0.393922
0 0.588235 0.378771 0.704657 0.393922
0 0.705882 0.378771 0.822304 0.393922
0 0.830065 0.378771 0.934641 0.393922
0 0.470588 0.393922 0.587010 0.409072
0 0.588235 0.393922 0.704657 0.409072
0 0.705882 0.393922 0.822304 0.409072
0 0.823529 0.393922 0.941176 0.409072
0 0.470588 0.409072 0.587010 0.424222
0 0.588235 0.409072 0.704657 0.424222
0 0.705882 0.409072 0.822304 0.424222
0 0.823529 0.409072 0.941176 0.424222
0 0.470588 0.424222 0.587010 0.439372
0 0.588235 0.424222 0.704657 0.439372
0 0.705882 0.424222 0.822304 0.439372
0 0.823529 0.424222 0.941176 0.439372
0 0.470588 0.439372 0.587010 0.454523
0 0.588235 0.439372 0.704657 0.454523
0 0.705882 0.439372 0.822304 0.454523
0 0.823529 0.439372 0.941176 0.454523
0 0.470588 0.454523 0.587010 0.469673
0 0.588235 0.454523 0.704657 0.469673
0 0.705882 0.454523 0.822304 0.469673
0 0.823529 0.454523 0.941176 0.469673
0 0.470588 0.499976 0.587010 0.515128
0 0.588235 0.499976 0.704657 0.515128
0 0.705882 0.499976 0.822304 0.515128
0 0.823529 0.499976 0.941176 0.515128
0 0.470588 0.530279 0.587010 0.545432
0 0.588235 0.530279 0.704657 0.545432
0 0.705882 0.530279 0.822304 0.545432
0 0.823529 0.530279 0.941176 0.545432
0 0.470588 0.575735 0.587010 0.590886
0 0.588235 0.575735 0.704657 0.590886
0 0.705882 0.575735 0.822304 0.590886
0 0.823529 0.575735 0.941176 0.590886
0 0.470588 0.621189 0.587010 0.636341
0 0.588235 0.621189 0.704657 0.636341
0 0.705882 0.621189 0.822304 0.636341
0 0.823529 0.621189 0.941176 0.636341
0 0.470588 0.636341 0.587010 0.651491
0 0.588235 0.636341 0.704657 0.651491
0 0.705882 0.636341 0.822304 0.651491
0 0.823529 0.636341 0.941176 0.651491
0 0.470588 0.651491 0.587010 0.666641
0 0.588235 0.651491 0.704657 0.666641
0 0.705882 0.651491 0.822304 0.666641
0 0.823529 0.651491 0.941176 0.666641
0 0.470588 0.681793 0.587010 0.696946
0 0.588235 0.681793 0.704657 0.696946
0 0.705882 0.681793 0.822304 0.696946
0 0.823529 0.681793 0.941176 0.696946
0 0.470588 0.712097 0.587010 0.727250
0 0.588235 0.712097 0.704657 0.727250
0 0.705882 0.712097 0.822304 0.727250
0 0.823529 0.712097 0.941176 0.727250
0 0.470588 0.742402 0.587010 0.757554
0 0.588235 0.742402 0.704657 0.757554
0 0.705882 0.742402 0.822304 0.757554
0 0.823529 0.742402 0.941176 0.757554
0 0.470588 0.772706 0.587010 0.787859
0 0.588235 0.772706 0.704657 0.787859
0 0.705882 0.772706 0.822304 0.787859
0 0.823529 0.772706 0.941176 0.787859
0 0.470588 0.787859 0.587010 0.803009
0 0.588235 0.787859 0.704657 0.803009
0 0.705882 0.787859 0.822304 0.803009
0 0.823529 0.787859 0.941176 0.803009
0 0.470588 0.803009 0.587010 0.818159
0 0.588235 0.803009 0.704657 0.818159
0 0.705882 0.803009 0.822304 0.818159
0 0.823529 0.803009 0.941176 0.818159
