0 0.045455 0.094770 0.799053 0.117647
0 0.800000 0.094770 0.954545 0.117647
0 0.372727 0.196077 0.453598 0.215683
0 0.454545 0.196077 0.617235 0.215683
0 0.618182 0.196077 0.780871 0.215683
0 0.781818 0.196077 0.954545 0.215683
0 0.372727 0.215683 0.453598 0.235289
0 0.454545 0.215683 0.617235 0.235289
0 0.618182 0.215683 0.780871 0.235289
0 0.781818 0.215683 0.954545 0.235289
0 0.127273 0.235294 0.363636 0.254900
0 0.372727 0.235289 0.453598 0.254895
0 0.454545 0.235289 0.617235 0.254895
0 0.618182 0.235289 0.780871 0.254895
0 0.781818 0.235289 0.954545 0.254895
0 0.127273 0.254900 0.363636 0.274502
0 0.372727 0.254895 0.453598 0.274502
0 0.454545 0.254895 0.617235 0.274502
0 0.618182 0.254895 0.780871 0.274502
0 0.781818 0.254895 0.954545 0.274502
0 0.372727 0.274502 0.453598 0.294108
0 0.454545 0.274502 0.617235 0.294108
0 0.618182 0.274502 0.780871 0.294108
0 0.781818 0.274502 0.954545 0.294108
0 0.127273 0.294118 0.363636 0.313724
0 0.372727 0.294108 0.453598 0.313714
0 0.454545 0.294108 0.617235 0.313714
0 0.618182 0.294108 0.780871 0.313714
0 0.781818 0.294108 0.954545 0.313714
0 0.127273 0.313724 0.363636 0.333330
0 0.372727 0.313714 0.453598 0.333320
0 0.454545 0.313714 0.617235 0.333320
0 0.618182 0.313714 0.780871 0.333320
0 0.781818 0.313714 0.954545 0.333320
0 0.372727 0.333320 0.453598 0.352926
0 0.454545 0.333320 0.617235 0.352926
0 0.618182 0.333320 0.780871 0.352926
0 0.781818 0.333320 0.954545 0.352926
