0 0.800031 0.090913 0.941213 0.106064
0 0.800031 0.106064 0.941213 0.121215
0 0.800031 0.121218 0.941213 0.136369
0 0.800031 0.136369 0.941213 0.151520
0 0.800031 0.151520 0.941213 0.166671
0 0.800031 0.166675 0.941213 0.181826
0 0.176478 0.181826 0.752971 0.196976
0 0.105887 0.196976 0.752971 0.212127
0 0.800031 0.196976 0.941213 0.212127
0 0.800031 0.212131 0.941213 0.227282
0 0.800031 0.227282 0.941213 0.242433
0 0.800031 0.272738 0.941213 0.287889
0 0.800031 0.287889 0.941213 0.303040
0 0.800031 0.303044 0.941213 0.318195
0 0.800031 0.318195 0.941213 0.333346
0 0.800031 0.333346 0.941213 0.348496
0 0.800031 0.348500 0.941213 0.363651
0 0.800031 0.363651 0.941213 0.378802
0 0.800031 0.378802 0.941213 0.393953
0 0.800031 0.393957 0.941213 0.409107
0 0.800031 0.409107 0.941213 0.424258
0 0.800031 0.424258 0.941213 0.439409
0 0.800031 0.500020 0.941213 0.515171
0 0.800031 0.515171 0.941213 0.530322
0 0.800031 0.530326 0.941213 0.545477
0 0.800031 0.545477 0.941213 0.560627
0 0.800031 0.560627 0.941213 0.575778
0 0.800031 0.590933 0.941213 0.606084
0 0.800031 0.606084 0.941213 0.621235
0 0.800031 0.621238 0.941213 0.636389
0 0.800031 0.636389 0.941213 0.651540
0 0.800031 0.651540 0.924873 0.666691
0 0.800031 0.666695 0.924873 0.681846
0 0.800031 0.681846 0.941213 0.696997
0 0.800031 0.696997 0.941213 0.712148
0 0.800031 0.712151 0.941213 0.727302
0 0.800031 0.742453 0.941213 0.757604
0 0.939579 0.757608 0.941213 0.772758
0 0.800031 0.772758 0.941213 0.787909
0 0.800031 0.787909 0.941213 0.803060
0 0.800031 0.803064 0.941213 0.818215
0 0.800031 0.833366 0.941213 0.848517
0 0.800031 0.848520 0.941213 0.863671
0 0.800031 0.878822 0.941213 0.893973
0 0.800031 0.893977 0.941213 0.909128
0 0.800031 0.909128 0.941213 0.924279
