0 0.317647 0.078283 0.330719 0.088384
0 0.423529 0.078283 0.436601 0.088384
0 0.317647 0.093433 0.330719 0.103534
0 0.435294 0.090909 0.858823 0.106059
0 0.223529 0.121213 0.470588 0.136364
0 0.611765 0.121213 0.858823 0.136364
0 0.880065 0.152775 0.896405 0.165401
0 0.915359 0.152775 0.931699 0.165401
0 0.880065 0.213384 0.896405 0.226010
0 0.915359 0.213384 0.931699 0.226010
0 0.105882 0.272727 0.317647 0.287878
0 0.317647 0.272727 0.447059 0.287878
0 0.448284 0.272727 0.600000 0.287878
0 0.600000 0.272727 0.716422 0.287878
0 0.717647 0.272727 0.941176 0.287878
0 0.105882 0.287878 0.317647 0.303028
0 0.317647 0.287878 0.447059 0.303028
0 0.448284 0.287878 0.600000 0.303028
0 0.600000 0.287878 0.716422 0.303028
0 0.717647 0.287878 0.941176 0.303028
0 0.105882 0.303028 0.317647 0.318178
0 0.317647 0.303028 0.447059 0.318178
0 0.448284 0.303028 0.600000 0.318178
0 0.600000 0.303028 0.716422 0.318178
0 0.717647 0.303028 0.941176 0.318178
0 0.105882 0.318178 0.317647 0.333328
0 0.317647 0.318178 0.447059 0.333328
0 0.448284 0.318178 0.600000 0.333328
0 0.600000 0.318178 0.716422 0.333328
0 0.717647 0.318178 0.941176 0.333328
0 0.880065 0.364898 0.896405 0.377524
0 0.915359 0.364898 0.931699 0.377524
0 0.105882 0.424241 0.317647 0.439391
0 0.317647 0.424241 0.447059 0.439391
0 0.448284 0.424241 0.600000 0.439391
0 0.601226 0.424241 0.752941 0.439391
0 0.752941 0.424241 0.941176 0.439391
0 0.105882 0.439391 0.317647 0.454542
0 0.317647 0.439391 0.447059 0.454542
0 0.448284 0.439391 0.600000 0.454542
0 0.601226 0.439391 0.752941 0.454542
0 0.752941 0.439391 0.941176 0.454542
0 0.105882 0.454542 0.317647 0.469692
0 0.317647 0.454542 0.447059 0.469692
0 0.448284 0.454542 0.600000 0.469692
0 0.601226 0.454542 0.752941 0.469692
0 0.752941 0.454542 0.941176 0.469692
0 0.105882 0.469692 0.317647 0.484842
0 0.317647 0.469692 0.447059 0.484842
0 0.448284 0.469692 0.600000 0.484842
0 0.601226 0.469692 0.752941 0.484842
0 0.752941 0.469692 0.941176 0.484842
0 0.880065 0.486111 0.896405 0.498737
0 0.915359 0.486111 0.931699 0.498737
0 0.564706 0.515150 0.858823 0.530300
0 0.564706 0.530304 0.858823 0.545455
0 0.880065 0.546716 0.896405 0.559342
0 0.915359 0.546716 0.931699 0.559342
0 0.564706 0.575759 0.858823 0.590909
0 0.564706 0.590909 0.858823 0.606059
0 0.880065 0.622475 0.896405 0.635101
0 0.915359 0.622475 0.931699 0.635101
0 0.845752 0.638888 0.858823 0.648989
0 0.705882 0.727273 0.858823 0.742423
0 0.880065 0.758838 0.896405 0.771465
0 0.915359 0.758838 0.931699 0.771465
0 0.880065 0.773989 0.896405 0.786615
0 0.915359 0.773989 0.931699 0.786615
0 0.880065 0.864898 0.896405 0.877524
0 0.915359 0.864898 0.931699 0.877524
