0 0.045455 0.094770 0.799053 0.117647
0 0.800000 0.094770 0.954545 0.117647
0 0.721465 0.196077 0.750000 0.212415
0 0.721664 0.215688 0.750000 0.232026
0 0.254545 0.235294 0.353598 0.254900
0 0.354545 0.235294 0.453598 0.254900
0 0.454545 0.235294 0.553599 0.254900
0 0.554545 0.235294 0.653599 0.254900
0 0.654545 0.235294 0.753598 0.254900
0 0.754545 0.235294 0.853598 0.254900
0 0.854545 0.235294 0.954545 0.254900
0 0.254545 0.254900 0.353598 0.274507
0 0.354545 0.254900 0.453598 0.274507
0 0.454545 0.254900 0.553599 0.274507
0 0.554545 0.254900 0.653599 0.274507
0 0.654545 0.254900 0.753598 0.274507
0 0.754545 0.254900 0.853598 0.274507
0 0.854545 0.254900 0.954545 0.274507
0 0.254545 0.313722 0.353598 0.333330
0 0.354545 0.313722 0.453598 0.333330
0 0.454545 0.313722 0.553599 0.333330
0 0.554545 0.313722 0.653599 0.333330
0 0.654545 0.313722 0.753598 0.333330
0 0.754545 0.313722 0.853598 0.333330
0 0.854545 0.313722 0.954545 0.333330
0 0.254545 0.372546 0.353598 0.392154
0 0.354545 0.372546 0.453598 0.392154
0 0.454545 0.372546 0.553599 0.392154
0 0.554545 0.372546 0.653599 0.392154
0 0.654545 0.372546 0.753598 0.392154
0 0.754545 0.372546 0.853598 0.392154
0 0.854545 0.372546 0.954545 0.392154
0 0.254545 0.411761 0.353598 0.431371
0 0.354545 0.411761 0.453598 0.431371
0 0.454545 0.411761 0.553599 0.431371
0 0.554545 0.411761 0.653599 0.431371
0 0.654545 0.411761 0.753598 0.431371
0 0.754545 0.411761 0.853598 0.431371
0 0.854545 0.411761 0.954545 0.431371
0 0.254545 0.470587 0.353598 0.490194
0 0.354545 0.470587 0.453598 0.490194
0 0.454545 0.470587 0.553599 0.490194
0 0.554545 0.470587 0.653599 0.490194
0 0.654545 0.470587 0.753598 0.490194
0 0.754545 0.470587 0.853598 0.490194
0 0.854545 0.470587 0.954545 0.490194
0 0.254545 0.509802 0.353598 0.529412
0 0.354545 0.509802 0.453598 0.529412
0 0.454545 0.509802 0.553599 0.529412
0 0.554545 0.509802 0.653599 0.529412
0 0.654545 0.509802 0.753598 0.529412
0 0.754545 0.509802 0.853598 0.529412
0 0.854545 0.509802 0.954545 0.529412
0 0.254545 0.549020 0.353598 0.568629
0 0.354545 0.549020 0.453598 0.568629
0 0.454545 0.549020 0.553599 0.568629
0 0.554545 0.549020 0.653599 0.568629
0 0.654545 0.549020 0.753598 0.568629
0 0.754545 0.549020 0.853598 0.568629
0 0.854545 0.549020 0.954545 0.568629
0 0.254545 0.588237 0.353598 0.607846
0 0.354545 0.588237 0.453598 0.607846
0 0.454545 0.588237 0.553599 0.607846
0 0.554545 0.588237 0.653599 0.607846
0 0.654545 0.588237 0.753598 0.607846
0 0.754545 0.588237 0.853598 0.607846
0 0.854545 0.588237 0.954545 0.607846
0 0.254545 0.647062 0.353598 0.666670
0 0.354545 0.647062 0.453598 0.666670
0 0.454545 0.647062 0.553599 0.666670
0 0.554545 0.647062 0.653599 0.666670
0 0.654545 0.647062 0.753598 0.666670
0 0.754545 0.647062 0.853598 0.666670
0 0.854545 0.647062 0.954545 0.666670
0 0.254545 0.666670 0.353598 0.686276
0 0.354545 0.666670 0.453598 0.686276
0 0.454545 0.666670 0.553599 0.686276
0 0.554545 0.666670 0.653599 0.686276
0 0.654545 0.666670 0.753598 0.686276
0 0.754545 0.666670 0.853598 0.686276
0 0.854545 0.666670 0.954545 0.686276
