0 0.058826 0.073234 0.728215 0.090913
0 0.729440 0.073234 0.941213 0.090913
0 0.217002 0.093437 0.230074 0.103538
0 0.369949 0.093437 0.383022 0.103538
0 0.487601 0.093437 0.500673 0.103538
0 0.664078 0.093437 0.677151 0.103538
0 0.793495 0.093437 0.806568 0.103538
0 0.228767 0.108588 0.241840 0.118689
0 0.358184 0.108588 0.371256 0.118689
0 0.058826 0.133845 0.728215 0.151524
0 0.729440 0.133845 0.941213 0.151524
0 0.470607 0.227282 0.587033 0.242433
0 0.588258 0.227282 0.704684 0.242433
0 0.705910 0.227282 0.822336 0.242433
0 0.823562 0.227282 0.941213 0.242433
0 0.470607 0.242433 0.587033 0.257584
0 0.588258 0.242433 0.704684 0.257584
0 0.705910 0.242433 0.822336 0.257584
0 0.823562 0.242433 0.941213 0.257584
0 0.470607 0.257584 0.587033 0.272735
0 0.588258 0.257584 0.704684 0.272735
0 0.705910 0.257584 0.822336 0.272735
0 0.823562 0.257584 0.941213 0.272735
0 0.470607 0.272735 0.587033 0.287885
0 0.588258 0.272735 0.704684 0.287885
0 0.705910 0.272735 0.822336 0.287885
0 0.823562 0.272735 0.941213 0.287885
0 0.470607 0.303038 0.587033 0.318191
0 0.588258 0.303038 0.704684 0.318191
0 0.705910 0.303038 0.822336 0.318191
0 0.823562 0.303038 0.941213 0.318191
0 0.470607 0.318191 0.587033 0.333342
0 0.588258 0.318191 0.704684 0.333342
0 0.705910 0.318191 0.822336 0.333342
0 0.823562 0.318191 0.941213 0.333342
0 0.470607 0.333342 0.587033 0.348493
0 0.588258 0.333342 0.704684 0.348493
0 0.705910 0.333342 0.822336 0.348493
0 0.823562 0.333342 0.941213 0.348493
0 0.470607 0.348493 0.587033 0.363643
0 0.588258 0.348493 0.704684 0.363643
0 0.705910 0.348493 0.822336 0.363643
0 0.823562 0.348493 0.941213 0.363643
0 0.470607 0.363643 0.587033 0.378794
0 0.588258 0.363643 0.704684 0.378794
0 0.705910 0.363643 0.822336 0.378794
0 0.823562 0.363643 0.941213 0.378794
0 0.470607 0.378794 0.587033 0.393945
0 0.588258 0.378794 0.704684 0.393945
0 0.705910 0.378794 0.822336 0.393945
0 0.823562 0.378794 0.941213 0.393945
0 0.470607 0.393945 0.587033 0.409096
0 0.588258 0.393945 0.704684 0.409096
0 0.705910 0.393945 0.822336 0.409096
0 0.823562 0.393945 0.941213 0.409096
0 0.470607 0.409096 0.587033 0.424247
0 0.588258 0.409096 0.704684 0.424247
0 0.705910 0.409096 0.822336 0.424247
0 0.823562 0.409096 0.941213 0.424247
0 0.470607 0.424247 0.587033 0.439398
0 0.588258 0.424247 0.704684 0.439398
0 0.705910 0.424247 0.822336 0.439398
0 0.823562 0.424247 0.941213 0.439398
0 0.470607 0.439398 0.587033 0.454549
0 0.588258 0.439398 0.704684 0.454549
0 0.705910 0.439398 0.822336 0.454549
0 0.823562 0.439398 0.941213 0.454549
0 0.470607 0.454549 0.587033 0.469700
0 0.588258 0.454549 0.704684 0.469700
0 0.705910 0.454549 0.822336 0.469700
0 0.823562 0.454549 0.941213 0.469700
0 0.470607 0.469700 0.587033 0.484850
0 0.588258 0.469700 0.704684 0.484850
0 0.705910 0.469700 0.822336 0.484850
0 0.823562 0.469700 0.941213 0.484850
0 0.470607 0.484850 0.587033 0.500001
0 0.588258 0.484850 0.704684 0.500001
0 0.705910 0.484850 0.822336 0.500001
0 0.823562 0.484850 0.941213 0.500001
0 0.470607 0.500001 0.587033 0.515152
0 0.588258 0.500001 0.704684 0.515152
0 0.705910 0.500001 0.822336 0.515152
0 0.823562 0.500001 0.941213 0.515152
0 0.470607 0.515152 0.587033 0.530303
0 0.588258 0.515152 0.704684 0.530303
0 0.705910 0.515152 0.822336 0.530303
0 0.823562 0.515152 0.941213 0.530303
0 0.470607 0.530303 0.587033 0.545454
0 0.588258 0.530303 0.704684 0.545454
0 0.705910 0.530303 0.822336 0.545454
0 0.823562 0.530303 0.941213 0.545454
0 0.470607 0.545454 0.587033 0.560605
0 0.588258 0.545454 0.704684 0.560605
0 0.705910 0.545454 0.822336 0.560605
0 0.823562 0.545454 0.941213 0.560605
0 0.470607 0.560605 0.587033 0.575756
0 0.588258 0.560605 0.704684 0.575756
0 0.705910 0.560605 0.822336 0.575756
0 0.823562 0.560605 0.941213 0.575756
0 0.470607 0.590908 0.587033 0.606061
0 0.588258 0.590908 0.704684 0.606061
0 0.705910 0.590908 0.822336 0.606061
0 0.823562 0.590908 0.941213 0.606061
0 0.470607 0.621213 0.587033 0.636367
0 0.588258 0.621213 0.704684 0.636367
0 0.705910 0.621213 0.822336 0.636367
0 0.823562 0.621213 0.941213 0.636367
0 0.470607 0.636367 0.587033 0.651517
0 0.588258 0.636367 0.704684 0.651517
0 0.705910 0.636367 0.822336 0.651517
0 0.823562 0.636367 0.941213 0.651517
0 0.470607 0.651517 0.587033 0.666668
0 0.588258 0.651517 0.704684 0.666668
0 0.705910 0.651517 0.822336 0.666668
0 0.823562 0.651517 0.941213 0.666668
0 0.470607 0.681820 0.587033 0.696974
0 0.588258 0.681820 0.704684 0.696974
0 0.705910 0.681820 0.822336 0.696974
0 0.823562 0.681820 0.941213 0.696974
0 0.470607 0.696974 0.587033 0.712125
0 0.588258 0.696974 0.704684 0.712125
0 0.705910 0.696974 0.822336 0.712125
0 0.823562 0.696974 0.941213 0.712125
0 0.470607 0.712125 0.587033 0.727276
0 0.588258 0.712125 0.704684 0.727276
0 0.705910 0.712125 0.822336 0.727276
0 0.823562 0.712125 0.941213 0.727276
0 0.470607 0.727276 0.587033 0.742426
0 0.588258 0.727276 0.704684 0.742426
0 0.705910 0.727276 0.822336 0.742426
0 0.823562 0.727276 0.941213 0.742426
0 0.470607 0.742426 0.587033 0.757577
0 0.588258 0.742426 0.704684 0.757577
0 0.705910 0.742426 0.822336 0.757577
0 0.823562 0.742426 0.941213 0.757577
0 0.470607 0.757577 0.587033 0.772728
0 0.588258 0.757577 0.704684 0.772728
0 0.705910 0.757577 0.822336 0.772728
0 0.823562 0.757577 0.941213 0.772728
0 0.470607 0.772728 0.587033 0.787879
0 0.588258 0.772728 0.704684 0.787879
0 0.705910 0.772728 0.822336 0.787879
0 0.823562 0.772728 0.941213 0.787879
0 0.470607 0.787879 0.587033 0.803030
0 0.588258 0.787879 0.704684 0.803030
0 0.705910 0.787879 0.822336 0.803030
0 0.823562 0.787879 0.941213 0.803030
0 0.470607 0.803030 0.587033 0.818181
0 0.588258 0.803030 0.704684 0.818181
0 0.705910 0.803030 0.822336 0.818181
0 0.823562 0.803030 0.941213 0.818181
0 0.470607 0.818181 0.587033 0.833332
0 0.588258 0.818181 0.704684 0.833332
0 0.705910 0.818181 0.822336 0.833332
0 0.823562 0.818181 0.941213 0.833332
0 0.470607 0.833332 0.587033 0.848483
0 0.588258 0.833332 0.704684 0.848483
0 0.705910 0.833332 0.822336 0.848483
0 0.823562 0.833332 0.941213 0.848483
0 0.470607 0.848483 0.587033 0.863633
0 0.588258 0.848483 0.704684 0.863633
0 0.705910 0.848483 0.822336 0.863633
0 0.823562 0.848483 0.941213 0.863633
0 0.470607 0.878786 0.587033 0.893939
0 0.588258 0.878786 0.704684 0.893939
0 0.705910 0.878786 0.822336 0.893939
0 0.823562 0.878786 0.941213 0.893939
0 0.470607 0.939395 0.587033 0.954546
0 0.588258 0.939395 0.704684 0.954546
0 0.705910 0.939395 0.822336 0.954546
0 0.823562 0.939395 0.941213 0.954546
