0 0.045455 0.094770 0.799053 0.117647
0 0.800000 0.094770 0.954545 0.117647
0 0.377472 0.137253 0.500000 0.156859
0 0.772727 0.137253 0.954545 0.156859
0 0.772727 0.156864 0.954545 0.176471
0 0.555905 0.180554 0.566006 0.193626
0 0.941091 0.180554 0.951192 0.193626
0 0.535336 0.200160 0.545437 0.213232
0 0.809091 0.196077 0.954545 0.213232
0 0.372727 0.294118 0.453598 0.313724
0 0.454545 0.294118 0.617235 0.313724
0 0.618182 0.294118 0.780871 0.313724
0 0.781818 0.294118 0.954545 0.313724
0 0.127273 0.313724 0.363636 0.333330
0 0.372727 0.313724 0.453598 0.333330
0 0.454545 0.313724 0.617235 0.333330
0 0.618182 0.313724 0.780871 0.333330
0 0.781818 0.313724 0.954545 0.333330
0 0.127273 0.333335 0.363636 0.352941
0 0.372727 0.333330 0.453598 0.352936
0 0.454545 0.333330 0.617235 0.352936
0 0.618182 0.333330 0.780871 0.352936
0 0.781818 0.333330 0.954545 0.352936
0 0.372727 0.352936 0.453598 0.372542
0 0.454545 0.352936 0.617235 0.372542
0 0.618182 0.352936 0.780871 0.372542
0 0.781818 0.352936 0.954545 0.372542
0 0.127273 0.372547 0.363636 0.392154
0 0.372727 0.372542 0.453598 0.392149
0 0.454545 0.372542 0.617235 0.392149
0 0.618182 0.372542 0.780871 0.392149
0 0.781818 0.372542 0.954545 0.392149
0 0.127273 0.392159 0.363636 0.411765
0 0.372727 0.392149 0.453598 0.411755
0 0.454545 0.392149 0.617235 0.411755
0 0.618182 0.392149 0.780871 0.411755
0 0.781818 0.392149 0.954545 0.411755
0 0.372727 0.411755 0.453598 0.431361
0 0.454545 0.411755 0.617235 0.431361
0 0.618182 0.411755 0.780871 0.431361
0 0.781818 0.411755 0.954545 0.431361
0 0.127273 0.431371 0.363636 0.450977
0 0.372727 0.431361 0.453598 0.450967
0 0.454545 0.431361 0.617235 0.450967
0 0.618182 0.431361 0.780871 0.450967
0 0.781818 0.431361 0.954545 0.450967
0 0.127273 0.450982 0.363636 0.470588
0 0.372727 0.450967 0.453598 0.470574
0 0.454545 0.450967 0.617235 0.470574
0 0.618182 0.450967 0.780871 0.470574
0 0.781818 0.450967 0.954545 0.470574
0 0.372727 0.470574 0.453598 0.490180
0 0.454545 0.470574 0.617235 0.490180
0 0.618182 0.470574 0.780871 0.490180
0 0.781818 0.470574 0.954545 0.490180
0 0.127273 0.490198 0.363636 0.509804
0 0.372727 0.490180 0.453598 0.509786
0 0.454545 0.490180 0.617235 0.509786
0 0.618182 0.490180 0.780871 0.509786
0 0.781818 0.490180 0.954545 0.509786
0 0.127273 0.509804 0.363636 0.529410
0 0.372727 0.509786 0.453598 0.529392
0 0.454545 0.509786 0.617235 0.529392
0 0.618182 0.509786 0.780871 0.529392
0 0.781818 0.509786 0.954545 0.529392
0 0.372727 0.529392 0.453598 0.548998
0 0.454545 0.529392 0.617235 0.548998
0 0.618182 0.529392 0.780871 0.548998
0 0.781818 0.529392 0.954545 0.548998
0 0.127273 0.549021 0.363636 0.568627
0 0.372727 0.548998 0.453598 0.568605
0 0.454545 0.548998 0.617235 0.568605
0 0.618182 0.548998 0.780871 0.568605
0 0.781818 0.548998 0.954545 0.568605
0 0.127273 0.568627 0.363636 0.588234
0 0.372727 0.568605 0.453598 0.588211
0 0.454545 0.568605 0.617235 0.588211
0 0.618182 0.568605 0.780871 0.588211
0 0.781818 0.568605 0.954545 0.588211
0 0.372727 0.588211 0.453598 0.607817
0 0.454545 0.588211 0.617235 0.607817
0 0.618182 0.588211 0.780871 0.607817
0 0.781818 0.588211 0.954545 0.607817
0 0.127273 0.607845 0.363636 0.627451
0 0.372727 0.607817 0.453598 0.627423
0 0.454545 0.607817 0.617235 0.627423
0 0.618182 0.607817 0.780871 0.627423
0 0.781818 0.607817 0.954545 0.627423
0 0.127273 0.627451 0.363636 0.647057
0 0.372727 0.627423 0.453598 0.647029
0 0.454545 0.627423 0.617235 0.647029
0 0.618182 0.627423 0.780871 0.647029
0 0.781818 0.627423 0.954545 0.647029
0 0.372727 0.647029 0.453598 0.666636
0 0.454545 0.647029 0.617235 0.666636
0 0.618182 0.647029 0.780871 0.666636
0 0.781818 0.647029 0.954545 0.666636
0 0.127273 0.666668 0.363636 0.686275
0 0.372727 0.666636 0.453598 0.686242
0 0.454545 0.666636 0.617235 0.686242
0 0.618182 0.666636 0.780871 0.686242
0 0.781818 0.666636 0.954545 0.686242
0 0.127273 0.686275 0.363636 0.705881
0 0.372727 0.686242 0.453598 0.705848
0 0.454545 0.686242 0.617235 0.705848
0 0.618182 0.686242 0.780871 0.705848
0 0.781818 0.686242 0.954545 0.705848
0 0.372727 0.705848 0.453598 0.725454
0 0.454545 0.705848 0.617235 0.725454
0 0.618182 0.705848 0.780871 0.725454
0 0.781818 0.705848 0.954545 0.725454
0 0.127273 0.725492 0.363636 0.745098
0 0.372727 0.725454 0.453598 0.745060
0 0.454545 0.725454 0.617235 0.745060
0 0.618182 0.725454 0.780871 0.745060
0 0.781818 0.725454 0.954545 0.745060
0 0.127273 0.745098 0.363636 0.764704
0 0.372727 0.745060 0.453598 0.764667
0 0.454545 0.745060 0.617235 0.764667
0 0.618182 0.745060 0.780871 0.764667
0 0.781818 0.745060 0.954545 0.764667
0 0.372727 0.764667 0.453598 0.784273
0 0.454545 0.764667 0.617235 0.784273
0 0.618182 0.764667 0.780871 0.784273
0 0.781818 0.764667 0.954545 0.784273
0 0.127273 0.784315 0.363636 0.803922
0 0.372727 0.784273 0.453598 0.803879
0 0.454545 0.784273 0.617235 0.803879
0 0.618182 0.784273 0.780871 0.803879
0 0.781818 0.784273 0.954545 0.803879
0 0.127273 0.803925 0.363636 0.823531
0 0.372727 0.803879 0.453598 0.823485
0 0.454545 0.803879 0.617235 0.823485
0 0.618182 0.803879 0.780871 0.823485
0 0.781818 0.803879 0.954545 0.823485
0 0.372727 0.823485 0.453598 0.843091
0 0.454545 0.823485 0.617235 0.843091
0 0.618182 0.823485 0.780871 0.843091
0 0.781818 0.823485 0.954545 0.843091
0 0.127273 0.843137 0.363636 0.862744
0 0.372727 0.843091 0.453598 0.862698
0 0.454545 0.843091 0.617235 0.862698
0 0.618182 0.843091 0.780871 0.862698
0 0.781818 0.843091 0.954545 0.862698
0 0.127273 0.862744 0.363636 0.882350
0 0.372727 0.862698 0.453598 0.882304
0 0.454545 0.862698 0.617235 0.882304
0 0.618182 0.862698 0.780871 0.882304
0 0.781818 0.862698 0.954545 0.882304
0 0.372727 0.882304 0.453598 0.901910
0 0.454545 0.882304 0.617235 0.901910
0 0.618182 0.882304 0.780871 0.901910
0 0.781818 0.882304 0.954545 0.901910
0 0.372727 0.901910 0.453598 0.921516
0 0.454545 0.901910 0.617235 0.921516
0 0.618182 0.901910 0.780871 0.921516
0 0.781818 0.901910 0.954545 0.921516
0 0.372727 0.921516 0.453598 0.941123
0 0.454545 0.921516 0.617235 0.941123
0 0.618182 0.921516 0.780871 0.941123
0 0.781818 0.921516 0.954545 0.941123
