0 0.800031 0.121218 0.941213 0.136369
0 0.800031 0.136369 0.941213 0.166675
0 0.800031 0.166675 0.941213 0.196980
0 0.800031 0.212131 0.941213 0.227282
0 0.800031 0.242433 0.941213 0.257584
0 0.800031 0.257587 0.941213 0.303044
0 0.800031 0.303044 0.941213 0.333349
0 0.800031 0.348500 0.941213 0.363651
0 0.800031 0.378802 0.941213 0.393953
0 0.658849 0.469715 0.763510 0.484866
0 0.764736 0.469715 0.798806 0.484866
0 0.800031 0.469715 0.904692 0.484866
0 0.905918 0.469715 0.941213 0.484866
0 0.658849 0.484869 0.763510 0.500020
0 0.764736 0.484869 0.798806 0.500020
0 0.800031 0.484869 0.904692 0.500020
0 0.905918 0.484869 0.941213 0.500020
0 0.658849 0.500020 0.763510 0.515171
0 0.764736 0.500020 0.798806 0.515171
0 0.800031 0.500020 0.904692 0.515171
0 0.905918 0.500020 0.941213 0.515171
0 0.658849 0.515171 0.763510 0.530322
0 0.764736 0.515171 0.798806 0.530322
0 0.800031 0.515171 0.904692 0.530322
0 0.905918 0.515171 0.941213 0.530322
0 0.658849 0.545477 0.763510 0.560627
0 0.764736 0.545477 0.798806 0.560627
0 0.800031 0.545477 0.904692 0.560627
0 0.905918 0.545477 0.941213 0.560627
0 0.658849 0.575782 0.763510 0.590933
0 0.764736 0.575782 0.798806 0.590933
0 0.800031 0.575782 0.904692 0.590933
0 0.905918 0.575782 0.941213 0.590933
0 0.800031 0.606084 0.904692 0.621235
0 0.905918 0.606084 0.941213 0.621235
0 0.800031 0.636389 0.904692 0.651540
0 0.905918 0.636389 0.941213 0.651540
0 0.800031 0.666695 0.904692 0.681846
0 0.905918 0.666695 0.941213 0.681846
0 0.800031 0.696997 0.904692 0.712148
0 0.905918 0.696997 0.941213 0.712148
0 0.800031 0.727302 0.904692 0.742453
0 0.905918 0.727302 0.941213 0.742453
0 0.800031 0.742453 0.904692 0.757604
0 0.905918 0.742453 0.941213 0.757604
0 0.800031 0.772758 0.904692 0.787909
0 0.905918 0.772758 0.941213 0.787909
0 0.800031 0.787909 0.904692 0.803060
0 0.905918 0.787909 0.941213 0.803060
0 0.800031 0.818215 0.904692 0.833366
0 0.905918 0.818215 0.941213 0.833366
0 0.800031 0.833366 0.904692 0.848517
0 0.905918 0.833366 0.941213 0.848517
0 0.800031 0.848520 0.904692 0.863671
0 0.905918 0.848520 0.941213 0.863671
0 0.800031 0.878822 0.904692 0.893973
0 0.905918 0.878822 0.941213 0.893973
0 0.800031 0.909128 0.904692 0.924279
0 0.905918 0.909128 0.941213 0.924279
