0 0.058824 0.073231 0.669363 0.090909
0 0.670588 0.073231 0.941176 0.090909
0 0.541176 0.094697 0.600000 0.109848
0 0.623529 0.094697 0.680008 0.109848
0 0.058824 0.189395 0.128186 0.204545
0 0.131046 0.189395 0.941176 0.204545
0 0.058824 0.204545 0.128186 0.219696
0 0.131046 0.204545 0.941176 0.219696
0 0.058824 0.219696 0.128186 0.234846
0 0.131046 0.219696 0.941176 0.234846
0 0.058824 0.234846 0.128186 0.249996
0 0.131046 0.234846 0.941176 0.249996
0 0.058824 0.249996 0.128186 0.265146
0 0.131046 0.249996 0.941176 0.265146
0 0.058824 0.265146 0.128186 0.280297
0 0.131046 0.265146 0.941176 0.280297
0 0.058824 0.280297 0.128186 0.295447
0 0.131046 0.280297 0.941176 0.295447
0 0.058824 0.295447 0.128186 0.310597
0 0.131046 0.295447 0.941176 0.310597
0 0.058824 0.310597 0.128186 0.325747
0 0.131046 0.310597 0.941176 0.325747
0 0.058824 0.325747 0.128186 0.340898
0 0.131046 0.325747 0.941176 0.340898
0 0.058824 0.340898 0.128186 0.356048
0 0.131046 0.340898 0.941176 0.356048
0 0.058824 0.356048 0.128186 0.371198
0 0.131046 0.356048 0.941176 0.371198
0 0.058824 0.371198 0.128186 0.386348
0 0.131046 0.371198 0.941176 0.386348
0 0.058824 0.386348 0.128186 0.401499
0 0.131046 0.386348 0.941176 0.401499
0 0.058824 0.401499 0.128186 0.416649
0 0.131046 0.401499 0.941176 0.416649
0 0.058824 0.416649 0.128186 0.431799
0 0.131046 0.416649 0.941176 0.431799
0 0.058824 0.431799 0.128186 0.446950
0 0.131046 0.431799 0.941176 0.446950
0 0.058824 0.446950 0.128186 0.462100
0 0.131046 0.446950 0.941176 0.462100
0 0.058824 0.462100 0.128186 0.477250
0 0.131046 0.462100 0.941176 0.477250
0 0.058824 0.477250 0.128186 0.492400
0 0.131046 0.477250 0.941176 0.492400
0 0.058824 0.492400 0.128186 0.507551
0 0.131046 0.492400 0.941176 0.507551
0 0.058824 0.507551 0.128186 0.522701
0 0.131046 0.507551 0.941176 0.522701
0 0.058824 0.522701 0.128186 0.537851
0 0.131046 0.522701 0.941176 0.537851
0 0.058824 0.537851 0.128186 0.553001
0 0.131046 0.537851 0.941176 0.553001
0 0.058824 0.553001 0.128186 0.568152
0 0.131046 0.553001 0.941176 0.568152
0 0.058824 0.568152 0.128186 0.583302
0 0.131046 0.568152 0.941176 0.583302
0 0.058824 0.583302 0.128186 0.598452
0 0.131046 0.583302 0.941176 0.598452
0 0.058824 0.598452 0.128186 0.613602
0 0.131046 0.598452 0.941176 0.613602
0 0.058824 0.613602 0.128186 0.628753
0 0.131046 0.613602 0.941176 0.628753
0 0.058824 0.628753 0.128186 0.643903
0 0.131046 0.628753 0.941176 0.643903
0 0.058824 0.643903 0.128186 0.659053
0 0.131046 0.643903 0.941176 0.659053
0 0.058824 0.659053 0.128186 0.674203
0 0.131046 0.659053 0.941176 0.674203
0 0.058824 0.674203 0.128186 0.689354
0 0.131046 0.674203 0.941176 0.689354
0 0.058824 0.689354 0.128186 0.704504
0 0.131046 0.689354 0.941176 0.704504
0 0.058824 0.704504 0.128186 0.719654
0 0.131046 0.704504 0.941176 0.719654
0 0.058824 0.719654 0.128186 0.734804
0 0.131046 0.719654 0.941176 0.734804
0 0.058824 0.734804 0.128186 0.749955
0 0.131046 0.734804 0.941176 0.749955
0 0.058824 0.749955 0.128186 0.765105
0 0.131046 0.749955 0.941176 0.765105
0 0.058824 0.765105 0.128186 0.780255
0 0.131046 0.765105 0.941176 0.780255
0 0.058824 0.780255 0.128186 0.795405
0 0.131046 0.780255 0.941176 0.795405
0 0.058824 0.795405 0.128186 0.810556
0 0.131046 0.795405 0.941176 0.810556
0 0.058824 0.810556 0.128186 0.825706
0 0.131046 0.810556 0.941176 0.825706
0 0.058824 0.825706 0.128186 0.840856
0 0.131046 0.825706 0.941176 0.840856
0 0.058824 0.840856 0.128186 0.856006
0 0.131046 0.840856 0.941176 0.856006
0 0.058824 0.856006 0.128186 0.871157
0 0.131046 0.856006 0.941176 0.871157
0 0.058824 0.871157 0.128186 0.886307
0 0.131046 0.871157 0.941176 0.886307
0 0.058824 0.886307 0.128186 0.901457
0 0.131046 0.886307 0.941176 0.901457
0 0.058824 0.901457 0.128186 0.916607
0 0.131046 0.901457 0.941176 0.916607
0 0.058824 0.916607 0.128186 0.931758
0 0.131046 0.916607 0.941176 0.931758
0 0.058824 0.931758 0.128186 0.946908
0 0.131046 0.931758 0.941176 0.946908
