0 0.058826 0.118690 0.728215 0.136369
0 0.729440 0.118690 0.941213 0.136369
0 0.838595 0.138262 0.853301 0.149626
0 0.897421 0.138262 0.912127 0.149626
0 0.376485 0.363649 0.516442 0.378802
0 0.517667 0.363649 0.657624 0.378802
0 0.658849 0.363649 0.798806 0.378802
0 0.800031 0.363649 0.941213 0.378802
0 0.376485 0.393954 0.516442 0.409107
0 0.517667 0.393954 0.657624 0.409107
0 0.658849 0.393954 0.798806 0.409107
0 0.800031 0.393954 0.941213 0.409107
0 0.376485 0.424260 0.516442 0.439413
0 0.517667 0.424260 0.657624 0.439413
0 0.658849 0.424260 0.798806 0.439413
0 0.800031 0.424260 0.941213 0.439413
0 0.376485 0.454565 0.516442 0.469718
0 0.517667 0.454565 0.657624 0.469718
0 0.658849 0.454565 0.798806 0.469718
0 0.800031 0.454565 0.941213 0.469718
0 0.800031 0.469715 0.941213 0.484866
0 0.800031 0.484869 0.941213 0.500020
0 0.804934 0.500020 0.936311 0.515171
0 0.800031 0.530326 0.941213 0.545477
0 0.376485 0.742454 0.516442 0.757608
0 0.517667 0.742454 0.657624 0.757608
0 0.658849 0.742454 0.798806 0.757608
0 0.800031 0.742454 0.941213 0.757608
0 0.376485 0.772760 0.516442 0.787913
0 0.517667 0.772760 0.657624 0.787913
0 0.658849 0.772760 0.798806 0.787913
0 0.800031 0.772760 0.941213 0.787913
0 0.376485 0.803065 0.516442 0.818219
0 0.517667 0.803065 0.657624 0.818219
0 0.658849 0.803065 0.798806 0.818219
0 0.800031 0.803065 0.941213 0.818219
0 0.376485 0.833371 0.516442 0.848524
0 0.517667 0.833371 0.657624 0.848524
0 0.658849 0.833371 0.798806 0.848524
0 0.800031 0.833371 0.941213 0.848524
0 0.800031 0.848520 0.941213 0.863671
0 0.800031 0.863671 0.941213 0.878822
0 0.800031 0.878822 0.941213 0.893973
0 0.804934 0.893977 0.936311 0.909128
0 0.800031 0.924279 0.941213 0.939429
