0 0.058826 0.118690 0.716450 0.136369
0 0.717675 0.118690 0.941213 0.136369
0 0.294129 0.138893 0.307202 0.148995
0 0.552963 0.138893 0.566035 0.148995
0 0.294129 0.169199 0.307202 0.179300
0 0.552963 0.169199 0.566035 0.179300
0 0.105887 0.229806 0.118959 0.239907
0 0.105887 0.244957 0.118959 0.255058
0 0.105887 0.275262 0.118959 0.285364
0 0.105887 0.290413 0.118959 0.300515
0 0.105887 0.320719 0.118959 0.330820
0 0.105887 0.335870 0.118959 0.345971
0 0.435311 0.348500 0.600024 0.363651
0 0.694145 0.348500 0.870622 0.363651
0 0.105887 0.381326 0.118959 0.391427
0 0.105887 0.396481 0.118959 0.406582
0 0.105887 0.441937 0.118959 0.452038
0 0.105887 0.457088 0.118959 0.467189
0 0.105887 0.487393 0.118959 0.497495
0 0.105887 0.502544 0.118959 0.512646
0 0.682380 0.530326 0.800031 0.545477
0 0.682380 0.560627 0.894153 0.575778
0 0.835327 0.575782 0.941213 0.590933
0 0.129417 0.608608 0.142489 0.618709
0 0.235303 0.608608 0.248376 0.618709
0 0.329425 0.608608 0.342497 0.618709
0 0.447076 0.608608 0.460149 0.618709
0 0.576493 0.608608 0.589566 0.618709
0 0.705910 0.606084 0.788266 0.621235
0 0.841863 0.621238 0.934677 0.636389
0 0.835327 0.636389 0.941213 0.651540
0 0.841863 0.651540 0.934677 0.666691
0 0.835327 0.666695 0.941213 0.681846
0 0.835327 0.681846 0.941213 0.696997
0 0.835327 0.696997 0.941213 0.712148
0 0.835327 0.712151 0.941213 0.727302
0 0.835327 0.742453 0.941213 0.757604
0 0.835327 0.757608 0.941213 0.772758
0 0.835327 0.772758 0.941213 0.787909
0 0.835327 0.787909 0.941213 0.803060
0 0.835327 0.803064 0.941213 0.818215
0 0.835327 0.818215 0.941213 0.833366
0 0.435311 0.893973 0.610563 0.909124
0 0.611789 0.893973 0.787041 0.909124
0 0.435311 0.909124 0.610563 0.924275
0 0.611789 0.909124 0.787041 0.924275
0 0.435311 0.924275 0.610563 0.939426
0 0.611789 0.924275 0.787041 0.939426
0 0.435311 0.939426 0.610563 0.954576
0 0.611789 0.939426 0.787041 0.954576
