0 0.258180 0.166675 0.941213 0.181826
0 0.376485 0.212131 0.528207 0.227282
0 0.529433 0.212131 0.634093 0.227282
0 0.635319 0.212131 0.787041 0.227282
0 0.788266 0.212131 0.941213 0.227282
0 0.376485 0.257586 0.528207 0.272738
0 0.529433 0.257586 0.634093 0.272738
0 0.635319 0.257586 0.787041 0.272738
0 0.788266 0.257586 0.941213 0.272738
0 0.376485 0.303043 0.528207 0.318195
0 0.529433 0.303043 0.634093 0.318195
0 0.635319 0.303043 0.787041 0.318195
0 0.788266 0.303043 0.941213 0.318195
0 0.376485 0.318195 0.528207 0.333346
0 0.529433 0.318195 0.634093 0.333346
0 0.635319 0.318195 0.787041 0.333346
0 0.788266 0.318195 0.941213 0.333346
0 0.376485 0.333346 0.528207 0.348496
0 0.529433 0.333346 0.634093 0.348496
0 0.635319 0.333346 0.787041 0.348496
0 0.788266 0.333346 0.941213 0.348496
0 0.376485 0.348496 0.528207 0.363647
0 0.529433 0.348496 0.634093 0.363647
0 0.635319 0.348496 0.787041 0.363647
0 0.788266 0.348496 0.941213 0.363647
0 0.376485 0.393952 0.528207 0.409104
0 0.529433 0.393952 0.634093 0.409104
0 0.635319 0.393952 0.787041 0.409104
0 0.788266 0.393952 0.941213 0.409104
0 0.376485 0.424256 0.528207 0.439409
0 0.529433 0.424256 0.634093 0.439409
0 0.635319 0.424256 0.787041 0.439409
0 0.788266 0.424256 0.941213 0.439409
0 0.376485 0.454561 0.528207 0.469715
0 0.529433 0.454561 0.634093 0.469715
0 0.635319 0.454561 0.787041 0.469715
0 0.788266 0.454561 0.941213 0.469715
0 0.376485 0.469715 0.528207 0.484866
0 0.633685 0.469715 0.635319 0.484866
0 0.635319 0.469715 0.787041 0.484866
0 0.788266 0.469715 0.941213 0.484866
0 0.376485 0.484866 0.528207 0.500016
0 0.529433 0.484866 0.634093 0.500016
0 0.635319 0.484866 0.787041 0.500016
0 0.788266 0.484866 0.941213 0.500016
0 0.105887 0.500016 0.366681 0.515167
0 0.376485 0.500016 0.528207 0.515167
0 0.529433 0.500016 0.634093 0.515167
0 0.635319 0.500016 0.787041 0.515167
0 0.788266 0.500016 0.941213 0.515167
0 0.105887 0.515167 0.366681 0.530318
0 0.376485 0.515167 0.528207 0.530318
0 0.529433 0.515167 0.634093 0.530318
0 0.635319 0.515167 0.787041 0.530318
0 0.788266 0.515167 0.941213 0.530318
0 0.635319 0.530322 0.787041 0.545473
0 0.788266 0.545477 0.941213 0.560627
0 0.811797 0.578306 0.824869 0.588408
0 0.882388 0.578306 0.895460 0.588408
