0 0.376471 0.090909 0.564706 0.106059
0 0.688670 0.090909 0.882353 0.106059
0 0.911765 0.090909 0.941176 0.106059
0 0.922876 0.108583 0.935948 0.118684
0 0.058824 0.138888 0.071895 0.148989
0 0.058824 0.154038 0.071895 0.164139
0 0.058824 0.169192 0.071895 0.179293
0 0.058824 0.184342 0.071895 0.194443
0 0.178105 0.133840 0.634069 0.151518
0 0.178105 0.163112 0.941176 0.181818
0 0.178105 0.194444 0.941176 0.212122
0 0.635294 0.133840 0.941176 0.151518
0 0.823529 0.212122 0.941176 0.227273
0 0.823529 0.227273 0.941176 0.242423
0 0.823529 0.242423 0.941176 0.257573
0 0.823529 0.257577 0.941176 0.272727
0 0.823529 0.272727 0.941176 0.287878
0 0.823529 0.287878 0.941176 0.303028
0 0.823529 0.303032 0.941176 0.318182
0 0.823529 0.318182 0.941176 0.333332
0 0.823529 0.333332 0.941176 0.348482
0 0.823529 0.348486 0.941176 0.363636
0 0.823529 0.363636 0.941176 0.378787
0 0.823529 0.378787 0.941176 0.393937
0 0.823529 0.393941 0.941176 0.409091
0 0.823529 0.409091 0.941176 0.424241
0 0.823529 0.424241 0.941176 0.439391
0 0.823529 0.439395 0.941176 0.454545
0 0.623529 0.469696 0.776471 0.484846
0 0.623529 0.484850 0.776471 0.500000
0 0.823529 0.484850 0.941176 0.500000
0 0.823529 0.500000 0.941176 0.515150
0 0.823529 0.515150 0.941176 0.530300
0 0.823529 0.530304 0.941176 0.545455
0 0.823529 0.545455 0.941176 0.560605
0 0.823529 0.560605 0.941176 0.575755
0 0.647059 0.575759 0.787010 0.590909
0 0.647059 0.590909 0.787010 0.606059
0 0.647059 0.606059 0.787010 0.621210
0 0.823529 0.621213 0.941176 0.636364
0 0.823529 0.636364 0.941176 0.651514
0 0.823529 0.651514 0.941176 0.666664
0 0.823529 0.666668 0.941176 0.681818
0 0.835294 0.714646 0.848366 0.724747
0 0.894118 0.714646 0.907190 0.724747
0 0.465859 0.727273 0.823529 0.742423
0 0.835294 0.760101 0.848366 0.770202
0 0.894118 0.760101 0.907190 0.770202
0 0.823529 0.772727 0.941176 0.787878
0 0.341176 0.787878 0.541176 0.803028
0 0.341176 0.803032 0.541176 0.818182
0 0.745819 0.803032 0.941176 0.818182
0 0.341176 0.818182 0.541176 0.833332
0 0.684685 0.818182 0.941176 0.833332
0 0.541176 0.863636 0.764706 0.878790
0 0.864706 0.877523 0.874510 0.885098
0 0.905882 0.877523 0.915686 0.885098
0 0.142810 0.906567 0.387010 0.924245
0 0.787105 0.896465 0.800176 0.906566
0 0.823529 0.906567 0.941176 0.924245
0 0.235294 0.924241 0.739951 0.939391
0 0.235294 0.939395 0.739951 0.954545
0 0.811765 0.924241 0.941176 0.939391
0 0.811765 0.939395 0.941176 0.954545
