0 0.878466 0.090912 0.898074 0.106064
0 0.913761 0.090912 0.933370 0.106064
0 0.705910 0.121218 0.858857 0.136369
0 0.878466 0.136368 0.898074 0.151520
0 0.913761 0.136368 0.933370 0.151520
0 0.878466 0.166673 0.898074 0.181826
0 0.913761 0.166673 0.933370 0.181826
0 0.878466 0.181824 0.898074 0.196976
0 0.913761 0.181824 0.933370 0.196976
0 0.878466 0.212130 0.898074 0.227282
0 0.913761 0.212130 0.933370 0.227282
0 0.878466 0.242432 0.898074 0.257584
0 0.913761 0.242432 0.933370 0.257584
0 0.878466 0.272737 0.898074 0.287889
0 0.913761 0.272737 0.933370 0.287889
0 0.878466 0.303043 0.898074 0.318195
0 0.913761 0.303043 0.933370 0.318195
0 0.878466 0.318193 0.898074 0.333346
0 0.913761 0.318193 0.933370 0.333346
0 0.878466 0.348499 0.898074 0.363651
0 0.913761 0.348499 0.933370 0.363651
0 0.470607 0.363651 0.858857 0.378802
0 0.878466 0.378801 0.898074 0.393953
0 0.913761 0.378801 0.933370 0.393953
0 0.878466 0.424257 0.898074 0.439409
0 0.913761 0.424257 0.933370 0.439409
0 0.878466 0.439412 0.898074 0.454564
0 0.913761 0.439412 0.933370 0.454564
0 0.878466 0.515170 0.898074 0.530322
0 0.913761 0.515170 0.933370 0.530322
0 0.614416 0.530326 0.858857 0.545477
0 0.878466 0.590932 0.898074 0.606084
0 0.913761 0.590932 0.933370 0.606084
0 0.232653 0.606084 0.505902 0.621235
0 0.567996 0.606084 0.858857 0.621235
0 0.878466 0.636388 0.898074 0.651540
0 0.913761 0.636388 0.933370 0.651540
0 0.878466 0.651539 0.898074 0.666691
0 0.913761 0.651539 0.933370 0.666691
0 0.878466 0.696995 0.898074 0.712148
0 0.913761 0.696995 0.933370 0.712148
0 0.878466 0.742452 0.898074 0.757604
0 0.913761 0.742452 0.933370 0.757604
0 0.878466 0.787908 0.898074 0.803060
0 0.913761 0.787908 0.933370 0.803060
0 0.878466 0.833365 0.898074 0.848517
0 0.913761 0.833365 0.933370 0.848517
0 0.878466 0.848519 0.898074 0.863671
0 0.913761 0.848519 0.933370 0.863671
0 0.878466 0.863670 0.898074 0.878822
0 0.913761 0.863670 0.933370 0.878822
0 0.878466 0.924277 0.898074 0.939429
0 0.913761 0.924277 0.933370 0.939429
