0 0.477471 0.090913 0.941213 0.106064
0 0.129417 0.121218 0.188243 0.136369
0 0.727480 0.181826 0.941213 0.196976
0 0.247069 0.250010 0.458841 0.265161
0 0.576493 0.250010 0.658849 0.265161
0 0.247069 0.265161 0.458841 0.280312
0 0.576493 0.265161 0.658849 0.280312
0 0.247069 0.280316 0.458841 0.295466
0 0.576493 0.280316 0.658849 0.295466
0 0.247069 0.295466 0.458841 0.310617
0 0.576493 0.295466 0.658849 0.310617
0 0.247069 0.310617 0.458841 0.325768
0 0.576493 0.310617 0.658849 0.325768
0 0.435311 0.348500 0.494137 0.363651
0 0.352955 0.416685 0.411781 0.431836
0 0.776501 0.446987 0.835327 0.462137
0 0.717022 0.462141 0.941213 0.477292
0 0.105887 0.477292 0.941213 0.492443
0 0.654111 0.492443 0.941213 0.507594
0 0.105887 0.507598 0.941213 0.522748
0 0.858857 0.525273 0.871930 0.535374
0 0.923239 0.525273 0.936311 0.535374
0 0.923239 0.592826 0.936311 0.602927
0 0.772579 0.621238 0.941213 0.636389
0 0.247069 0.689423 0.458841 0.704574
0 0.576493 0.689423 0.658849 0.704574
0 0.247069 0.704574 0.458841 0.719725
0 0.576493 0.704574 0.658849 0.719725
0 0.247069 0.719725 0.458841 0.734876
0 0.576493 0.719725 0.658849 0.734876
0 0.247069 0.734879 0.458841 0.750030
0 0.576493 0.734879 0.658849 0.750030
0 0.247069 0.750030 0.458841 0.765181
0 0.576493 0.750030 0.658849 0.765181
0 0.576493 0.765181 0.658849 0.780332
0 0.543811 0.810638 0.601664 0.825788
0 0.105887 0.840943 0.941213 0.856094
0 0.105887 0.856094 0.941213 0.871245
