0 0.800031 0.106064 0.941213 0.121215
0 0.800031 0.121218 0.941213 0.136369
0 0.800031 0.136369 0.941213 0.151520
0 0.800031 0.151520 0.941213 0.166671
0 0.800031 0.166675 0.941213 0.181826
0 0.800031 0.181826 0.941213 0.196976
0 0.800031 0.196976 0.941213 0.212127
0 0.800031 0.212131 0.941213 0.227282
0 0.141182 0.245588 0.154254 0.255690
0 0.141182 0.260743 0.154254 0.270844
0 0.141182 0.275894 0.154254 0.285995
0 0.505902 0.272738 0.941213 0.287889
0 0.911147 0.291676 0.924219 0.301777
0 0.911147 0.306831 0.924219 0.316932
0 0.800031 0.333346 0.941213 0.348496
0 0.835327 0.351656 0.848399 0.361757
0 0.894153 0.351656 0.907225 0.361757
0 0.835327 0.366491 0.848399 0.376592
0 0.894153 0.366491 0.907225 0.376592
0 0.423546 0.454560 0.551737 0.469711
0 0.552963 0.454560 0.681154 0.469711
0 0.682380 0.454560 0.810571 0.469711
0 0.811797 0.454560 0.941213 0.469711
0 0.423546 0.469711 0.551737 0.484862
0 0.552963 0.469711 0.681154 0.484862
0 0.682380 0.469711 0.810571 0.484862
0 0.811797 0.469711 0.941213 0.484862
0 0.423546 0.500014 0.551737 0.515167
0 0.552963 0.500014 0.681154 0.515167
0 0.682380 0.500014 0.810571 0.515167
0 0.811797 0.500014 0.941213 0.515167
0 0.423546 0.515167 0.551737 0.530318
0 0.552963 0.515167 0.681154 0.530318
0 0.682380 0.515167 0.810571 0.530318
0 0.811797 0.515167 0.941213 0.530318
0 0.423546 0.545469 0.551737 0.560620
0 0.552963 0.545469 0.681154 0.560620
0 0.682380 0.545469 0.810571 0.560620
0 0.811797 0.545469 0.941213 0.560620
0 0.423546 0.560620 0.551737 0.575771
0 0.552963 0.560620 0.681154 0.575771
0 0.682380 0.560620 0.810571 0.575771
0 0.811797 0.560620 0.941213 0.575771
0 0.423546 0.575771 0.551737 0.590922
0 0.552963 0.575771 0.681154 0.590922
0 0.682380 0.575771 0.810571 0.590922
0 0.811797 0.575771 0.941213 0.590922
0 0.423546 0.606072 0.551737 0.621223
0 0.552963 0.606072 0.681154 0.621223
0 0.682380 0.606072 0.810571 0.621223
0 0.811797 0.606072 0.941213 0.621223
0 0.423546 0.636375 0.551737 0.651529
0 0.552963 0.636375 0.681154 0.651529
0 0.682380 0.636375 0.810571 0.651529
0 0.811797 0.636375 0.941213 0.651529
0 0.423546 0.651529 0.551737 0.666680
0 0.552963 0.651529 0.681154 0.666680
0 0.682380 0.651529 0.810571 0.666680
0 0.811797 0.651529 0.941213 0.666680
0 0.423546 0.666680 0.551737 0.681831
0 0.552963 0.666680 0.681154 0.681831
0 0.682380 0.666680 0.810571 0.681831
0 0.811797 0.666680 0.941213 0.681831
0 0.423546 0.681831 0.551737 0.696981
0 0.552963 0.681831 0.681154 0.696981
0 0.682380 0.681831 0.810571 0.696981
0 0.811797 0.681831 0.941213 0.696981
0 0.423546 0.696981 0.551737 0.712132
0 0.552963 0.696981 0.681154 0.712132
0 0.682380 0.696981 0.810571 0.712132
0 0.811797 0.696981 0.941213 0.712132
0 0.423546 0.712132 0.551737 0.727283
0 0.552963 0.712132 0.681154 0.727283
0 0.682380 0.712132 0.810571 0.727283
0 0.811797 0.712132 0.941213 0.727283
0 0.423546 0.727283 0.551737 0.742434
0 0.552963 0.727283 0.681154 0.742434
0 0.682380 0.727283 0.810571 0.742434
0 0.811797 0.727283 0.941213 0.742434
0 0.423546 0.742434 0.551737 0.757585
0 0.552963 0.742434 0.681154 0.757585
0 0.682380 0.742434 0.810571 0.757585
0 0.811797 0.742434 0.941213 0.757585
0 0.423546 0.757585 0.551737 0.772736
0 0.552963 0.757585 0.681154 0.772736
0 0.682380 0.757585 0.810571 0.772736
0 0.811797 0.757585 0.941213 0.772736
0 0.423546 0.772736 0.551737 0.787887
0 0.552963 0.772736 0.681154 0.787887
0 0.682380 0.772736 0.810571 0.787887
0 0.811797 0.772736 0.941213 0.787887
0 0.423546 0.803037 0.551737 0.818188
0 0.552963 0.803037 0.681154 0.818188
0 0.682380 0.803037 0.810571 0.818188
0 0.811797 0.803037 0.941213 0.818188
0 0.423546 0.818188 0.551737 0.833339
0 0.552963 0.818188 0.681154 0.833339
0 0.682380 0.818188 0.810571 0.833339
0 0.811797 0.818188 0.941213 0.833339
0 0.423546 0.848491 0.551737 0.863645
0 0.552963 0.848491 0.681154 0.863645
0 0.682380 0.848491 0.810571 0.863645
0 0.811797 0.848491 0.941213 0.863645
0 0.423546 0.863645 0.551737 0.878796
0 0.552963 0.863645 0.681154 0.878796
0 0.682380 0.863645 0.810571 0.878796
0 0.811797 0.863645 0.941213 0.878796
0 0.423546 0.878796 0.551737 0.893947
0 0.552963 0.878796 0.681154 0.893947
0 0.682380 0.878796 0.810571 0.893947
0 0.811797 0.878796 0.941213 0.893947
0 0.423546 0.893947 0.551737 0.909097
0 0.552963 0.893947 0.681154 0.909097
0 0.682380 0.893947 0.810571 0.909097
0 0.811797 0.893947 0.941213 0.909097
0 0.423546 0.909097 0.551737 0.924248
0 0.552963 0.909097 0.681154 0.924248
0 0.682380 0.909097 0.810571 0.924248
0 0.811797 0.909097 0.941213 0.924248
0 0.423546 0.939400 0.551737 0.954554
0 0.552963 0.939400 0.681154 0.954554
0 0.682380 0.939400 0.810571 0.954554
0 0.811797 0.939400 0.941213 0.954554
