0 0.823529 0.075759 0.941176 0.090909
0 0.823529 0.090909 0.941176 0.106059
0 0.823529 0.106059 0.941176 0.121210
0 0.823529 0.121213 0.941176 0.136364
0 0.670588 0.136364 0.787010 0.151514
0 0.670588 0.151514 0.787010 0.166664
0 0.670588 0.166668 0.787010 0.181818
0 0.670588 0.181818 0.787010 0.196968
0 0.670588 0.196968 0.787010 0.212119
0 0.823529 0.212122 0.941176 0.227273
0 0.823529 0.227273 0.941176 0.242423
0 0.823529 0.242423 0.941176 0.257573
0 0.823529 0.257577 0.941176 0.272727
0 0.823529 0.272727 0.941176 0.287878
0 0.823529 0.287878 0.941176 0.303028
0 0.823529 0.303032 0.941176 0.318182
0 0.705882 0.363636 0.823529 0.378787
0 0.823529 0.363636 0.941176 0.378787
0 0.705882 0.378787 0.823529 0.393937
0 0.823529 0.378787 0.941176 0.393937
0 0.705882 0.393937 0.823529 0.409087
0 0.823529 0.393937 0.941176 0.409087
0 0.705882 0.409087 0.823529 0.424237
0 0.823529 0.409087 0.941176 0.424237
0 0.705882 0.424237 0.823529 0.439388
0 0.823529 0.424237 0.941176 0.439388
0 0.705882 0.515154 0.822304 0.530304
0 0.823529 0.515154 0.941176 0.530304
0 0.705882 0.530304 0.822304 0.545455
0 0.823529 0.530304 0.941176 0.545455
0 0.705882 0.545455 0.822304 0.560605
0 0.823529 0.545455 0.941176 0.560605
0 0.705882 0.560605 0.822304 0.575755
0 0.823529 0.560605 0.941176 0.575755
0 0.705882 0.575755 0.822304 0.590905
0 0.823529 0.575755 0.941176 0.590905
0 0.705882 0.590905 0.822304 0.606056
0 0.823529 0.590905 0.941176 0.606056
0 0.705882 0.606056 0.822304 0.621206
0 0.823529 0.606056 0.941176 0.621206
0 0.705882 0.621206 0.822304 0.636356
0 0.823529 0.621206 0.941176 0.636356
0 0.705882 0.636356 0.822304 0.651506
0 0.823529 0.636356 0.941176 0.651506
0 0.705882 0.651506 0.822304 0.666657
0 0.823529 0.651506 0.941176 0.666657
0 0.705882 0.666657 0.822304 0.681807
0 0.823529 0.666657 0.941176 0.681807
0 0.705882 0.696958 0.822304 0.712111
0 0.823529 0.696958 0.941176 0.712111
0 0.705882 0.712111 0.822304 0.727261
0 0.823529 0.712111 0.941176 0.727261
0 0.705882 0.727261 0.822304 0.742412
0 0.823529 0.727261 0.941176 0.742412
