0 0.058824 0.073231 0.739951 0.090909
0 0.741176 0.073231 0.941176 0.090909
0 0.470588 0.166668 0.587010 0.181818
0 0.588235 0.166668 0.704657 0.181818
0 0.705882 0.166668 0.822304 0.181818
0 0.823529 0.166668 0.941176 0.181818
0 0.470588 0.181818 0.587010 0.196968
0 0.588235 0.181818 0.704657 0.196968
0 0.705882 0.181818 0.822304 0.196968
0 0.823529 0.181818 0.941176 0.196968
0 0.470588 0.196968 0.587010 0.212119
0 0.588235 0.196968 0.704657 0.212119
0 0.705882 0.196968 0.822304 0.212119
0 0.823529 0.196968 0.941176 0.212119
0 0.470588 0.212119 0.587010 0.227269
0 0.588235 0.212119 0.704657 0.227269
0 0.705882 0.212119 0.822304 0.227269
0 0.823529 0.212119 0.941176 0.227269
0 0.470588 0.242420 0.587010 0.257573
0 0.588235 0.242420 0.704657 0.257573
0 0.705882 0.242420 0.822304 0.257573
0 0.823529 0.242420 0.941176 0.257573
0 0.470588 0.257573 0.587010 0.272723
0 0.588235 0.257573 0.704657 0.272723
0 0.705882 0.257573 0.822304 0.272723
0 0.823529 0.257573 0.941176 0.272723
0 0.470588 0.272723 0.587010 0.287874
0 0.588235 0.272723 0.704657 0.287874
0 0.705882 0.272723 0.822304 0.287874
0 0.823529 0.272723 0.941176 0.287874
0 0.470588 0.287874 0.587010 0.303024
0 0.588235 0.287874 0.704657 0.303024
0 0.705882 0.287874 0.822304 0.303024
0 0.823529 0.287874 0.941176 0.303024
0 0.470588 0.303024 0.587010 0.318174
0 0.588235 0.303024 0.704657 0.318174
0 0.705882 0.303024 0.822304 0.318174
0 0.823529 0.303024 0.941176 0.318174
0 0.470588 0.318174 0.587010 0.333324
0 0.588235 0.318174 0.704657 0.333324
0 0.705882 0.318174 0.822304 0.333324
0 0.823529 0.318174 0.941176 0.333324
0 0.470588 0.333324 0.587010 0.348475
0 0.588235 0.333324 0.704657 0.348475
0 0.705882 0.333324 0.822304 0.348475
0 0.823529 0.333324 0.941176 0.348475
0 0.470588 0.348475 0.587010 0.363625
0 0.588235 0.348475 0.704657 0.363625
0 0.705882 0.348475 0.822304 0.363625
0 0.823529 0.348475 0.941176 0.363625
0 0.470588 0.363625 0.587010 0.378775
0 0.588235 0.363625 0.704657 0.378775
0 0.705882 0.363625 0.822304 0.378775
0 0.823529 0.363625 0.941176 0.378775
0 0.470588 0.393927 0.587010 0.409080
0 0.588235 0.393927 0.704657 0.409080
0 0.705882 0.393927 0.822304 0.409080
0 0.823529 0.393927 0.941176 0.409080
0 0.470588 0.409080 0.587010 0.424230
0 0.588235 0.409080 0.704657 0.424230
0 0.705882 0.409080 0.822304 0.424230
0 0.823529 0.409080 0.941176 0.424230
0 0.470588 0.439381 0.587010 0.454534
0 0.588235 0.439381 0.704657 0.454534
0 0.705882 0.439381 0.822304 0.454534
0 0.823529 0.439381 0.941176 0.454534
0 0.470588 0.469686 0.587010 0.484838
0 0.588235 0.469686 0.704657 0.484838
0 0.705882 0.469686 0.822304 0.484838
0 0.823529 0.469686 0.941176 0.484838
0 0.470588 0.484838 0.587010 0.499989
0 0.588235 0.484838 0.704657 0.499989
0 0.705882 0.484838 0.822304 0.499989
0 0.823529 0.484838 0.941176 0.499989
0 0.470588 0.499989 0.587010 0.515139
0 0.588235 0.499989 0.704657 0.515139
0 0.705882 0.499989 0.822304 0.515139
0 0.823529 0.499989 0.941176 0.515139
0 0.470588 0.530290 0.587010 0.545443
0 0.588235 0.530290 0.704657 0.545443
0 0.705882 0.530290 0.822304 0.545443
0 0.823529 0.530290 0.941176 0.545443
0 0.470588 0.545443 0.587010 0.560593
0 0.588235 0.545443 0.704657 0.560593
0 0.705882 0.545443 0.822304 0.560593
0 0.823529 0.545443 0.941176 0.560593
0 0.470588 0.560593 0.587010 0.575744
0 0.588235 0.560593 0.704657 0.575744
0 0.705882 0.560593 0.822304 0.575744
0 0.823529 0.560593 0.941176 0.575744
0 0.470588 0.575744 0.587010 0.590894
0 0.588235 0.575744 0.704657 0.590894
0 0.705882 0.575744 0.822304 0.590894
0 0.823529 0.575744 0.941176 0.590894
0 0.470588 0.590894 0.587010 0.606044
0 0.588235 0.590894 0.704657 0.606044
0 0.705882 0.590894 0.822304 0.606044
0 0.823529 0.590894 0.941176 0.606044
0 0.470588 0.606044 0.587010 0.621194
0 0.588235 0.606044 0.704657 0.621194
0 0.705882 0.606044 0.822304 0.621194
0 0.823529 0.606044 0.941176 0.621194
0 0.470588 0.621194 0.587010 0.636345
0 0.588235 0.621194 0.704657 0.636345
0 0.705882 0.621194 0.822304 0.636345
0 0.823529 0.621194 0.941176 0.636345
0 0.470588 0.636345 0.587010 0.651495
0 0.588235 0.636345 0.704657 0.651495
0 0.705882 0.636345 0.822304 0.651495
0 0.823529 0.636345 0.941176 0.651495
0 0.470588 0.651495 0.587010 0.666645
0 0.588235 0.651495 0.704657 0.666645
0 0.705882 0.651495 0.822304 0.666645
0 0.823529 0.651495 0.941176 0.666645
0 0.470588 0.681797 0.587010 0.696950
0 0.588235 0.681797 0.704657 0.696950
0 0.705882 0.681797 0.822304 0.696950
0 0.823529 0.681797 0.941176 0.696950
0 0.470588 0.696950 0.587010 0.712100
0 0.588235 0.696950 0.704657 0.712100
0 0.705882 0.696950 0.822304 0.712100
0 0.823529 0.696950 0.941176 0.712100
0 0.470588 0.712100 0.587010 0.727250
0 0.588235 0.712100 0.704657 0.727250
0 0.705882 0.712100 0.822304 0.727250
0 0.823529 0.712100 0.941176 0.727250
0 0.470588 0.742402 0.587010 0.757554
0 0.588235 0.742402 0.704657 0.757554
0 0.705882 0.742402 0.822304 0.757554
0 0.823529 0.742402 0.941176 0.757554
0 0.470588 0.803009 0.587010 0.818159
0 0.588235 0.803009 0.704657 0.818159
0 0.705882 0.803009 0.822304 0.818159
0 0.823529 0.803009 0.941176 0.818159
