0 0.082356 0.151520 0.435311 0.181826
0 0.435311 0.151520 0.752971 0.181826
0 0.752971 0.166672 0.827483 0.181826
0 0.847092 0.166672 0.921605 0.181826
0 0.058826 0.181826 0.435311 0.212131
0 0.435311 0.181826 0.752971 0.212131
0 0.752971 0.196978 0.827483 0.212131
0 0.847092 0.196978 0.921605 0.212131
0 0.058826 0.212131 0.435311 0.242437
0 0.435311 0.212131 0.752971 0.242437
0 0.752971 0.227283 0.827483 0.242437
0 0.847092 0.227283 0.921605 0.242437
0 0.058826 0.242437 0.435311 0.272742
0 0.435311 0.242437 0.752971 0.272742
0 0.752971 0.257589 0.827483 0.272742
0 0.847092 0.257589 0.921605 0.272742
0 0.058826 0.272742 0.435311 0.303048
0 0.435311 0.272742 0.752971 0.303048
0 0.752971 0.287894 0.827483 0.303048
0 0.847092 0.287894 0.921605 0.303048
0 0.752971 0.318196 0.827483 0.333349
0 0.847092 0.318196 0.921605 0.333349
0 0.082356 0.424258 0.247069 0.454564
0 0.247069 0.439410 0.341190 0.454564
0 0.341190 0.439410 0.435311 0.454564
0 0.435311 0.439410 0.541198 0.454564
0 0.541198 0.439410 0.647084 0.454564
0 0.647084 0.439410 0.752971 0.454564
0 0.752971 0.439410 0.847092 0.454564
0 0.847092 0.439410 0.941213 0.454564
0 0.058826 0.454564 0.247069 0.484869
0 0.247069 0.469716 0.341190 0.484869
0 0.341190 0.469716 0.435311 0.484869
0 0.435311 0.469716 0.541198 0.484869
0 0.541198 0.469716 0.647084 0.484869
0 0.647084 0.469716 0.752971 0.484869
0 0.752971 0.469716 0.847092 0.484869
0 0.847092 0.469716 0.941213 0.484869
0 0.058826 0.484869 0.247069 0.515175
0 0.247069 0.500021 0.341190 0.515175
0 0.341190 0.500021 0.435311 0.515175
0 0.435311 0.500021 0.541198 0.515175
0 0.541198 0.500021 0.647084 0.515175
0 0.647084 0.500021 0.752971 0.515175
0 0.752971 0.500021 0.847092 0.515175
0 0.847092 0.500021 0.941213 0.515175
0 0.058826 0.515175 0.247069 0.545480
0 0.247069 0.530327 0.341190 0.545480
0 0.341190 0.530327 0.435311 0.545480
0 0.435311 0.530327 0.541198 0.545480
0 0.541198 0.530327 0.647084 0.545480
0 0.647084 0.530327 0.752971 0.545480
0 0.752971 0.530327 0.847092 0.545480
0 0.847092 0.530327 0.941213 0.545480
0 0.058826 0.545480 0.247069 0.575786
0 0.247069 0.560633 0.341190 0.575786
0 0.341190 0.560633 0.435311 0.575786
0 0.435311 0.560633 0.541198 0.575786
0 0.541198 0.560633 0.647084 0.575786
0 0.647084 0.560633 0.752971 0.575786
0 0.752971 0.560633 0.847092 0.575786
0 0.847092 0.560633 0.941213 0.575786
0 0.058826 0.575786 0.247069 0.606091
0 0.247069 0.590938 0.341190 0.606091
0 0.341190 0.590938 0.435311 0.606091
0 0.435311 0.590938 0.541198 0.606091
0 0.541198 0.590938 0.647084 0.606091
0 0.647084 0.590938 0.752971 0.606091
0 0.752971 0.590938 0.847092 0.606091
0 0.847092 0.590938 0.941213 0.606091
0 0.847092 0.621236 0.941213 0.636389
0 0.788266 0.712151 0.941213 0.727302
0 0.788266 0.742453 0.941213 0.757608
0 0.788266 0.772758 0.941213 0.787913
0 0.788266 0.803064 0.941213 0.818215
0 0.788266 0.833366 0.941213 0.848517
