0 0.258834 0.063131 0.271906 0.073233
0 0.364720 0.063131 0.377793 0.073233
0 0.376485 0.121215 0.516442 0.136365
0 0.517667 0.121215 0.657624 0.136365
0 0.658849 0.121215 0.798806 0.136365
0 0.800031 0.121215 0.941213 0.136365
0 0.376485 0.136365 0.516442 0.151516
0 0.517667 0.136365 0.657624 0.151516
0 0.658849 0.136365 0.798806 0.151516
0 0.800031 0.136365 0.941213 0.151516
0 0.383022 0.151516 0.511131 0.166667
0 0.517667 0.151516 0.657624 0.166667
0 0.665386 0.151516 0.793495 0.166667
0 0.800031 0.151516 0.941213 0.166667
0 0.376485 0.166667 0.516442 0.181818
0 0.517667 0.166667 0.657624 0.181818
0 0.658849 0.166667 0.798806 0.181818
0 0.800031 0.166667 0.941213 0.181818
0 0.376485 0.181818 0.516442 0.196969
0 0.517667 0.181818 0.657624 0.196969
0 0.658849 0.181818 0.798806 0.196969
0 0.800031 0.181818 0.941213 0.196969
0 0.376485 0.196969 0.516442 0.212120
0 0.517667 0.196969 0.657624 0.212120
0 0.658849 0.196969 0.798806 0.212120
0 0.800031 0.196969 0.941213 0.212120
0 0.376485 0.212120 0.516442 0.227271
0 0.517667 0.212120 0.657624 0.227271
0 0.658849 0.212120 0.798806 0.227271
0 0.800031 0.212120 0.941213 0.227271
0 0.376485 0.227271 0.516442 0.242421
0 0.517667 0.227271 0.657624 0.242421
0 0.658849 0.227271 0.798806 0.242421
0 0.800031 0.227271 0.941213 0.242421
0 0.376485 0.242421 0.516442 0.257572
0 0.517667 0.242421 0.657624 0.257572
0 0.658849 0.242421 0.798806 0.257572
0 0.800031 0.242421 0.941213 0.257572
0 0.376485 0.257572 0.516442 0.272723
0 0.517667 0.257572 0.657624 0.272723
0 0.658849 0.257572 0.798806 0.272723
0 0.800031 0.257572 0.941213 0.272723
0 0.376485 0.272723 0.516442 0.287874
0 0.517667 0.272723 0.657624 0.287874
0 0.658849 0.272723 0.798806 0.287874
0 0.800031 0.272723 0.941213 0.287874
0 0.376485 0.287874 0.516442 0.318180
0 0.517667 0.303026 0.657624 0.318180
0 0.658849 0.287874 0.798806 0.318180
0 0.800031 0.303026 0.941213 0.318180
0 0.376485 0.318180 0.516442 0.333330
0 0.517667 0.318180 0.657624 0.333330
0 0.658849 0.318180 0.798806 0.333330
0 0.800031 0.318180 0.941213 0.333330
0 0.376485 0.333330 0.516442 0.348481
0 0.517667 0.333330 0.657624 0.348481
0 0.658849 0.333330 0.798806 0.348481
0 0.800031 0.333330 0.941213 0.348481
0 0.383022 0.348481 0.511131 0.363632
0 0.517667 0.348481 0.657624 0.363632
0 0.665386 0.348481 0.793495 0.363632
0 0.800031 0.348481 0.941213 0.363632
0 0.376485 0.363632 0.516442 0.378783
0 0.517667 0.363632 0.657624 0.378783
0 0.658849 0.363632 0.798806 0.378783
0 0.800031 0.363632 0.941213 0.378783
0 0.383022 0.378783 0.511131 0.393934
0 0.517667 0.378783 0.657624 0.393934
0 0.665386 0.378783 0.793495 0.393934
0 0.800031 0.378783 0.941213 0.393934
0 0.376485 0.393934 0.516442 0.409085
0 0.517667 0.393934 0.657624 0.409085
0 0.658849 0.393934 0.798806 0.409085
0 0.800031 0.393934 0.941213 0.409085
0 0.376485 0.409085 0.516442 0.424236
0 0.517667 0.409085 0.657624 0.424236
0 0.658849 0.409085 0.798806 0.424236
0 0.800031 0.409085 0.941213 0.424236
0 0.383022 0.424236 0.511131 0.439386
0 0.517667 0.424236 0.657624 0.439386
0 0.665386 0.424236 0.793495 0.439386
0 0.800031 0.424236 0.941213 0.439386
0 0.376485 0.439386 0.516442 0.454537
0 0.517667 0.439386 0.657624 0.454537
0 0.658849 0.439386 0.798806 0.454537
0 0.800031 0.439386 0.941213 0.454537
0 0.376485 0.454537 0.516442 0.469688
0 0.517667 0.454537 0.657624 0.469688
0 0.658849 0.454537 0.798806 0.469688
0 0.800031 0.454537 0.941213 0.469688
0 0.376485 0.469688 0.516442 0.484839
0 0.517667 0.469688 0.657624 0.484839
0 0.658849 0.469688 0.798806 0.484839
0 0.800031 0.469688 0.941213 0.484839
0 0.376485 0.484839 0.516442 0.499990
0 0.517667 0.484839 0.657624 0.499990
0 0.658849 0.484839 0.798806 0.499990
0 0.800031 0.484839 0.941213 0.499990
0 0.376485 0.499990 0.516442 0.515141
0 0.517667 0.499990 0.657624 0.515141
0 0.658849 0.499990 0.798806 0.515141
0 0.800031 0.499990 0.941213 0.515141
0 0.376485 0.530292 0.516442 0.545443
0 0.517667 0.530292 0.657624 0.545443
0 0.658849 0.530292 0.798806 0.545443
0 0.800031 0.530292 0.941213 0.545443
0 0.376485 0.575748 0.516442 0.590899
0 0.517667 0.575748 0.657624 0.590899
0 0.658849 0.575748 0.798806 0.590899
0 0.800031 0.575748 0.941213 0.590899
0 0.376485 0.590899 0.516442 0.606050
0 0.517667 0.590899 0.657624 0.606050
0 0.658849 0.590899 0.798806 0.606050
0 0.800031 0.590899 0.941213 0.606050
0 0.376485 0.606050 0.516442 0.621201
0 0.517667 0.606050 0.657624 0.621201
0 0.658849 0.606050 0.798806 0.621201
0 0.800031 0.606050 0.941213 0.621201
0 0.376485 0.621201 0.516442 0.636351
0 0.517667 0.621201 0.657624 0.636351
0 0.658849 0.621201 0.798806 0.636351
0 0.800031 0.621201 0.941213 0.636351
0 0.376485 0.666657 0.516442 0.681808
0 0.517667 0.666657 0.657624 0.681808
0 0.658849 0.666657 0.798806 0.681808
0 0.800031 0.666657 0.941213 0.681808
0 0.376485 0.681808 0.516442 0.696959
0 0.517667 0.681808 0.657624 0.696959
0 0.658849 0.681808 0.798806 0.696959
0 0.800031 0.681808 0.941213 0.696959
0 0.376485 0.696959 0.516442 0.712110
0 0.517667 0.696959 0.657624 0.712110
0 0.658849 0.696959 0.798806 0.712110
0 0.800031 0.696959 0.941213 0.712110
0 0.376485 0.712110 0.516442 0.727260
0 0.517667 0.712110 0.657624 0.727260
0 0.658849 0.712110 0.798806 0.727260
0 0.800031 0.712110 0.941213 0.727260
0 0.376485 0.727260 0.516442 0.742411
0 0.517667 0.727260 0.657624 0.742411
0 0.658849 0.727260 0.798806 0.742411
0 0.800031 0.727260 0.941213 0.742411
0 0.376485 0.757562 0.516442 0.772713
0 0.517667 0.757562 0.657624 0.772713
0 0.658849 0.757562 0.798806 0.772713
0 0.800031 0.757562 0.941213 0.772713
0 0.376485 0.772713 0.516442 0.787864
0 0.517667 0.772713 0.657624 0.787864
0 0.658849 0.772713 0.798806 0.787864
0 0.800031 0.772713 0.941213 0.787864
0 0.376485 0.787864 0.516442 0.803015
0 0.517667 0.787864 0.657624 0.803015
0 0.658849 0.787864 0.798806 0.803015
0 0.800031 0.787864 0.941213 0.803015
0 0.376485 0.803015 0.516442 0.818166
0 0.517667 0.803015 0.657624 0.818166
0 0.658849 0.803015 0.798806 0.818166
0 0.800031 0.803015 0.941213 0.818166
0 0.376485 0.818166 0.516442 0.833317
0 0.517667 0.818166 0.657624 0.833317
0 0.658849 0.818166 0.798806 0.833317
0 0.800031 0.818166 0.941213 0.833317
0 0.376485 0.833317 0.516442 0.848467
0 0.517667 0.833317 0.657624 0.848467
0 0.658849 0.833317 0.798806 0.848467
0 0.800031 0.833317 0.941213 0.848467
0 0.376485 0.848467 0.516442 0.863618
0 0.524204 0.848467 0.652313 0.863618
0 0.658849 0.848467 0.798806 0.863618
0 0.806568 0.848467 0.934677 0.863618
0 0.376485 0.863618 0.516442 0.878769
0 0.517667 0.863618 0.657624 0.878769
0 0.658849 0.863618 0.798806 0.878769
0 0.800031 0.863618 0.941213 0.878769
