0 0.045455 0.094770 0.344508 0.117647
0 0.345455 0.094770 0.500000 0.117647
0 0.501263 0.094770 0.799053 0.117647
0 0.800000 0.094770 0.954545 0.117647
0 0.381818 0.137253 0.490909 0.156859
0 0.772727 0.137253 0.954545 0.156859
0 0.760101 0.156864 0.954545 0.176471
0 0.509091 0.181371 0.519192 0.194443
0 0.936364 0.181371 0.946465 0.194443
0 0.454545 0.199343 0.464646 0.212415
0 0.827273 0.196077 0.954545 0.215683
0 0.445455 0.294118 0.545455 0.313724
0 0.545455 0.294118 0.680871 0.313724
0 0.681818 0.294118 0.817235 0.313724
0 0.818182 0.294118 0.954545 0.313724
0 0.127273 0.313724 0.436364 0.333330
0 0.445455 0.313724 0.545455 0.333335
0 0.545455 0.313724 0.680871 0.333335
0 0.681818 0.313724 0.817235 0.333335
0 0.818182 0.313724 0.954545 0.333335
0 0.127273 0.333335 0.436364 0.352941
0 0.445455 0.333335 0.545455 0.352941
0 0.545455 0.333335 0.680871 0.352941
0 0.681818 0.333335 0.817235 0.352941
0 0.818182 0.333335 0.954545 0.352941
0 0.445455 0.352941 0.545455 0.372547
0 0.545455 0.352941 0.680871 0.372547
0 0.681818 0.352941 0.817235 0.372547
0 0.818182 0.352941 0.954545 0.372547
0 0.127273 0.372547 0.436364 0.392154
0 0.445455 0.372547 0.545455 0.392154
0 0.545455 0.372547 0.680871 0.392154
0 0.681818 0.372547 0.817235 0.392154
0 0.818182 0.372547 0.954545 0.392154
0 0.127273 0.392159 0.436364 0.411765
0 0.445455 0.392154 0.545455 0.411765
0 0.545455 0.392154 0.680871 0.411765
0 0.681818 0.392154 0.817235 0.411765
0 0.818182 0.392154 0.954545 0.411765
0 0.445455 0.411765 0.545455 0.431371
0 0.545455 0.411765 0.680871 0.431371
0 0.681818 0.411765 0.817235 0.431371
0 0.818182 0.411765 0.954545 0.431371
0 0.127273 0.431371 0.436364 0.450977
0 0.445455 0.431371 0.545455 0.450977
0 0.545455 0.431371 0.680871 0.450977
0 0.681818 0.431371 0.817235 0.450977
0 0.818182 0.431371 0.954545 0.450977
0 0.127273 0.450982 0.436364 0.470588
0 0.445455 0.450977 0.545455 0.470588
0 0.545455 0.450977 0.680871 0.470588
0 0.681818 0.450977 0.817235 0.470588
0 0.818182 0.450977 0.954545 0.470588
0 0.445455 0.470588 0.545455 0.490194
0 0.545455 0.470588 0.680871 0.490194
0 0.681818 0.470588 0.817235 0.490194
0 0.818182 0.470588 0.954545 0.490194
0 0.127273 0.490194 0.436364 0.509801
0 0.445455 0.490194 0.545455 0.509801
0 0.545455 0.490194 0.680871 0.509801
0 0.681818 0.490194 0.817235 0.509801
0 0.818182 0.490194 0.954545 0.509801
0 0.127273 0.509806 0.436364 0.529412
0 0.445455 0.509801 0.545455 0.529412
0 0.545455 0.509801 0.680871 0.529412
0 0.681818 0.509801 0.817235 0.529412
0 0.818182 0.509801 0.954545 0.529412
0 0.445455 0.529412 0.545455 0.549018
0 0.545455 0.529412 0.680871 0.549018
0 0.681818 0.529412 0.817235 0.549018
0 0.818182 0.529412 0.954545 0.549018
0 0.127273 0.549018 0.436364 0.568624
0 0.445455 0.549018 0.545455 0.568624
0 0.545455 0.549018 0.680871 0.568624
0 0.681818 0.549018 0.817235 0.568624
0 0.818182 0.549018 0.954545 0.568624
0 0.127273 0.568629 0.436364 0.588235
0 0.445455 0.568624 0.545455 0.588235
0 0.545455 0.568624 0.680871 0.588235
0 0.681818 0.568624 0.817235 0.588235
0 0.818182 0.568624 0.954545 0.588235
0 0.445455 0.588235 0.545455 0.607841
0 0.545455 0.588235 0.680871 0.607841
0 0.681818 0.588235 0.817235 0.607841
0 0.818182 0.588235 0.954545 0.607841
0 0.127273 0.607841 0.436364 0.627448
0 0.445455 0.607841 0.545455 0.627448
0 0.545455 0.607841 0.680871 0.627448
0 0.681818 0.607841 0.817235 0.627448
0 0.818182 0.607841 0.954545 0.627448
0 0.127273 0.627453 0.436364 0.647059
0 0.445455 0.627448 0.545455 0.647059
0 0.545455 0.627448 0.680871 0.647059
0 0.681818 0.627448 0.817235 0.647059
0 0.818182 0.627448 0.954545 0.647059
0 0.445455 0.647059 0.545455 0.666665
0 0.545455 0.647059 0.680871 0.666665
0 0.681818 0.647059 0.817235 0.666665
0 0.818182 0.647059 0.954545 0.666665
0 0.127273 0.666665 0.436364 0.686271
0 0.445455 0.666665 0.545455 0.686271
0 0.545455 0.666665 0.680871 0.686271
0 0.681818 0.666665 0.817235 0.686271
0 0.818182 0.666665 0.954545 0.686271
0 0.127273 0.686276 0.436364 0.705882
0 0.445455 0.686271 0.545455 0.705882
0 0.545455 0.686271 0.680871 0.705882
0 0.681818 0.686271 0.817235 0.705882
0 0.818182 0.686271 0.954545 0.705882
0 0.445455 0.705882 0.545455 0.725489
0 0.545455 0.705882 0.680871 0.725489
0 0.681818 0.705882 0.817235 0.725489
0 0.818182 0.705882 0.954545 0.725489
0 0.127273 0.725489 0.436364 0.745095
0 0.445455 0.725489 0.545455 0.745095
0 0.545455 0.725489 0.680871 0.745095
0 0.681818 0.725489 0.817235 0.745095
0 0.818182 0.725489 0.954545 0.745095
0 0.127273 0.745100 0.436364 0.764706
0 0.445455 0.745095 0.545455 0.764706
0 0.545455 0.745095 0.680871 0.764706
0 0.681818 0.745095 0.817235 0.764706
0 0.818182 0.745095 0.954545 0.764706
0 0.445455 0.764706 0.545455 0.784312
0 0.545455 0.764706 0.680871 0.784312
0 0.681818 0.764706 0.817235 0.784312
0 0.818182 0.764706 0.954545 0.784312
0 0.127273 0.784312 0.436364 0.803918
0 0.445455 0.784312 0.545455 0.803918
0 0.545455 0.784312 0.680871 0.803918
0 0.681818 0.784312 0.817235 0.803918
0 0.818182 0.784312 0.954545 0.803918
0 0.127273 0.803923 0.436364 0.823529
0 0.445455 0.803918 0.545455 0.823529
0 0.545455 0.803918 0.680871 0.823529
0 0.681818 0.803918 0.817235 0.823529
0 0.818182 0.803918 0.954545 0.823529
0 0.445455 0.823529 0.545455 0.843136
0 0.545455 0.823529 0.680871 0.843136
0 0.681818 0.823529 0.817235 0.843136
0 0.818182 0.823529 0.954545 0.843136
0 0.127273 0.843136 0.436364 0.862742
0 0.445455 0.843136 0.545455 0.862742
0 0.545455 0.843136 0.680871 0.862742
0 0.681818 0.843136 0.817235 0.862742
0 0.818182 0.843136 0.954545 0.862742
0 0.127273 0.862747 0.436364 0.882353
0 0.445455 0.862742 0.545455 0.882353
0 0.545455 0.862742 0.680871 0.882353
0 0.681818 0.862742 0.817235 0.882353
0 0.818182 0.862742 0.954545 0.882353
0 0.445455 0.882353 0.545455 0.901959
0 0.545455 0.882353 0.680871 0.901959
0 0.681818 0.882353 0.817235 0.901959
0 0.818182 0.882353 0.954545 0.901959
0 0.445455 0.901959 0.545455 0.921565
0 0.545455 0.901959 0.680871 0.921565
0 0.681818 0.901959 0.817235 0.921565
0 0.818182 0.901959 0.954545 0.921565
0 0.445455 0.921565 0.545455 0.941172
0 0.545455 0.921565 0.680871 0.941172
0 0.681818 0.921565 0.817235 0.941172
0 0.818182 0.921565 0.954545 0.941172
