0 0.058826 0.073234 0.739979 0.090913
0 0.742838 0.073234 0.941212 0.090913
0 0.352954 0.181825 0.469380 0.196976
0 0.470606 0.181825 0.587032 0.196976
0 0.588257 0.181825 0.704683 0.196976
0 0.705909 0.181825 0.822335 0.196976
0 0.823560 0.181825 0.941212 0.196976
0 0.352954 0.196976 0.469380 0.212127
0 0.470606 0.196976 0.587032 0.212127
0 0.588257 0.196976 0.704683 0.212127
0 0.705909 0.196976 0.822335 0.212127
0 0.823560 0.196976 0.941212 0.212127
0 0.352954 0.212127 0.469380 0.227278
0 0.470606 0.212127 0.587032 0.227278
0 0.588257 0.212127 0.704683 0.227278
0 0.705909 0.212127 0.822335 0.227278
0 0.823560 0.212127 0.941212 0.227278
0 0.352954 0.227278 0.469380 0.242429
0 0.470606 0.227278 0.587032 0.242429
0 0.588257 0.227278 0.704683 0.242429
0 0.705909 0.227278 0.822335 0.242429
0 0.823560 0.227278 0.941212 0.242429
0 0.352954 0.242429 0.469380 0.257580
0 0.470606 0.242429 0.587032 0.257580
0 0.588257 0.242429 0.704683 0.257580
0 0.705909 0.242429 0.822335 0.257580
0 0.823560 0.242429 0.941212 0.257580
0 0.352954 0.272732 0.469380 0.287885
0 0.470606 0.272732 0.587032 0.287885
0 0.588257 0.272732 0.704683 0.287885
0 0.705909 0.272732 0.822335 0.287885
0 0.823560 0.272732 0.941212 0.287885
0 0.352954 0.287885 0.469380 0.303036
0 0.470606 0.287885 0.587032 0.303036
0 0.588257 0.287885 0.704683 0.303036
0 0.705909 0.287885 0.822335 0.303036
0 0.823560 0.287885 0.941212 0.303036
0 0.352954 0.303036 0.469380 0.318187
0 0.470606 0.303036 0.587032 0.318187
0 0.588257 0.303036 0.704683 0.318187
0 0.705909 0.303036 0.822335 0.318187
0 0.823560 0.303036 0.941212 0.318187
0 0.352954 0.318187 0.469380 0.333338
0 0.470606 0.318187 0.587032 0.333338
0 0.588257 0.318187 0.704683 0.333338
0 0.705909 0.318187 0.822335 0.333338
0 0.823560 0.318187 0.941212 0.333338
0 0.352954 0.333338 0.469380 0.348488
0 0.470606 0.333338 0.587032 0.348488
0 0.588257 0.333338 0.704683 0.348488
0 0.705909 0.333338 0.822335 0.348488
0 0.823560 0.333338 0.941212 0.348488
0 0.352954 0.348488 0.469380 0.363639
0 0.470606 0.348488 0.587032 0.363639
0 0.588257 0.348488 0.704683 0.363639
0 0.705909 0.348488 0.822335 0.363639
0 0.823560 0.348488 0.941212 0.363639
0 0.352954 0.378791 0.469380 0.393945
0 0.470606 0.378791 0.587032 0.393945
0 0.588257 0.378791 0.704683 0.393945
0 0.705909 0.363639 0.822335 0.393945
0 0.823560 0.363639 0.941212 0.393945
0 0.352954 0.393945 0.469380 0.409096
0 0.470606 0.393945 0.587032 0.409096
0 0.588257 0.393945 0.704683 0.409096
0 0.705909 0.393945 0.822335 0.409096
0 0.823560 0.393945 0.941212 0.409096
0 0.352954 0.424248 0.469380 0.439401
0 0.470606 0.424248 0.587032 0.439401
0 0.588257 0.424248 0.704683 0.439401
0 0.705909 0.424248 0.822335 0.439401
0 0.823560 0.424248 0.941212 0.439401
0 0.352954 0.454553 0.469380 0.469706
0 0.470606 0.454553 0.587032 0.469706
0 0.588257 0.454553 0.704683 0.469706
0 0.705909 0.454553 0.822335 0.469706
0 0.823560 0.454553 0.941212 0.469706
0 0.352954 0.484859 0.469380 0.500012
0 0.470606 0.484859 0.587032 0.500012
0 0.588257 0.484859 0.704683 0.500012
0 0.705909 0.484859 0.822335 0.500012
0 0.823560 0.484859 0.941212 0.500012
0 0.352954 0.500012 0.469380 0.515163
0 0.470606 0.500012 0.587032 0.515163
0 0.588257 0.500012 0.704683 0.515163
0 0.705909 0.500012 0.822335 0.515163
0 0.823560 0.500012 0.941212 0.515163
0 0.352954 0.530315 0.469380 0.545468
0 0.470606 0.530315 0.587032 0.545468
0 0.588257 0.530315 0.704683 0.545468
0 0.705909 0.530315 0.822335 0.545468
0 0.823560 0.530315 0.941212 0.545468
0 0.352954 0.560620 0.469380 0.575774
0 0.470606 0.560620 0.587032 0.575774
0 0.588257 0.560620 0.704683 0.575774
0 0.705909 0.560620 0.822335 0.575774
0 0.823560 0.560620 0.941212 0.575774
0 0.352954 0.590926 0.469380 0.606079
0 0.470606 0.590926 0.587032 0.606079
0 0.588257 0.590926 0.704683 0.606079
0 0.705909 0.590926 0.822335 0.606079
0 0.823560 0.590926 0.941212 0.606079
0 0.352954 0.621231 0.469380 0.636385
0 0.470606 0.621231 0.587032 0.636385
0 0.588257 0.621231 0.704683 0.636385
0 0.705909 0.621231 0.822335 0.636385
0 0.823560 0.621231 0.941212 0.636385
0 0.352954 0.651537 0.469380 0.666690
0 0.470606 0.651537 0.587032 0.666690
0 0.588257 0.651537 0.704683 0.666690
0 0.705909 0.651537 0.822335 0.666690
0 0.823560 0.651537 0.941212 0.666690
0 0.352954 0.681842 0.469380 0.696996
0 0.470606 0.681842 0.587032 0.696996
0 0.588257 0.681842 0.704683 0.696996
0 0.705909 0.681842 0.822335 0.696996
0 0.823560 0.681842 0.941212 0.696996
0 0.352954 0.696996 0.469380 0.712147
0 0.470606 0.696996 0.587032 0.712147
0 0.588257 0.696996 0.704683 0.712147
0 0.705909 0.696996 0.822335 0.712147
0 0.823560 0.696996 0.941212 0.712147
0 0.352954 0.757603 0.469380 0.772754
0 0.470606 0.757603 0.587032 0.772754
0 0.588257 0.757603 0.704683 0.772754
0 0.705909 0.757603 0.822335 0.772754
0 0.823560 0.757603 0.941212 0.772754
0 0.352954 0.787906 0.469380 0.803059
0 0.470606 0.787906 0.587032 0.803059
0 0.588257 0.787906 0.704683 0.803059
0 0.705909 0.787906 0.822335 0.803059
0 0.823560 0.787906 0.941212 0.803059
0 0.352954 0.803059 0.469380 0.818210
0 0.470606 0.803059 0.587032 0.818210
0 0.588257 0.803059 0.704683 0.818210
0 0.705909 0.803059 0.822335 0.818210
0 0.823560 0.803059 0.941212 0.818210
0 0.352954 0.818210 0.469380 0.833361
0 0.470606 0.818210 0.587032 0.833361
0 0.588257 0.818210 0.704683 0.833361
0 0.705909 0.818210 0.822335 0.833361
0 0.823560 0.818210 0.941212 0.833361
0 0.352954 0.848513 0.469380 0.863666
0 0.470606 0.848513 0.587032 0.863666
0 0.588257 0.848513 0.704683 0.863666
0 0.705909 0.848513 0.822335 0.863666
0 0.823560 0.848513 0.941212 0.863666
0 0.352954 0.893971 0.469380 0.909123
0 0.470606 0.893971 0.587032 0.909123
0 0.588257 0.893971 0.704683 0.909123
0 0.705909 0.863666 0.822335 0.909123
0 0.823560 0.863666 0.941212 0.909123
0 0.352954 0.909123 0.469380 0.954579
0 0.470606 0.939427 0.587032 0.954579
0 0.588257 0.939427 0.704683 0.954579
0 0.705909 0.939427 0.822335 0.954579
0 0.823560 0.939427 0.941212 0.954579
