0 0.823562 0.075762 0.941213 0.090913
0 0.823562 0.090913 0.941213 0.106064
0 0.823562 0.106064 0.941213 0.121215
0 0.823562 0.121218 0.941213 0.136369
0 0.105887 0.169199 0.118959 0.179300
0 0.258834 0.169199 0.271906 0.179300
0 0.412026 0.169199 0.425098 0.179300
0 0.534616 0.166675 0.882388 0.181826
0 0.899382 0.184350 0.912454 0.194451
0 0.922912 0.184350 0.935984 0.194451
0 0.899382 0.244957 0.912454 0.255058
0 0.922912 0.244957 0.935984 0.255058
0 0.667230 0.257587 0.882388 0.272738
0 0.105887 0.272738 0.882388 0.287889
0 0.899382 0.305568 0.912454 0.315669
0 0.922912 0.305568 0.935984 0.315669
0 0.317659 0.333346 0.411781 0.348496
0 0.899382 0.381326 0.912454 0.391427
0 0.922912 0.381326 0.935984 0.391427
0 0.247069 0.409107 0.352955 0.424258
0 0.235303 0.424258 0.741206 0.439409
0 0.588258 0.439413 0.741206 0.454564
0 0.899382 0.472239 0.912454 0.482340
0 0.922912 0.472239 0.935984 0.482340
0 0.869315 0.502544 0.882388 0.512646
0 0.623554 0.530326 0.749703 0.545477
0 0.420355 0.560627 0.882388 0.575778
0 0.415430 0.575782 0.588258 0.590933
0 0.869315 0.623763 0.882388 0.633864
0 0.869315 0.654064 0.882388 0.664166
0 0.869315 0.684370 0.882388 0.694471
0 0.869315 0.714675 0.882388 0.724777
0 0.270599 0.742453 0.541198 0.757604
0 0.258834 0.757608 0.541198 0.772758
0 0.899382 0.790433 0.912454 0.800535
0 0.922912 0.790433 0.935984 0.800535
0 0.899382 0.805588 0.912454 0.815690
0 0.922912 0.805588 0.935984 0.815690
0 0.899382 0.896501 0.912454 0.906602
0 0.922912 0.896501 0.935984 0.906602
0 0.721585 0.909128 0.882388 0.924279
