0 0.058824 0.118958 0.739951 0.136364
0 0.741176 0.118686 0.941176 0.136364
0 0.105882 0.199492 0.118954 0.209593
0 0.105882 0.214646 0.118954 0.224747
0 0.105882 0.244947 0.118954 0.255048
0 0.105882 0.260101 0.118954 0.270202
0 0.435294 0.287878 0.482353 0.303028
0 0.488072 0.287878 0.529412 0.303028
0 0.535131 0.287878 0.600000 0.303028
0 0.694118 0.287878 0.741176 0.303028
0 0.746895 0.287878 0.788235 0.303028
0 0.793954 0.287878 0.858823 0.303028
0 0.105882 0.335856 0.118954 0.345957
0 0.105882 0.351010 0.118954 0.361111
0 0.105882 0.396465 0.118954 0.406566
0 0.105882 0.411615 0.118954 0.421716
0 0.823529 0.424241 0.941176 0.439391
0 0.129412 0.457069 0.142484 0.467170
0 0.270588 0.457069 0.283660 0.467170
0 0.129412 0.472220 0.142484 0.482321
0 0.270588 0.472220 0.283660 0.482321
0 0.388235 0.469696 0.670588 0.484846
0 0.830065 0.500000 0.934641 0.515150
0 0.823529 0.515150 0.941176 0.530300
0 0.830065 0.545455 0.934641 0.560605
0 0.823529 0.560605 0.941176 0.575755
0 0.823529 0.590909 0.941176 0.606059
0 0.823529 0.621213 0.941176 0.636364
0 0.823529 0.636364 0.941176 0.651514
0 0.823529 0.681818 0.941176 0.696968
0 0.823529 0.712122 0.941176 0.727273
0 0.823529 0.742423 0.941176 0.757573
0 0.823529 0.772727 0.941176 0.787878
0 0.305882 0.863636 0.539951 0.878787
0 0.541176 0.863636 0.775245 0.878787
0 0.305882 0.878787 0.539951 0.893937
0 0.541176 0.878787 0.775245 0.893937
0 0.305882 0.893937 0.539951 0.909087
0 0.541176 0.893937 0.775245 0.909087
0 0.305882 0.909087 0.539951 0.924237
0 0.541176 0.909087 0.775245 0.924237
