0 0.214868 0.125841 0.244824 0.142676
0 0.413668 0.125841 0.578428 0.142676
0 0.605660 0.125841 0.636706 0.142676
0 0.707784 0.125841 0.867096 0.142676
0 0.892696 0.125841 0.925103 0.142676
0 0.065904 0.157827 0.688449 0.173189
0 0.722490 0.157407 0.757892 0.173189
0 0.762523 0.157827 0.891879 0.173610
0 0.066448 0.188341 0.925649 0.203702
0 0.065904 0.218853 0.926737 0.234427
0 0.065904 0.248314 0.688449 0.264729
0 0.722490 0.249367 0.757892 0.264729
0 0.762523 0.249577 0.893513 0.265360
0 0.663667 0.381311 0.925103 0.400461
