0 0.376485 0.090913 0.504677 0.106064
0 0.376485 0.106064 0.504677 0.121215
0 0.376485 0.121218 0.504677 0.136369
0 0.258834 0.151520 0.364720 0.166671
0 0.376485 0.151520 0.504677 0.166671
0 0.200008 0.196976 0.364720 0.212127
0 0.270599 0.212131 0.364720 0.227282
0 0.270599 0.227282 0.364720 0.242433
0 0.105887 0.242433 0.364720 0.257584
0 0.376485 0.242433 0.504677 0.257584
0 0.376485 0.257587 0.504677 0.272738
0 0.698720 0.121218 0.800031 0.136369
0 0.564728 0.136369 0.800031 0.151520
0 0.811797 0.136369 0.941213 0.151520
0 0.655792 0.181826 0.800031 0.196976
0 0.724550 0.196976 0.800031 0.212127
0 0.564728 0.212131 0.800031 0.227282
0 0.811797 0.212131 0.941213 0.227282
0 0.811797 0.227282 0.941213 0.242433
0 0.811797 0.257587 0.941213 0.272738
0 0.376485 0.287889 0.504677 0.303040
0 0.376485 0.303044 0.504677 0.318195
0 0.258834 0.318195 0.364720 0.333346
0 0.105887 0.333346 0.364720 0.348496
0 0.105887 0.348500 0.364720 0.363651
0 0.376485 0.348500 0.504677 0.363651
0 0.376485 0.363651 0.504677 0.378802
0 0.811797 0.287889 0.941213 0.303040
0 0.811797 0.303044 0.941213 0.318195
0 0.811797 0.318195 0.941213 0.333346
0 0.717675 0.333346 0.800031 0.348496
0 0.811797 0.333346 0.941213 0.348496
0 0.811797 0.348500 0.941213 0.363651
0 0.811797 0.363651 0.941213 0.378802
