0 0.045455 0.094770 0.344508 0.117647
0 0.345455 0.094770 0.500000 0.117647
0 0.501263 0.094770 0.799053 0.117647
0 0.800000 0.094770 0.954545 0.117647
0 0.073990 0.186271 0.444508 0.205877
0 0.445455 0.186271 0.554545 0.205877
0 0.554545 0.186271 0.663636 0.205877
0 0.663636 0.186271 0.808144 0.205877
0 0.809091 0.186271 0.954545 0.205877
0 0.073990 0.205877 0.444508 0.225484
0 0.445455 0.205877 0.554545 0.225484
0 0.554545 0.205877 0.663636 0.225484
0 0.663636 0.205877 0.808144 0.225484
0 0.809091 0.205877 0.954545 0.225484
0 0.073990 0.225484 0.444508 0.245090
0 0.445455 0.225484 0.554545 0.245090
0 0.554545 0.225484 0.663636 0.245090
0 0.663636 0.225484 0.808144 0.245090
0 0.809091 0.225484 0.954545 0.245090
0 0.073990 0.245090 0.444508 0.264696
0 0.445455 0.245090 0.554545 0.264696
0 0.554545 0.245090 0.663636 0.264696
0 0.663636 0.245090 0.808144 0.264696
0 0.809091 0.245090 0.954545 0.264696
0 0.073990 0.264696 0.444508 0.284302
0 0.445455 0.264696 0.554545 0.284302
0 0.554545 0.264696 0.663636 0.284302
0 0.663636 0.264696 0.808144 0.284302
0 0.809091 0.264696 0.954545 0.284302
0 0.073990 0.284302 0.444508 0.303909
0 0.445455 0.284302 0.554545 0.303909
0 0.554545 0.284302 0.663636 0.303909
0 0.663636 0.284302 0.808144 0.303909
0 0.809091 0.284302 0.954545 0.303909
0 0.073990 0.303909 0.444508 0.323515
0 0.445455 0.303909 0.554545 0.323515
0 0.554545 0.303909 0.663636 0.323515
0 0.663636 0.303909 0.808144 0.323515
0 0.809091 0.303909 0.954545 0.323515
0 0.073990 0.323515 0.444508 0.343121
0 0.445455 0.323515 0.554545 0.343121
0 0.554545 0.323515 0.663636 0.343121
0 0.663636 0.323515 0.808144 0.343121
0 0.809091 0.323515 0.954545 0.343121
0 0.073990 0.343121 0.444508 0.362727
0 0.445455 0.343121 0.554545 0.362727
0 0.554545 0.343121 0.663636 0.362727
0 0.663636 0.343121 0.808144 0.362727
0 0.809091 0.343121 0.954545 0.362727
0 0.073990 0.362727 0.444508 0.382333
0 0.445455 0.362727 0.554545 0.382333
0 0.554545 0.362727 0.663636 0.382333
0 0.663636 0.362727 0.808144 0.382333
0 0.809091 0.362727 0.954545 0.382333
0 0.073990 0.382333 0.444508 0.401940
0 0.445455 0.382333 0.554545 0.401940
0 0.554545 0.382333 0.663636 0.401940
0 0.663636 0.382333 0.808144 0.401940
0 0.809091 0.382333 0.954545 0.401940
0 0.073990 0.401940 0.444508 0.421546
0 0.445455 0.401940 0.554545 0.421546
0 0.554545 0.401940 0.663636 0.421546
0 0.663636 0.401940 0.808144 0.421546
0 0.809091 0.401940 0.954545 0.421546
0 0.073990 0.421546 0.444508 0.441152
0 0.445455 0.421546 0.554545 0.441152
0 0.554545 0.421546 0.663636 0.441152
0 0.663636 0.421546 0.808144 0.441152
0 0.809091 0.421546 0.954545 0.441152
0 0.073990 0.441152 0.444508 0.460758
0 0.445455 0.441152 0.554545 0.460758
0 0.554545 0.441152 0.663636 0.460758
0 0.663636 0.441152 0.808144 0.460758
0 0.809091 0.441152 0.954545 0.460758
0 0.073990 0.460758 0.444508 0.480364
0 0.445455 0.460758 0.554545 0.480364
0 0.554545 0.460758 0.663636 0.480364
0 0.663636 0.460758 0.808144 0.480364
0 0.809091 0.460758 0.954545 0.480364
0 0.072727 0.529412 0.217235 0.549018
0 0.218182 0.529412 0.372727 0.549018
0 0.372727 0.529412 0.517235 0.549018
0 0.518182 0.529412 0.662689 0.549018
0 0.731313 0.532678 0.741414 0.545750
0 0.809091 0.529412 0.954545 0.549018
0 0.072727 0.549018 0.217235 0.568624
0 0.218182 0.549018 0.372727 0.568624
0 0.372727 0.549018 0.517235 0.568624
0 0.518182 0.549018 0.662689 0.568624
0 0.731313 0.552284 0.741414 0.565356
0 0.809091 0.549018 0.954545 0.568624
0 0.072727 0.568624 0.217235 0.588230
0 0.218182 0.568624 0.372727 0.588230
0 0.372727 0.568624 0.517235 0.588230
0 0.518182 0.568624 0.662689 0.588230
0 0.731313 0.571891 0.741414 0.584962
0 0.809091 0.568624 0.954545 0.588230
0 0.072727 0.588230 0.217235 0.607837
0 0.218182 0.588230 0.372727 0.607837
0 0.372727 0.588230 0.517235 0.607837
0 0.518182 0.588230 0.662689 0.607837
0 0.731313 0.591497 0.741414 0.604569
0 0.809091 0.588230 0.954545 0.607837
0 0.072727 0.607837 0.217235 0.627443
0 0.218182 0.607837 0.372727 0.627443
0 0.372727 0.607837 0.517235 0.627443
0 0.518182 0.607837 0.662689 0.627443
0 0.731313 0.611103 0.741414 0.624175
0 0.809091 0.607837 0.954545 0.627443
0 0.072727 0.627443 0.217235 0.647049
0 0.218182 0.627443 0.372727 0.647049
0 0.372727 0.627443 0.517235 0.647049
0 0.518182 0.627443 0.662689 0.647049
0 0.731313 0.630709 0.741414 0.643781
0 0.809091 0.627443 0.954545 0.647049
0 0.072727 0.647049 0.217235 0.666655
0 0.218182 0.647049 0.372727 0.666655
0 0.372727 0.647049 0.517235 0.666655
0 0.518182 0.647049 0.662689 0.666655
0 0.731313 0.650315 0.741414 0.663387
0 0.809091 0.647049 0.954545 0.666655
0 0.072727 0.666655 0.217235 0.686261
0 0.218182 0.666655 0.372727 0.686261
0 0.372727 0.666655 0.517235 0.686261
0 0.518182 0.666655 0.662689 0.686261
0 0.731313 0.669922 0.741414 0.682993
0 0.809091 0.666655 0.954545 0.686261
0 0.072727 0.686261 0.217235 0.705868
0 0.218182 0.686261 0.372727 0.705868
0 0.372727 0.686261 0.517235 0.705868
0 0.518182 0.686261 0.662689 0.705868
0 0.731313 0.689528 0.741414 0.702600
0 0.809091 0.686261 0.954545 0.705868
0 0.072727 0.705868 0.217235 0.725474
0 0.218182 0.705868 0.372727 0.725474
0 0.372727 0.705868 0.517235 0.725474
0 0.518182 0.705868 0.662689 0.725474
0 0.731313 0.709134 0.741414 0.722206
0 0.809091 0.705868 0.954545 0.725474
0 0.072727 0.725474 0.217235 0.745080
0 0.218182 0.725474 0.372727 0.745080
0 0.372727 0.725474 0.517235 0.745080
0 0.518182 0.725474 0.662689 0.745080
0 0.731313 0.728740 0.741414 0.741812
0 0.809091 0.725474 0.954545 0.745080
0 0.072727 0.745080 0.217235 0.764686
0 0.218182 0.745080 0.372727 0.764686
0 0.372727 0.745080 0.517235 0.764686
0 0.518182 0.745080 0.662689 0.764686
0 0.731313 0.748346 0.741414 0.761418
0 0.809091 0.745080 0.954545 0.764686
0 0.072727 0.764686 0.217235 0.784292
0 0.218182 0.764686 0.372727 0.784292
0 0.372727 0.764686 0.517235 0.784292
0 0.518182 0.764686 0.662689 0.784292
0 0.731313 0.767953 0.741414 0.781025
0 0.809091 0.764686 0.954545 0.784292
0 0.072727 0.784292 0.217235 0.803899
0 0.218182 0.784292 0.372727 0.803899
0 0.372727 0.784292 0.517235 0.803899
0 0.518182 0.784292 0.662689 0.803899
0 0.731313 0.787559 0.741414 0.800631
0 0.809091 0.784292 0.954545 0.803899
0 0.072727 0.803899 0.217235 0.823505
0 0.218182 0.803899 0.372727 0.823505
0 0.372727 0.803899 0.517235 0.823505
0 0.518182 0.803899 0.662689 0.823505
0 0.731313 0.807165 0.741414 0.820237
0 0.809091 0.803899 0.954545 0.823505
