0 0.552963 0.090913 0.704684 0.106064
0 0.705910 0.090913 0.739980 0.106064
0 0.741206 0.090913 0.904692 0.106064
0 0.905918 0.090913 0.941213 0.106064
0 0.552963 0.106064 0.704684 0.121215
0 0.705910 0.106064 0.739980 0.121215
0 0.741206 0.106064 0.904692 0.121215
0 0.905918 0.106064 0.941213 0.121215
0 0.552963 0.121218 0.704684 0.136369
0 0.705910 0.121218 0.739980 0.136369
0 0.741206 0.121218 0.904692 0.136369
0 0.905918 0.121218 0.941213 0.136369
0 0.552963 0.136369 0.704684 0.151520
0 0.705910 0.136369 0.739980 0.151520
0 0.741206 0.136369 0.904692 0.151520
0 0.905918 0.136369 0.941213 0.151520
0 0.552963 0.151520 0.704684 0.166671
0 0.705910 0.151520 0.739980 0.166671
0 0.741206 0.151520 0.904692 0.166671
0 0.905918 0.151520 0.941213 0.166671
0 0.552963 0.166675 0.704684 0.181826
0 0.705910 0.166675 0.739980 0.181826
0 0.741206 0.166675 0.904692 0.181826
0 0.905918 0.166675 0.941213 0.181826
0 0.552963 0.181826 0.704684 0.196976
0 0.705910 0.181826 0.739980 0.196976
0 0.741206 0.181826 0.904692 0.196976
0 0.905918 0.181826 0.941213 0.196976
0 0.552963 0.212131 0.704684 0.227282
0 0.705910 0.212131 0.739980 0.227282
0 0.741206 0.212131 0.904692 0.227282
0 0.905918 0.212131 0.941213 0.227282
0 0.505902 0.229806 0.518975 0.239907
0 0.134646 0.244957 0.147718 0.255058
0 0.134646 0.260112 0.147718 0.270213
0 0.529433 0.257587 0.941213 0.272738
0 0.922912 0.275262 0.935984 0.285364
0 0.922912 0.290413 0.935984 0.300515
0 0.800031 0.318195 0.904692 0.333346
0 0.905918 0.318195 0.941213 0.333346
0 0.835327 0.335870 0.848399 0.345971
0 0.894153 0.335870 0.907225 0.345971
0 0.835327 0.366175 0.848399 0.376277
0 0.894153 0.366175 0.907225 0.376277
0 0.282364 0.409107 0.435311 0.424258
0 0.223538 0.424258 0.435311 0.439409
0 0.235303 0.439413 0.435311 0.454564
0 0.317659 0.469715 0.400016 0.484866
0 0.400016 0.469715 0.435311 0.484866
0 0.450671 0.501913 0.465378 0.513277
0 0.474202 0.501913 0.488908 0.513277
0 0.450671 0.562520 0.465378 0.573884
0 0.474202 0.562520 0.488908 0.573884
0 0.450671 0.638282 0.465378 0.649646
0 0.474202 0.638282 0.488908 0.649646
0 0.417010 0.699521 0.430082 0.709622
0 0.317659 0.742457 0.398790 0.757608
0 0.400016 0.742457 0.434086 0.757608
0 0.305894 0.787909 0.435311 0.803060
0 0.450671 0.820111 0.465378 0.831476
0 0.474202 0.820111 0.488908 0.831476
0 0.450671 0.865564 0.465378 0.876928
0 0.474202 0.865564 0.488908 0.876928
0 0.450671 0.895870 0.465378 0.907234
0 0.474202 0.895870 0.488908 0.907234
0 0.450671 0.926171 0.465378 0.937535
0 0.474202 0.926171 0.488908 0.937535
0 0.705910 0.427414 0.718982 0.437515
0 0.800031 0.427414 0.813104 0.437515
0 0.611789 0.472870 0.624861 0.482972
0 0.705910 0.472870 0.718982 0.482972
0 0.897748 0.517064 0.912454 0.528428
0 0.921278 0.517064 0.935984 0.528428
0 0.897748 0.577675 0.912454 0.589039
0 0.921278 0.577675 0.935984 0.589039
0 0.897748 0.623131 0.912454 0.634495
0 0.921278 0.623131 0.935984 0.634495
0 0.670615 0.636389 0.882388 0.651540
0 0.682380 0.651540 0.882388 0.666691
0 0.541198 0.714675 0.554270 0.724777
0 0.741206 0.714675 0.754278 0.724777
0 0.541198 0.729826 0.554270 0.739928
0 0.741206 0.729826 0.754278 0.739928
0 0.546427 0.775283 0.559499 0.785384
0 0.546427 0.805588 0.559499 0.815690
0 0.606246 0.851044 0.619318 0.861146
0 0.687520 0.851044 0.700593 0.861146
0 0.769877 0.851044 0.782949 0.861146
0 0.852233 0.851044 0.865305 0.861146
0 0.923110 0.851044 0.936182 0.861146
0 0.835327 0.893977 0.941213 0.909128
0 0.541198 0.941957 0.554270 0.952059
0 0.658849 0.941957 0.671922 0.952059
0 0.776501 0.941957 0.789573 0.952059
