0 0.045455 0.094770 0.799053 0.117647
0 0.800000 0.094770 0.954545 0.117647
0 0.720707 0.192812 0.750000 0.212420
0 0.072727 0.235294 0.253283 0.254900
0 0.254545 0.235294 0.353598 0.254900
0 0.354545 0.235294 0.453598 0.254900
0 0.454545 0.235294 0.553599 0.254900
0 0.554545 0.235294 0.653599 0.254900
0 0.654545 0.235294 0.753598 0.254900
0 0.754545 0.235294 0.853598 0.254900
0 0.854545 0.235294 0.954545 0.254900
0 0.072727 0.254900 0.253283 0.274507
0 0.254545 0.254900 0.353598 0.274507
0 0.354545 0.254900 0.453598 0.274507
0 0.454545 0.254900 0.553599 0.274507
0 0.554545 0.254900 0.653599 0.274507
0 0.654545 0.254900 0.753598 0.274507
0 0.754545 0.254900 0.853598 0.274507
0 0.854545 0.254900 0.954545 0.274507
0 0.072727 0.274507 0.253283 0.294113
0 0.254545 0.274507 0.353598 0.294113
0 0.354545 0.274507 0.453598 0.294113
0 0.454545 0.274507 0.553599 0.294113
0 0.554545 0.274507 0.653599 0.294113
0 0.654545 0.274507 0.753598 0.294113
0 0.754545 0.274507 0.853598 0.294113
0 0.854545 0.274507 0.954545 0.294113
0 0.254545 0.294113 0.353598 0.313719
0 0.354545 0.294113 0.453598 0.313719
0 0.454545 0.294113 0.553599 0.313719
0 0.554545 0.294113 0.653599 0.313719
0 0.654545 0.294113 0.753598 0.313719
0 0.754545 0.294113 0.853598 0.313719
0 0.854545 0.294113 0.954545 0.313719
0 0.254545 0.313719 0.353598 0.333325
0 0.354545 0.313719 0.453598 0.333325
0 0.454545 0.313719 0.553599 0.333325
0 0.554545 0.313719 0.653599 0.333325
0 0.654545 0.313719 0.753598 0.333325
0 0.754545 0.313719 0.853598 0.333325
0 0.854545 0.313719 0.954545 0.333325
0 0.254545 0.333325 0.353598 0.352931
0 0.354545 0.333325 0.453598 0.352931
0 0.454545 0.333325 0.553599 0.352931
0 0.554545 0.333325 0.653599 0.352931
0 0.654545 0.333325 0.753598 0.352931
0 0.754545 0.333325 0.853598 0.352931
0 0.854545 0.333325 0.954545 0.352931
0 0.072727 0.372538 0.253283 0.392144
0 0.254545 0.372538 0.353598 0.392144
0 0.354545 0.372538 0.453598 0.392144
0 0.454545 0.372538 0.553599 0.392144
0 0.554545 0.372538 0.653599 0.392144
0 0.654545 0.372538 0.753598 0.392144
0 0.754545 0.372538 0.853598 0.392144
0 0.854545 0.372538 0.954545 0.392144
0 0.072727 0.392144 0.253283 0.411750
0 0.254545 0.392144 0.353598 0.411750
0 0.354545 0.392144 0.453598 0.411750
0 0.454545 0.392144 0.553599 0.411750
0 0.554545 0.392144 0.653599 0.411750
0 0.654545 0.392144 0.753598 0.411750
0 0.754545 0.392144 0.853598 0.411750
0 0.854545 0.392144 0.954545 0.411750
0 0.072727 0.411750 0.253283 0.431356
0 0.254545 0.411750 0.353598 0.431356
0 0.354545 0.411750 0.453598 0.431356
0 0.454545 0.411750 0.553599 0.431356
0 0.554545 0.411750 0.653599 0.431356
0 0.654545 0.411750 0.753598 0.431356
0 0.754545 0.411750 0.853598 0.431356
0 0.854545 0.411750 0.954545 0.431356
0 0.072727 0.450962 0.253283 0.470569
0 0.254545 0.450962 0.353598 0.470569
0 0.354545 0.450962 0.453598 0.470569
0 0.454545 0.450962 0.553599 0.470569
0 0.554545 0.450962 0.653599 0.470569
0 0.654545 0.450962 0.753598 0.470569
0 0.754545 0.450962 0.853598 0.470569
0 0.854545 0.450962 0.954545 0.470569
0 0.072727 0.470569 0.253283 0.490175
0 0.254545 0.470569 0.353598 0.490175
0 0.354545 0.470569 0.453598 0.490175
0 0.454545 0.470569 0.553599 0.490175
0 0.554545 0.470569 0.653599 0.490175
0 0.654545 0.470569 0.753598 0.490175
0 0.754545 0.470569 0.853598 0.490175
0 0.854545 0.470569 0.954545 0.490175
0 0.072727 0.490175 0.253283 0.509781
0 0.254545 0.490175 0.353598 0.509781
0 0.354545 0.490175 0.453598 0.509781
0 0.454545 0.490175 0.553599 0.509781
0 0.554545 0.490175 0.653599 0.509781
0 0.654545 0.490175 0.753598 0.509781
0 0.754545 0.490175 0.853598 0.509781
0 0.854545 0.490175 0.954545 0.509781
0 0.254545 0.529389 0.353598 0.548998
0 0.354545 0.529389 0.453598 0.548998
0 0.454545 0.529389 0.553599 0.548998
0 0.554545 0.529389 0.653599 0.548998
0 0.654545 0.529389 0.753598 0.548998
0 0.754545 0.529389 0.853598 0.548998
0 0.854545 0.529389 0.954545 0.548998
0 0.072727 0.568605 0.253283 0.588211
0 0.254545 0.568605 0.353598 0.588211
0 0.354545 0.568605 0.453598 0.588211
0 0.454545 0.568605 0.553599 0.588211
0 0.554545 0.568605 0.653599 0.588211
0 0.654545 0.568605 0.753598 0.588211
0 0.754545 0.568605 0.853598 0.588211
0 0.854545 0.568605 0.954545 0.588211
0 0.072727 0.588211 0.253283 0.607817
0 0.254545 0.588211 0.353598 0.607817
0 0.354545 0.588211 0.453598 0.607817
0 0.454545 0.588211 0.553599 0.607817
0 0.554545 0.588211 0.653599 0.607817
0 0.654545 0.588211 0.753598 0.607817
0 0.754545 0.588211 0.853598 0.607817
0 0.854545 0.588211 0.954545 0.607817
0 0.072727 0.607817 0.253283 0.627423
0 0.254545 0.607817 0.353598 0.627423
0 0.354545 0.607817 0.453598 0.627423
0 0.454545 0.607817 0.553599 0.627423
0 0.554545 0.607817 0.653599 0.627423
0 0.654545 0.607817 0.753598 0.627423
0 0.754545 0.607817 0.853598 0.627423
0 0.854545 0.607817 0.954545 0.627423
0 0.072727 0.647029 0.253283 0.666636
0 0.254545 0.647029 0.353598 0.666636
0 0.354545 0.647029 0.453598 0.666636
0 0.454545 0.647029 0.553599 0.666636
0 0.554545 0.647029 0.653599 0.666636
0 0.654545 0.647029 0.753598 0.666636
0 0.754545 0.647029 0.853598 0.666636
0 0.854545 0.647029 0.954545 0.666636
0 0.072727 0.666636 0.253283 0.686242
0 0.254545 0.666636 0.353598 0.686242
0 0.354545 0.666636 0.453598 0.686242
0 0.454545 0.666636 0.553599 0.686242
0 0.554545 0.666636 0.653599 0.686242
0 0.654545 0.666636 0.753598 0.686242
0 0.754545 0.666636 0.853598 0.686242
0 0.854545 0.666636 0.954545 0.686242
0 0.072727 0.686242 0.253283 0.705848
0 0.254545 0.686242 0.353598 0.705848
0 0.354545 0.686242 0.453598 0.705848
0 0.454545 0.686242 0.553599 0.705848
0 0.554545 0.686242 0.653599 0.705848
0 0.654545 0.686242 0.753598 0.705848
0 0.754545 0.686242 0.853598 0.705848
0 0.854545 0.686242 0.954545 0.705848
0 0.254545 0.725456 0.353598 0.745065
0 0.354545 0.725456 0.453598 0.745065
0 0.454545 0.725456 0.553599 0.745065
0 0.554545 0.725456 0.653599 0.745065
0 0.654545 0.725456 0.753598 0.745065
0 0.754545 0.725456 0.853598 0.745065
0 0.854545 0.725456 0.954545 0.745065
0 0.072727 0.745065 0.253283 0.764672
0 0.254545 0.745065 0.353598 0.764672
0 0.354545 0.745065 0.453598 0.764672
0 0.454545 0.745065 0.553599 0.764672
0 0.554545 0.745065 0.654545 0.764672
0 0.654545 0.745065 0.754545 0.764672
0 0.754545 0.745065 0.853598 0.764672
0 0.854545 0.745065 0.954545 0.764672
0 0.072727 0.764672 0.253283 0.784278
0 0.254545 0.764672 0.353598 0.784278
0 0.354545 0.764672 0.453598 0.784278
0 0.454545 0.764672 0.553599 0.784278
0 0.554545 0.764672 0.654545 0.784278
0 0.654545 0.764672 0.754545 0.784278
0 0.754545 0.764672 0.853598 0.784278
0 0.854545 0.764672 0.954545 0.784278
0 0.072727 0.784278 0.253283 0.803884
0 0.254545 0.784278 0.353598 0.803884
0 0.354545 0.784278 0.453598 0.803884
0 0.454545 0.784278 0.553599 0.803884
0 0.554545 0.784278 0.654545 0.803884
0 0.654545 0.784278 0.754545 0.803884
0 0.754545 0.784278 0.853598 0.803884
0 0.854545 0.784278 0.954545 0.803884
