0 0.058826 0.118690 0.751745 0.136369
0 0.754605 0.118690 0.941213 0.136369
0 0.731728 0.151520 0.941213 0.166671
0 0.105887 0.166675 0.941213 0.181826
0 0.105887 0.214655 0.118959 0.224757
0 0.105887 0.229806 0.118959 0.239907
0 0.105887 0.244957 0.118959 0.255058
0 0.775847 0.257587 0.941213 0.272738
0 0.105887 0.272738 0.941213 0.287889
0 0.923239 0.320403 0.936311 0.330505
0 0.823562 0.333346 0.941213 0.348496
0 0.823562 0.348500 0.941213 0.363651
0 0.823562 0.363651 0.941213 0.378802
0 0.823562 0.378802 0.941213 0.393953
0 0.823562 0.393957 0.941213 0.409107
0 0.823562 0.424258 0.941213 0.439409
0 0.823562 0.484869 0.941213 0.500020
0 0.823562 0.530326 0.941213 0.545477
0 0.105887 0.593457 0.118959 0.603558
0 0.105887 0.608608 0.118959 0.618709
0 0.105887 0.623763 0.118959 0.633864
0 0.923239 0.653433 0.936311 0.663534
0 0.923239 0.713413 0.936311 0.723514
0 0.923239 0.743714 0.936311 0.753816
0 0.555251 0.780336 0.941213 0.795487
0 0.569957 0.795487 0.941213 0.810638
0 0.384981 0.825792 0.941213 0.840943
0 0.105887 0.840943 0.941213 0.856094
0 0.858857 0.873773 0.871930 0.883874
0 0.923239 0.873773 0.936311 0.883874
