0 0.404091 0.060607 0.494137 0.073233
0 0.567661 0.060607 0.658849 0.073233
0 0.058826 0.118690 0.529433 0.136369
0 0.529433 0.118690 0.941213 0.136369
0 0.058826 0.148996 0.529433 0.166675
0 0.899382 0.169199 0.912454 0.179300
0 0.899382 0.184350 0.912454 0.194451
0 0.899382 0.199501 0.912454 0.209602
0 0.899382 0.214655 0.912454 0.224757
0 0.058826 0.179301 0.529433 0.227282
0 0.823562 0.272738 0.905264 0.287889
0 0.905918 0.272738 0.941213 0.287889
0 0.670615 0.318195 0.752317 0.333346
0 0.752971 0.318195 0.788266 0.333346
0 0.670615 0.348496 0.752317 0.363647
0 0.752971 0.348496 0.788266 0.363647
0 0.670615 0.363651 0.752317 0.378802
0 0.752971 0.363651 0.788266 0.378802
0 0.823562 0.378802 0.905264 0.393953
0 0.905918 0.378802 0.941213 0.393953
0 0.823562 0.393953 0.905264 0.409104
0 0.905918 0.393953 0.941213 0.409104
0 0.823562 0.424258 0.905264 0.439409
0 0.905918 0.424258 0.941213 0.439409
0 0.670615 0.454564 0.752317 0.469715
0 0.752971 0.454564 0.788266 0.469715
0 0.670615 0.469715 0.752317 0.484866
0 0.752971 0.469715 0.788266 0.484866
0 0.823562 0.484866 0.905264 0.500016
0 0.905918 0.484866 0.941213 0.500016
0 0.823562 0.500020 0.905264 0.515171
0 0.905918 0.500020 0.941213 0.515171
0 0.823562 0.530322 0.905264 0.545473
0 0.905918 0.530322 0.941213 0.545473
0 0.670615 0.575778 0.752317 0.590929
0 0.752971 0.575778 0.788266 0.590929
0 0.670615 0.590933 0.752317 0.606084
0 0.752971 0.590933 0.788266 0.606084
0 0.823562 0.606084 0.905264 0.621235
0 0.905918 0.606084 0.941213 0.621235
0 0.823562 0.621235 0.905264 0.636386
0 0.905918 0.621235 0.941213 0.636386
0 0.758200 0.639545 0.771272 0.649646
0 0.823562 0.636389 0.917324 0.651540
0 0.823562 0.651540 0.905264 0.666691
0 0.905918 0.651540 0.941213 0.666691
0 0.823562 0.666691 0.905264 0.681842
0 0.905918 0.666691 0.941213 0.681842
0 0.823562 0.696997 0.905264 0.712148
0 0.905918 0.696997 0.941213 0.712148
0 0.823562 0.712148 0.905264 0.727298
0 0.905918 0.712148 0.941213 0.727298
0 0.823562 0.742453 0.905264 0.757604
0 0.905918 0.742453 0.941213 0.757604
0 0.823562 0.757604 0.905264 0.772755
0 0.905918 0.757604 0.941213 0.772755
0 0.823562 0.772758 0.905264 0.787909
0 0.905918 0.772758 0.941213 0.787909
0 0.823562 0.803060 0.905264 0.818211
0 0.905918 0.803060 0.941213 0.818211
0 0.670615 0.818215 0.752317 0.833366
0 0.752971 0.818215 0.788266 0.833366
0 0.670615 0.833366 0.752317 0.848517
0 0.752971 0.833366 0.788266 0.848517
0 0.823562 0.848517 0.905264 0.863667
0 0.905918 0.848517 0.941213 0.863667
0 0.823562 0.863671 0.905264 0.878822
0 0.905918 0.863671 0.941213 0.878822
0 0.823562 0.893973 0.905264 0.909124
0 0.905918 0.893973 0.941213 0.909124
0 0.823562 0.909128 0.905264 0.924279
0 0.905918 0.909128 0.941213 0.924279
0 0.823562 0.924279 0.905264 0.939429
0 0.905918 0.924279 0.941213 0.939429
