0 0.058826 0.073234 0.739979 0.090913
0 0.741204 0.073234 0.941212 0.090913
0 0.352954 0.181825 0.469380 0.196976
0 0.470606 0.181825 0.587032 0.196976
0 0.588257 0.181825 0.704683 0.196976
0 0.705909 0.181825 0.822335 0.196976
0 0.823560 0.181825 0.941212 0.196976
0 0.352954 0.196976 0.469380 0.212127
0 0.470606 0.196976 0.587032 0.212127
0 0.588257 0.196976 0.704683 0.212127
0 0.705909 0.196976 0.822335 0.212127
0 0.823560 0.196976 0.941212 0.212127
0 0.352954 0.212127 0.469380 0.227278
0 0.470606 0.212127 0.587032 0.227278
0 0.588257 0.212127 0.704683 0.227278
0 0.705909 0.212127 0.822335 0.227278
0 0.823560 0.212127 0.941212 0.227278
0 0.352954 0.227278 0.469380 0.242429
0 0.470606 0.227278 0.587032 0.242429
0 0.588257 0.227278 0.704683 0.242429
0 0.705909 0.227278 0.822335 0.242429
0 0.823560 0.227278 0.941212 0.242429
0 0.352954 0.272733 0.469380 0.287885
0 0.470606 0.272733 0.587032 0.287885
0 0.588257 0.272733 0.704683 0.287885
0 0.705909 0.272733 0.822335 0.287885
0 0.823560 0.272733 0.941212 0.287885
0 0.352954 0.318189 0.469380 0.333341
0 0.470606 0.318189 0.587032 0.333341
0 0.588257 0.318189 0.704683 0.333341
0 0.705909 0.318189 0.822335 0.333341
0 0.823560 0.318189 0.941212 0.333341
0 0.352954 0.348493 0.469380 0.363647
0 0.470606 0.348493 0.587032 0.363647
0 0.588257 0.348493 0.704683 0.363647
0 0.705909 0.348493 0.822335 0.363647
0 0.823560 0.348493 0.941212 0.363647
0 0.352954 0.363647 0.469380 0.378798
0 0.470606 0.363647 0.587032 0.378798
0 0.588257 0.363647 0.704683 0.378798
0 0.705909 0.363647 0.822335 0.378798
0 0.823560 0.363647 0.941212 0.378798
0 0.352954 0.393950 0.469380 0.409103
0 0.470606 0.393950 0.587032 0.409103
0 0.588257 0.393950 0.704683 0.409103
0 0.705909 0.393950 0.822335 0.409103
0 0.823560 0.393950 0.941212 0.409103
0 0.352954 0.424255 0.469380 0.439409
0 0.470606 0.424255 0.587032 0.439409
0 0.588257 0.424255 0.704683 0.439409
0 0.705909 0.424255 0.822335 0.439409
0 0.823560 0.424255 0.941212 0.439409
0 0.352954 0.439409 0.469380 0.454559
0 0.470606 0.439409 0.587032 0.454559
0 0.588257 0.439409 0.704683 0.454559
0 0.705909 0.439409 0.822335 0.454559
0 0.823560 0.439409 0.941212 0.454559
0 0.352954 0.454559 0.469380 0.469710
0 0.470606 0.454559 0.587032 0.469710
0 0.588257 0.454559 0.704683 0.469710
0 0.705909 0.454559 0.822335 0.469710
0 0.823560 0.454559 0.941212 0.469710
0 0.352954 0.484862 0.469380 0.500016
0 0.470606 0.484862 0.587032 0.500016
0 0.588257 0.484862 0.704683 0.500016
0 0.705909 0.484862 0.822335 0.500016
0 0.823560 0.484862 0.941212 0.500016
0 0.352954 0.500016 0.469380 0.515167
0 0.470606 0.500016 0.587032 0.515167
0 0.588257 0.500016 0.704683 0.515167
0 0.705909 0.500016 0.822335 0.515167
0 0.823560 0.500016 0.941212 0.515167
0 0.352954 0.515167 0.469380 0.560623
0 0.470606 0.515167 0.587032 0.560623
0 0.588257 0.515167 0.704683 0.560623
0 0.705909 0.545471 0.822335 0.560623
0 0.823560 0.545471 0.941212 0.560623
0 0.352954 0.560623 0.469380 0.621230
0 0.470606 0.606079 0.587032 0.621230
0 0.594794 0.606079 0.699373 0.621230
0 0.705909 0.560623 0.822335 0.621230
0 0.823560 0.606079 0.941212 0.621230
0 0.352954 0.636382 0.469380 0.651536
0 0.470606 0.636382 0.587032 0.651536
0 0.588257 0.636382 0.704683 0.651536
0 0.705909 0.636382 0.822335 0.651536
0 0.823560 0.636382 0.941212 0.651536
0 0.352954 0.666688 0.469380 0.681841
0 0.470606 0.666688 0.587032 0.681841
0 0.588257 0.666688 0.704683 0.681841
0 0.705909 0.666688 0.822335 0.681841
0 0.823560 0.666688 0.941212 0.681841
0 0.352954 0.696993 0.469380 0.712147
0 0.470606 0.696993 0.587032 0.712147
0 0.588257 0.696993 0.704683 0.712147
0 0.705909 0.696993 0.822335 0.712147
0 0.823560 0.696993 0.941212 0.712147
0 0.352954 0.712147 0.469380 0.727297
0 0.470606 0.712147 0.587032 0.727297
0 0.588257 0.712147 0.704683 0.727297
0 0.705909 0.712147 0.822335 0.727297
0 0.823560 0.712147 0.941212 0.727297
0 0.352954 0.727297 0.469380 0.742448
0 0.470606 0.727297 0.587032 0.742448
0 0.588257 0.727297 0.704683 0.742448
0 0.705909 0.727297 0.822335 0.742448
0 0.823560 0.727297 0.941212 0.742448
0 0.352954 0.742448 0.469380 0.757599
0 0.470606 0.742448 0.587032 0.757599
0 0.588257 0.742448 0.704683 0.757599
0 0.705909 0.742448 0.822335 0.757599
0 0.823560 0.742448 0.941212 0.757599
0 0.352954 0.757599 0.469380 0.848512
0 0.470606 0.757599 0.587032 0.848512
0 0.588257 0.757599 0.704683 0.848512
0 0.705909 0.833360 0.822335 0.848512
0 0.823560 0.833360 0.941212 0.848512
0 0.352954 0.863664 0.469380 0.878817
0 0.470606 0.863664 0.587032 0.878817
0 0.588257 0.863664 0.704683 0.878817
0 0.705909 0.863664 0.822335 0.878817
0 0.823560 0.863664 0.941212 0.878817
0 0.352954 0.909121 0.469380 0.924274
0 0.470606 0.909121 0.587032 0.924274
0 0.588257 0.909121 0.704683 0.924274
0 0.705909 0.909121 0.822335 0.924274
0 0.823560 0.909121 0.941212 0.924274
