0 0.823562 0.075762 0.941213 0.090913
0 0.670615 0.090913 0.787041 0.106064
0 0.670615 0.106064 0.787041 0.121215
0 0.677151 0.121218 0.781730 0.136369
0 0.823562 0.121218 0.941213 0.136369
0 0.670615 0.136369 0.787041 0.151520
0 0.670615 0.151524 0.787041 0.166675
0 0.670615 0.166675 0.787041 0.181826
0 0.670615 0.181826 0.787041 0.196976
0 0.823562 0.196976 0.941213 0.212127
0 0.767024 0.214655 0.780096 0.224757
0 0.823562 0.212131 0.941213 0.227282
0 0.823562 0.227282 0.941213 0.242433
0 0.823562 0.242433 0.941213 0.257584
0 0.564728 0.257587 0.681154 0.272738
0 0.823562 0.257587 0.941213 0.272738
0 0.823562 0.287889 0.941213 0.303040
0 0.823562 0.303044 0.941213 0.318195
0 0.823562 0.318195 0.941213 0.333346
0 0.823562 0.333346 0.941213 0.348496
0 0.705910 0.409107 0.820294 0.424258
0 0.823562 0.409107 0.941213 0.424258
0 0.705910 0.439413 0.820294 0.454564
0 0.823562 0.439413 0.941213 0.454564
0 0.705910 0.469715 0.820294 0.484866
0 0.823562 0.469715 0.941213 0.484866
0 0.705910 0.484869 0.820294 0.500020
0 0.823562 0.484869 0.941213 0.500020
0 0.705910 0.500020 0.820294 0.515171
0 0.823562 0.500020 0.941213 0.515171
0 0.705910 0.515171 0.820294 0.530322
0 0.823562 0.515171 0.941213 0.530322
0 0.705910 0.530326 0.820294 0.545477
0 0.823562 0.530326 0.941213 0.545477
0 0.705910 0.560627 0.820294 0.575778
0 0.823562 0.560627 0.941213 0.575778
0 0.705910 0.575782 0.820294 0.590933
0 0.823562 0.575782 0.941213 0.590933
0 0.811797 0.608608 0.824869 0.618709
0 0.882388 0.608608 0.895460 0.618709
0 0.823562 0.636389 0.941213 0.651540
0 0.823562 0.651540 0.941213 0.666691
0 0.823562 0.666695 0.941213 0.681846
0 0.823562 0.681846 0.941213 0.696997
0 0.769965 0.714675 0.783037 0.724777
0 0.670615 0.727302 0.787041 0.742453
0 0.670615 0.742453 0.787041 0.757604
0 0.670615 0.757608 0.787041 0.772758
0 0.670615 0.772758 0.787041 0.787909
0 0.823562 0.787909 0.941213 0.803060
0 0.670615 0.803064 0.787041 0.818215
0 0.670615 0.818215 0.787041 0.833366
0 0.670615 0.833366 0.787041 0.848517
0 0.670615 0.848520 0.787041 0.863671
0 0.823562 0.863671 0.941213 0.878822
0 0.823562 0.878822 0.941213 0.893973
0 0.823562 0.893977 0.941213 0.909128
0 0.823562 0.909128 0.941213 0.924279
