0 0.058826 0.073234 0.728215 0.090913
0 0.729440 0.073234 0.941213 0.090913
0 0.228767 0.093437 0.241840 0.103538
0 0.381714 0.093437 0.394787 0.103538
0 0.487601 0.093437 0.500673 0.103538
0 0.664078 0.093437 0.677151 0.103538
0 0.793495 0.093437 0.806568 0.103538
0 0.228767 0.108588 0.241840 0.118689
0 0.381714 0.108588 0.394787 0.118689
0 0.058826 0.133845 0.728215 0.151524
0 0.729440 0.133845 0.941213 0.151524
0 0.470607 0.227282 0.587033 0.242433
0 0.588258 0.227282 0.704684 0.242433
0 0.705910 0.227282 0.822336 0.242433
0 0.823562 0.227282 0.941213 0.242433
0 0.470607 0.242433 0.587033 0.257584
0 0.588258 0.242433 0.704684 0.257584
0 0.705910 0.242433 0.822336 0.257584
0 0.823562 0.242433 0.941213 0.257584
0 0.470607 0.257584 0.587033 0.272735
0 0.588258 0.257584 0.704684 0.272735
0 0.705910 0.257584 0.822336 0.272735
0 0.823562 0.257584 0.941213 0.272735
0 0.470607 0.272735 0.587033 0.287885
0 0.588258 0.272735 0.704684 0.287885
0 0.705910 0.272735 0.822336 0.287885
0 0.823562 0.272735 0.941213 0.287885
0 0.470607 0.287885 0.587033 0.303036
0 0.588258 0.287885 0.704684 0.303036
0 0.705910 0.287885 0.822336 0.303036
0 0.823562 0.287885 0.941213 0.303036
0 0.470607 0.303036 0.587033 0.318187
0 0.588258 0.303036 0.704684 0.318187
0 0.705910 0.303036 0.822336 0.318187
0 0.823562 0.303036 0.941213 0.318187
0 0.470607 0.318187 0.587033 0.333338
0 0.588258 0.318187 0.704684 0.333338
0 0.705910 0.318187 0.822336 0.333338
0 0.823562 0.318187 0.941213 0.333338
0 0.470607 0.333338 0.587033 0.348489
0 0.588258 0.333338 0.704684 0.348489
0 0.705910 0.333338 0.822336 0.348489
0 0.823562 0.333338 0.941213 0.348489
0 0.470607 0.348489 0.587033 0.363640
0 0.588258 0.348489 0.704684 0.363640
0 0.705910 0.348489 0.822336 0.363640
0 0.823562 0.348489 0.941213 0.363640
0 0.470607 0.363640 0.587033 0.378791
0 0.588258 0.363640 0.704684 0.378791
0 0.705910 0.363640 0.822336 0.378791
0 0.823562 0.363640 0.941213 0.378791
0 0.470607 0.378791 0.587033 0.393941
0 0.588258 0.378791 0.704684 0.393941
0 0.705910 0.378791 0.822336 0.393941
0 0.823562 0.378791 0.941213 0.393941
0 0.470607 0.409094 0.587033 0.424247
0 0.588258 0.409094 0.704684 0.424247
0 0.705910 0.409094 0.822336 0.424247
0 0.823562 0.409094 0.941213 0.424247
0 0.470607 0.424247 0.587033 0.439398
0 0.588258 0.424247 0.704684 0.439398
0 0.705910 0.424247 0.822336 0.439398
0 0.823562 0.424247 0.941213 0.439398
0 0.470607 0.439398 0.587033 0.454549
0 0.588258 0.439398 0.704684 0.454549
0 0.705910 0.439398 0.822336 0.454549
0 0.823562 0.439398 0.941213 0.454549
0 0.470607 0.454549 0.587033 0.469700
0 0.588258 0.454549 0.704684 0.469700
0 0.705910 0.454549 0.822336 0.469700
0 0.823562 0.454549 0.941213 0.469700
0 0.470607 0.469700 0.587033 0.484850
0 0.588258 0.469700 0.704684 0.484850
0 0.705910 0.469700 0.822336 0.484850
0 0.823562 0.469700 0.941213 0.484850
0 0.470607 0.484850 0.587033 0.500001
0 0.588258 0.484850 0.704684 0.500001
0 0.705910 0.484850 0.822336 0.500001
0 0.823562 0.484850 0.941213 0.500001
0 0.470607 0.500001 0.587033 0.515152
0 0.588258 0.500001 0.704684 0.515152
0 0.705910 0.500001 0.822336 0.515152
0 0.823562 0.500001 0.941213 0.515152
0 0.470607 0.515152 0.587033 0.530303
0 0.588258 0.515152 0.704684 0.530303
0 0.705910 0.515152 0.822336 0.530303
0 0.823562 0.515152 0.941213 0.530303
0 0.470607 0.530303 0.587033 0.545454
0 0.588258 0.530303 0.704684 0.545454
0 0.705910 0.530303 0.822336 0.545454
0 0.823562 0.530303 0.941213 0.545454
0 0.470607 0.545454 0.587033 0.560605
0 0.588258 0.545454 0.704684 0.560605
0 0.705910 0.545454 0.822336 0.560605
0 0.823562 0.545454 0.941213 0.560605
0 0.470607 0.560605 0.587033 0.575756
0 0.588258 0.560605 0.704684 0.575756
0 0.705910 0.560605 0.822336 0.575756
0 0.823562 0.560605 0.941213 0.575756
0 0.470607 0.606060 0.587033 0.621212
0 0.588258 0.606060 0.704684 0.621212
0 0.705910 0.606060 0.822336 0.621212
0 0.823562 0.606060 0.941213 0.621212
0 0.470607 0.636364 0.587033 0.651517
0 0.588258 0.636364 0.704684 0.651517
0 0.705910 0.636364 0.822336 0.651517
0 0.823562 0.636364 0.941213 0.651517
0 0.470607 0.681822 0.587033 0.696974
0 0.588258 0.681822 0.704684 0.696974
0 0.705910 0.681822 0.822336 0.696974
0 0.823562 0.681822 0.941213 0.696974
0 0.470607 0.727278 0.587033 0.742430
0 0.588258 0.727278 0.704684 0.742430
0 0.705910 0.727278 0.822336 0.742430
0 0.823562 0.727278 0.941213 0.742430
0 0.470607 0.742430 0.587033 0.757581
0 0.588258 0.742430 0.704684 0.757581
0 0.705910 0.742430 0.822336 0.757581
0 0.823562 0.742430 0.941213 0.757581
0 0.470607 0.757581 0.587033 0.772732
0 0.588258 0.757581 0.704684 0.772732
0 0.705910 0.757581 0.822336 0.772732
0 0.823562 0.757581 0.941213 0.772732
0 0.470607 0.772732 0.587033 0.787883
0 0.588258 0.772732 0.704684 0.787883
0 0.705910 0.772732 0.822336 0.787883
0 0.823562 0.772732 0.941213 0.787883
0 0.470607 0.787883 0.587033 0.803034
0 0.588258 0.787883 0.704684 0.803034
0 0.705910 0.787883 0.822336 0.803034
0 0.823562 0.787883 0.941213 0.803034
0 0.470607 0.803034 0.587033 0.818185
0 0.588258 0.803034 0.704684 0.818185
0 0.705910 0.803034 0.822336 0.818185
0 0.823562 0.803034 0.941213 0.818185
0 0.470607 0.818185 0.587033 0.833335
0 0.588258 0.818185 0.704684 0.833335
0 0.705910 0.818185 0.822336 0.833335
0 0.823562 0.818185 0.941213 0.833335
0 0.470607 0.833335 0.587033 0.848486
0 0.588258 0.833335 0.704684 0.848486
0 0.705910 0.833335 0.822336 0.848486
0 0.823562 0.833335 0.941213 0.848486
0 0.470607 0.848486 0.587033 0.863637
0 0.588258 0.848486 0.704684 0.863637
0 0.705910 0.848486 0.822336 0.863637
0 0.823562 0.848486 0.941213 0.863637
0 0.470607 0.878789 0.587033 0.893943
0 0.588258 0.878789 0.704684 0.893943
0 0.705910 0.878789 0.822336 0.893943
0 0.823562 0.878789 0.941213 0.893943
0 0.470607 0.893943 0.587033 0.909094
0 0.588258 0.893943 0.704684 0.909094
0 0.705910 0.893943 0.822336 0.909094
0 0.823562 0.893943 0.941213 0.909094
0 0.470607 0.909094 0.587033 0.924244
0 0.588258 0.909094 0.704684 0.924244
0 0.705910 0.909094 0.822336 0.924244
0 0.823562 0.909094 0.941213 0.924244
0 0.470607 0.924244 0.587033 0.939395
0 0.588258 0.924244 0.704684 0.939395
0 0.705910 0.924244 0.822336 0.939395
0 0.823562 0.924244 0.941213 0.939395
