0 0.045455 0.153593 0.744508 0.176471
0 0.745455 0.153593 0.954545 0.176471
0 0.527273 0.181373 0.572727 0.200980
0 0.590909 0.181373 0.636364 0.200980
0 0.939394 0.245507 0.952020 0.261846
0 0.060606 0.382350 0.089962 0.401959
0 0.091856 0.362742 0.189962 0.382348
0 0.093434 0.382348 0.106566 0.401954
0 0.111616 0.382348 0.124747 0.401954
0 0.129798 0.382348 0.142929 0.401954
0 0.147980 0.382348 0.188384 0.401954
0 0.191856 0.362742 0.289962 0.382348
0 0.193434 0.382348 0.206566 0.401954
0 0.211616 0.382348 0.224747 0.401954
0 0.229798 0.382348 0.242929 0.401954
0 0.247980 0.382348 0.288384 0.401954
0 0.291856 0.362742 0.389962 0.382348
0 0.293434 0.382348 0.306566 0.401954
0 0.311616 0.382348 0.324747 0.401954
0 0.329798 0.382348 0.342929 0.401954
0 0.347980 0.382348 0.388384 0.401954
0 0.391856 0.382350 0.480871 0.401959
0 0.482765 0.362742 0.580871 0.382348
0 0.484343 0.382348 0.497475 0.401954
0 0.502525 0.382348 0.515657 0.401954
0 0.520707 0.382348 0.533838 0.401954
0 0.538889 0.382348 0.579293 0.401954
0 0.587879 0.372546 0.603030 0.392154
0 0.615152 0.372546 0.630303 0.392154
0 0.637311 0.382350 0.656061 0.401959
0 0.663636 0.382350 0.717235 0.401959
0 0.728788 0.372546 0.743939 0.392154
0 0.755492 0.382350 0.789962 0.401959
0 0.791856 0.382350 0.835417 0.401959
0 0.837311 0.382350 0.871780 0.401959
0 0.872727 0.382350 0.954545 0.401959
0 0.060606 0.421567 0.089962 0.441176
0 0.091856 0.401959 0.189962 0.421565
0 0.093434 0.421570 0.106566 0.441176
0 0.111616 0.421570 0.124747 0.441176
0 0.129798 0.421570 0.142929 0.441176
0 0.147980 0.421570 0.188384 0.441176
0 0.191856 0.401959 0.289962 0.421565
0 0.193434 0.421570 0.206566 0.441176
0 0.211616 0.421570 0.224747 0.441176
0 0.229798 0.421570 0.242929 0.441176
0 0.247980 0.421570 0.288384 0.441176
0 0.291856 0.401959 0.389962 0.421565
0 0.293434 0.421570 0.306566 0.441176
0 0.311616 0.421570 0.324747 0.441176
0 0.329798 0.421570 0.342929 0.441176
0 0.347980 0.421570 0.388384 0.441176
0 0.391856 0.421567 0.480871 0.441176
0 0.482765 0.401959 0.580871 0.421565
0 0.484343 0.421570 0.497475 0.441176
0 0.502525 0.421570 0.515657 0.441176
0 0.520707 0.421570 0.533838 0.441176
0 0.538889 0.421570 0.579293 0.441176
0 0.587879 0.411763 0.603030 0.431371
0 0.615152 0.411763 0.630303 0.431371
0 0.637311 0.421567 0.656061 0.441176
0 0.663636 0.421567 0.717235 0.441176
0 0.728788 0.411763 0.743939 0.431371
0 0.755492 0.421567 0.789962 0.441176
0 0.791856 0.421567 0.835417 0.441176
0 0.837311 0.421567 0.871780 0.441176
0 0.872727 0.421567 0.954545 0.441176
0 0.060606 0.460784 0.089962 0.480394
0 0.091856 0.441176 0.189962 0.460783
0 0.093434 0.460783 0.106566 0.480389
0 0.111616 0.460783 0.124747 0.480389
0 0.129798 0.460783 0.142929 0.480389
0 0.147980 0.460783 0.188384 0.480389
0 0.191856 0.441176 0.289962 0.460783
0 0.193434 0.460783 0.206566 0.480389
0 0.211616 0.460783 0.224747 0.480389
0 0.229798 0.460783 0.242929 0.480389
0 0.247980 0.460783 0.288384 0.480389
0 0.291856 0.441176 0.389962 0.460783
0 0.293434 0.460783 0.306566 0.480389
0 0.311616 0.460783 0.324747 0.480389
0 0.329798 0.460783 0.342929 0.480389
0 0.347980 0.460783 0.388384 0.480389
0 0.391856 0.460784 0.480871 0.480394
0 0.482765 0.441176 0.580871 0.460783
0 0.484343 0.460783 0.497475 0.480389
0 0.502525 0.460783 0.515657 0.480389
0 0.520707 0.460783 0.533838 0.480389
0 0.538889 0.460783 0.579293 0.480389
0 0.587879 0.450980 0.603030 0.470588
0 0.615152 0.450980 0.630303 0.470588
0 0.637311 0.460784 0.656061 0.480394
0 0.663636 0.460784 0.717235 0.480394
0 0.728788 0.450980 0.743939 0.470588
0 0.755492 0.460784 0.789962 0.480394
0 0.791856 0.460784 0.835417 0.480394
0 0.837311 0.460784 0.871780 0.480394
0 0.872727 0.460784 0.954545 0.480394
0 0.060606 0.500002 0.089962 0.519611
0 0.091856 0.480394 0.189962 0.500000
0 0.093434 0.500000 0.106566 0.519606
0 0.111616 0.500000 0.124747 0.519606
0 0.129798 0.500000 0.142929 0.519606
0 0.147980 0.500000 0.188384 0.519606
0 0.191856 0.480394 0.289962 0.500000
0 0.193434 0.500000 0.206566 0.519606
0 0.211616 0.500000 0.224747 0.519606
0 0.229798 0.500000 0.242929 0.519606
0 0.247980 0.500000 0.288384 0.519606
0 0.291856 0.480394 0.389962 0.500000
0 0.293434 0.500000 0.306566 0.519606
0 0.311616 0.500000 0.324747 0.519606
0 0.329798 0.500000 0.342929 0.519606
0 0.347980 0.500000 0.388384 0.519606
0 0.391856 0.500002 0.480871 0.519611
0 0.482765 0.480394 0.580871 0.500000
0 0.484343 0.500000 0.497475 0.519606
0 0.502525 0.500000 0.515657 0.519606
0 0.520707 0.500000 0.533838 0.519606
0 0.538889 0.500000 0.579293 0.519606
0 0.587879 0.490198 0.603030 0.509806
0 0.615152 0.490198 0.630303 0.509806
0 0.637311 0.500002 0.656061 0.519611
0 0.663636 0.500002 0.717235 0.519611
0 0.728788 0.490198 0.743939 0.509806
0 0.755492 0.500002 0.789962 0.519611
0 0.791856 0.500002 0.835417 0.519611
0 0.837311 0.500002 0.871780 0.519611
0 0.872727 0.500002 0.954545 0.519611
0 0.060606 0.539219 0.089962 0.558828
0 0.091856 0.519611 0.189962 0.539217
0 0.093434 0.539222 0.106566 0.558828
0 0.111616 0.539222 0.124747 0.558828
0 0.129798 0.539222 0.142929 0.558828
0 0.147980 0.539222 0.188384 0.558828
0 0.191856 0.519611 0.289962 0.539217
0 0.193434 0.539222 0.206566 0.558828
0 0.211616 0.539222 0.224747 0.558828
0 0.229798 0.539222 0.242929 0.558828
0 0.247980 0.539222 0.288384 0.558828
0 0.291856 0.519611 0.389962 0.539217
0 0.293434 0.539222 0.306566 0.558828
0 0.311616 0.539222 0.324747 0.558828
0 0.329798 0.539222 0.342929 0.558828
0 0.347980 0.539222 0.388384 0.558828
0 0.391856 0.539219 0.480871 0.558828
0 0.482765 0.519611 0.580871 0.539217
0 0.484343 0.539222 0.497475 0.558828
0 0.502525 0.539222 0.515657 0.558828
0 0.520707 0.539222 0.533838 0.558828
0 0.538889 0.539222 0.579293 0.558828
0 0.587879 0.529415 0.603030 0.549023
0 0.615152 0.529415 0.630303 0.549023
0 0.637311 0.539219 0.656061 0.558828
0 0.663636 0.539219 0.717235 0.558828
0 0.728788 0.529415 0.743939 0.549023
0 0.755492 0.539219 0.789962 0.558828
0 0.791856 0.539219 0.835417 0.558828
0 0.837311 0.539219 0.871780 0.558828
0 0.872727 0.539219 0.954545 0.558828
0 0.060606 0.578436 0.089962 0.598046
0 0.091856 0.558828 0.189962 0.578435
0 0.093434 0.578435 0.106566 0.598041
0 0.111616 0.578435 0.124747 0.598041
0 0.129798 0.578435 0.142929 0.598041
0 0.147980 0.578435 0.188384 0.598041
0 0.191856 0.558828 0.289962 0.578435
0 0.193434 0.578435 0.206566 0.598041
0 0.211616 0.578435 0.224747 0.598041
0 0.229798 0.578435 0.242929 0.598041
0 0.247980 0.578435 0.288384 0.598041
0 0.291856 0.558828 0.389962 0.578435
0 0.293434 0.578435 0.306566 0.598041
0 0.311616 0.578435 0.324747 0.598041
0 0.329798 0.578435 0.342929 0.598041
0 0.347980 0.578435 0.388384 0.598041
0 0.391856 0.578436 0.480871 0.598046
0 0.482765 0.558828 0.580871 0.578435
0 0.484343 0.578435 0.497475 0.598041
0 0.502525 0.578435 0.515657 0.598041
0 0.520707 0.578435 0.533838 0.598041
0 0.538889 0.578435 0.579293 0.598041
0 0.587879 0.568632 0.603030 0.588240
0 0.615152 0.568632 0.630303 0.588240
0 0.637311 0.578436 0.656061 0.598046
0 0.663636 0.578436 0.717235 0.598046
0 0.728788 0.568632 0.743939 0.588240
0 0.755492 0.578436 0.789962 0.598046
0 0.791856 0.578436 0.835417 0.598046
0 0.837311 0.578436 0.871780 0.598046
0 0.872727 0.578436 0.954545 0.598046
0 0.060606 0.617654 0.089962 0.637263
0 0.091856 0.598046 0.189962 0.617652
0 0.093434 0.617652 0.106566 0.637258
0 0.111616 0.617652 0.124747 0.637258
0 0.129798 0.617652 0.142929 0.637258
0 0.147980 0.617652 0.188384 0.637258
0 0.191856 0.598046 0.289962 0.617652
0 0.193434 0.617652 0.206566 0.637258
0 0.211616 0.617652 0.224747 0.637258
0 0.229798 0.617652 0.242929 0.637258
0 0.247980 0.617652 0.288384 0.637258
0 0.291856 0.598046 0.389962 0.617652
0 0.293434 0.617652 0.306566 0.637258
0 0.311616 0.617652 0.324747 0.637258
0 0.329798 0.617652 0.342929 0.637258
0 0.347980 0.617652 0.388384 0.637258
0 0.391856 0.617654 0.480871 0.637263
0 0.482765 0.598046 0.580871 0.617652
0 0.484343 0.617652 0.497475 0.637258
0 0.502525 0.617652 0.515657 0.637258
0 0.520707 0.617652 0.533838 0.637258
0 0.538889 0.617652 0.579293 0.637258
0 0.587879 0.607850 0.603030 0.627458
0 0.615152 0.607850 0.630303 0.627458
0 0.637311 0.617654 0.656061 0.637263
0 0.663636 0.617654 0.717235 0.637263
0 0.728788 0.607850 0.743939 0.627458
0 0.755492 0.617654 0.789962 0.637263
0 0.791856 0.617654 0.835417 0.637263
0 0.837311 0.617654 0.871780 0.637263
0 0.872727 0.617654 0.954545 0.637263
0 0.060606 0.656871 0.089962 0.676480
0 0.091856 0.637263 0.189962 0.656869
0 0.093434 0.656874 0.106566 0.676480
0 0.111616 0.656874 0.124747 0.676480
0 0.129798 0.656874 0.142929 0.676480
0 0.147980 0.656874 0.188384 0.676480
0 0.191856 0.637263 0.289962 0.656869
0 0.193434 0.656874 0.206566 0.676480
0 0.211616 0.656874 0.224747 0.676480
0 0.229798 0.656874 0.242929 0.676480
0 0.247980 0.656874 0.288384 0.676480
0 0.291856 0.637263 0.389962 0.656869
0 0.293434 0.656874 0.306566 0.676480
0 0.311616 0.656874 0.324747 0.676480
0 0.329798 0.656874 0.342929 0.676480
0 0.347980 0.656874 0.388384 0.676480
0 0.391856 0.656871 0.480871 0.676480
0 0.482765 0.637263 0.580871 0.656869
0 0.484343 0.656874 0.497475 0.676480
0 0.502525 0.656874 0.515657 0.676480
0 0.520707 0.656874 0.533838 0.676480
0 0.538889 0.656874 0.579293 0.676480
0 0.587879 0.647067 0.603030 0.666675
0 0.615152 0.647067 0.630303 0.666675
0 0.637311 0.656871 0.656061 0.676480
0 0.663636 0.656871 0.717235 0.676480
0 0.728788 0.647067 0.743939 0.666675
0 0.755492 0.656871 0.789962 0.676480
0 0.791856 0.656871 0.835417 0.676480
0 0.837311 0.656871 0.871780 0.676480
0 0.872727 0.656871 0.954545 0.676480
0 0.060606 0.696088 0.089962 0.715698
0 0.091856 0.676480 0.189962 0.696087
0 0.093434 0.696087 0.106566 0.715693
0 0.111616 0.696087 0.124747 0.715693
0 0.129798 0.696087 0.142929 0.715693
0 0.147980 0.696087 0.188384 0.715693
0 0.191856 0.676480 0.289962 0.696087
0 0.193434 0.696087 0.206566 0.715693
0 0.211616 0.696087 0.224747 0.715693
0 0.229798 0.696087 0.242929 0.715693
0 0.247980 0.696087 0.288384 0.715693
0 0.291856 0.676480 0.389962 0.696087
0 0.293434 0.696087 0.306566 0.715693
0 0.311616 0.696087 0.324747 0.715693
0 0.329798 0.696087 0.342929 0.715693
0 0.347980 0.696087 0.388384 0.715693
0 0.391856 0.696088 0.480871 0.715698
0 0.482765 0.676480 0.580871 0.696087
0 0.484343 0.696087 0.497475 0.715693
0 0.502525 0.696087 0.515657 0.715693
0 0.520707 0.696087 0.533838 0.715693
0 0.538889 0.696087 0.579293 0.715693
0 0.587879 0.686284 0.603030 0.705892
0 0.615152 0.686284 0.630303 0.705892
0 0.637311 0.696088 0.656061 0.715698
0 0.663636 0.696088 0.717235 0.715698
0 0.728788 0.686284 0.743939 0.705892
0 0.755492 0.696088 0.789962 0.715698
0 0.791856 0.696088 0.835417 0.715698
0 0.837311 0.696088 0.871780 0.715698
0 0.872727 0.696088 0.954545 0.715698
0 0.060606 0.735306 0.089962 0.754915
0 0.091856 0.715698 0.189962 0.735304
0 0.093434 0.735304 0.106566 0.754910
0 0.111616 0.735304 0.124747 0.754910
0 0.129798 0.735304 0.142929 0.754910
0 0.147980 0.735304 0.188384 0.754910
0 0.191856 0.715698 0.289962 0.735304
0 0.193434 0.735304 0.206566 0.754910
0 0.211616 0.735304 0.224747 0.754910
0 0.229798 0.735304 0.242929 0.754910
0 0.247980 0.735304 0.288384 0.754910
0 0.291856 0.715698 0.389962 0.735304
0 0.293434 0.735304 0.306566 0.754910
0 0.311616 0.735304 0.324747 0.754910
0 0.329798 0.735304 0.342929 0.754910
0 0.347980 0.735304 0.388384 0.754910
0 0.391856 0.735306 0.480871 0.754915
0 0.482765 0.715698 0.580871 0.735304
0 0.484343 0.735304 0.497475 0.754910
0 0.502525 0.735304 0.515657 0.754910
0 0.520707 0.735304 0.533838 0.754910
0 0.538889 0.735304 0.579293 0.754910
0 0.587879 0.725502 0.603030 0.745110
0 0.615152 0.725502 0.630303 0.745110
0 0.637311 0.735306 0.656061 0.754915
0 0.663636 0.735306 0.717235 0.754915
0 0.728788 0.725502 0.743939 0.745110
0 0.755492 0.735306 0.789962 0.754915
0 0.791856 0.735306 0.835417 0.754915
0 0.837311 0.735306 0.871780 0.754915
0 0.872727 0.735306 0.954545 0.754915
0 0.060606 0.774523 0.089962 0.794132
0 0.091856 0.754915 0.189962 0.774521
0 0.093434 0.774526 0.106566 0.794132
0 0.111616 0.774526 0.124747 0.794132
0 0.129798 0.774526 0.142929 0.794132
0 0.147980 0.774526 0.188384 0.794132
0 0.191856 0.754915 0.289962 0.774521
0 0.193434 0.774526 0.206566 0.794132
0 0.211616 0.774526 0.224747 0.794132
0 0.229798 0.774526 0.242929 0.794132
0 0.247980 0.774526 0.288384 0.794132
0 0.291856 0.754915 0.389962 0.774521
0 0.293434 0.774526 0.306566 0.794132
0 0.311616 0.774526 0.324747 0.794132
0 0.329798 0.774526 0.342929 0.794132
0 0.347980 0.774526 0.388384 0.794132
0 0.391856 0.774523 0.480871 0.794132
0 0.482765 0.754915 0.580871 0.774521
0 0.484343 0.774526 0.497475 0.794132
0 0.502525 0.774526 0.515657 0.794132
0 0.520707 0.774526 0.533838 0.794132
0 0.538889 0.774526 0.579293 0.794132
0 0.587879 0.764719 0.603030 0.784327
0 0.615152 0.764719 0.630303 0.784327
0 0.637311 0.774523 0.656061 0.794132
0 0.663636 0.774523 0.717235 0.794132
0 0.728788 0.764719 0.743939 0.784327
0 0.755492 0.774523 0.789962 0.794132
0 0.791856 0.774523 0.835417 0.794132
0 0.837311 0.774523 0.871780 0.794132
0 0.872727 0.774523 0.954545 0.794132
0 0.060606 0.813740 0.089962 0.833350
0 0.091856 0.794132 0.189962 0.813739
0 0.093434 0.813739 0.106566 0.833345
0 0.111616 0.813739 0.124747 0.833345
0 0.129798 0.813739 0.142929 0.833345
0 0.147980 0.813739 0.188384 0.833345
0 0.191856 0.794132 0.289962 0.813739
0 0.193434 0.813739 0.206566 0.833345
0 0.211616 0.813739 0.224747 0.833345
0 0.229798 0.813739 0.242929 0.833345
0 0.247980 0.813739 0.288384 0.833345
0 0.291856 0.794132 0.389962 0.813739
0 0.293434 0.813739 0.306566 0.833345
0 0.311616 0.813739 0.324747 0.833345
0 0.329798 0.813739 0.342929 0.833345
0 0.347980 0.813739 0.388384 0.833345
0 0.391856 0.813740 0.480871 0.833350
0 0.482765 0.794132 0.580871 0.813739
0 0.484343 0.813739 0.497475 0.833345
0 0.502525 0.813739 0.515657 0.833345
0 0.520707 0.813739 0.533838 0.833345
0 0.538889 0.813739 0.579293 0.833345
0 0.587879 0.803936 0.603030 0.823544
0 0.615152 0.803936 0.630303 0.823544
0 0.637311 0.813740 0.656061 0.833350
0 0.663636 0.813740 0.717235 0.833350
0 0.728788 0.803936 0.743939 0.823544
0 0.755492 0.813740 0.789962 0.833350
0 0.791856 0.813740 0.835417 0.833350
0 0.837311 0.813740 0.871780 0.833350
0 0.872727 0.813740 0.954545 0.833350
0 0.060606 0.852958 0.089962 0.872567
0 0.091856 0.833350 0.189962 0.852956
0 0.093434 0.852956 0.106566 0.872562
0 0.111616 0.852956 0.124747 0.872562
0 0.129798 0.852956 0.142929 0.872562
0 0.147980 0.852956 0.188384 0.872562
0 0.191856 0.833350 0.289962 0.852956
0 0.193434 0.852956 0.206566 0.872562
0 0.211616 0.852956 0.224747 0.872562
0 0.229798 0.852956 0.242929 0.872562
0 0.247980 0.852956 0.288384 0.872562
0 0.291856 0.833350 0.389962 0.852956
0 0.293434 0.852956 0.306566 0.872562
0 0.311616 0.852956 0.324747 0.872562
0 0.329798 0.852956 0.342929 0.872562
0 0.347980 0.852956 0.388384 0.872562
0 0.391856 0.852958 0.480871 0.872567
0 0.482765 0.833350 0.580871 0.852956
0 0.484343 0.852956 0.497475 0.872562
0 0.502525 0.852956 0.515657 0.872562
0 0.520707 0.852956 0.533838 0.872562
0 0.538889 0.852956 0.579293 0.872562
0 0.587879 0.843154 0.603030 0.862761
0 0.615152 0.843154 0.630303 0.862761
0 0.637311 0.852958 0.656061 0.872567
0 0.663636 0.852958 0.717235 0.872567
0 0.728788 0.843154 0.743939 0.862761
0 0.755492 0.852958 0.789962 0.872567
0 0.791856 0.852958 0.835417 0.872567
0 0.837311 0.852958 0.871780 0.872567
0 0.872727 0.852958 0.954545 0.872567
0 0.060606 0.892175 0.089962 0.911784
0 0.091856 0.872567 0.189962 0.892173
0 0.093434 0.892178 0.106566 0.911784
0 0.111616 0.892178 0.124747 0.911784
0 0.129798 0.892178 0.142929 0.911784
0 0.147980 0.892178 0.188384 0.911784
0 0.191856 0.872567 0.289962 0.892173
0 0.193434 0.892178 0.206566 0.911784
0 0.211616 0.892178 0.224747 0.911784
0 0.229798 0.892178 0.242929 0.911784
0 0.247980 0.892178 0.288384 0.911784
0 0.291856 0.872567 0.389962 0.892173
0 0.293434 0.892178 0.306566 0.911784
0 0.311616 0.892178 0.324747 0.911784
0 0.329798 0.892178 0.342929 0.911784
0 0.347980 0.892178 0.388384 0.911784
0 0.391856 0.892175 0.480871 0.911784
0 0.482765 0.872567 0.580871 0.892173
0 0.484343 0.892178 0.497475 0.911784
0 0.502525 0.892178 0.515657 0.911784
0 0.520707 0.892178 0.533838 0.911784
0 0.538889 0.892178 0.579293 0.911784
0 0.587879 0.882371 0.603030 0.901979
0 0.615152 0.882371 0.630303 0.901979
0 0.637311 0.892175 0.656061 0.911784
0 0.663636 0.892175 0.717235 0.911784
0 0.728788 0.882371 0.743939 0.901979
0 0.755492 0.892175 0.789962 0.911784
0 0.791856 0.892175 0.835417 0.911784
0 0.837311 0.892175 0.871780 0.911784
0 0.872727 0.892175 0.954545 0.911784
