0 0.058826 0.118690 0.728215 0.136369
0 0.729440 0.118690 0.941213 0.136369
0 0.858857 0.152784 0.871930 0.162885
0 0.317659 0.164148 0.517667 0.179299
0 0.670615 0.181826 0.787041 0.196976
0 0.111115 0.229806 0.124188 0.239907
0 0.252297 0.229806 0.265370 0.239907
0 0.111115 0.244957 0.124188 0.255058
0 0.252297 0.244957 0.265370 0.255058
0 0.364720 0.242433 0.623554 0.257584
0 0.670615 0.257587 0.787041 0.272738
0 0.823562 0.272738 0.941213 0.287889
0 0.670615 0.287889 0.787041 0.303040
0 0.670615 0.303044 0.787041 0.318195
0 0.823562 0.318195 0.941213 0.333346
0 0.823562 0.333346 0.941213 0.348496
0 0.670615 0.348500 0.787041 0.363651
0 0.670615 0.363651 0.787041 0.378802
0 0.670615 0.393957 0.787041 0.409107
0 0.670615 0.409107 0.787041 0.424258
0 0.823562 0.424258 0.941213 0.439409
0 0.823562 0.484869 0.941213 0.500020
0 0.823562 0.500020 0.941213 0.515171
0 0.823562 0.515171 0.941213 0.530322
0 0.823562 0.545477 0.941213 0.560627
0 0.823562 0.560627 0.941213 0.575778
0 0.823562 0.575782 0.941213 0.590933
0 0.823562 0.590933 0.941213 0.606084
0 0.823562 0.621238 0.941213 0.636389
0 0.922912 0.669219 0.935984 0.679320
0 0.922912 0.698889 0.935984 0.708991
0 0.670615 0.727302 0.787041 0.742453
0 0.670615 0.742453 0.787041 0.757604
0 0.823562 0.757608 0.923239 0.772758
0 0.670615 0.787909 0.787041 0.803060
0 0.670615 0.803064 0.787041 0.818215
0 0.823562 0.818215 0.923239 0.833366
0 0.670615 0.848520 0.787041 0.863671
0 0.670615 0.863671 0.787041 0.878822
0 0.823562 0.878822 0.923239 0.893973
0 0.862452 0.910389 0.878793 0.923016
0 0.909513 0.910389 0.925853 0.923016
0 0.862452 0.936905 0.878793 0.949532
0 0.909513 0.936905 0.925853 0.949532
