0 0.880065 0.092173 0.896405 0.104799
0 0.915359 0.092173 0.931699 0.104799
0 0.705882 0.106059 0.858823 0.121210
0 0.880065 0.122475 0.896405 0.135101
0 0.915359 0.122475 0.931699 0.135101
0 0.880065 0.137625 0.896405 0.150251
0 0.915359 0.137625 0.931699 0.150251
0 0.880065 0.152775 0.896405 0.165401
0 0.915359 0.152775 0.931699 0.165401
0 0.880065 0.167929 0.896405 0.180556
0 0.915359 0.167929 0.931699 0.180556
0 0.705882 0.181818 0.858823 0.196968
0 0.880065 0.213383 0.896405 0.226009
0 0.915359 0.213383 0.931699 0.226009
0 0.811765 0.242423 0.941176 0.257573
0 0.811765 0.257577 0.941176 0.272727
0 0.647059 0.272727 0.775245 0.287878
0 0.647059 0.287878 0.775245 0.303028
0 0.811765 0.303032 0.941176 0.318182
0 0.811765 0.318182 0.941176 0.333332
0 0.811765 0.333332 0.941176 0.348482
0 0.647059 0.348486 0.775245 0.363636
0 0.811765 0.363636 0.941176 0.378787
0 0.811765 0.378787 0.941176 0.393937
0 0.811765 0.393941 0.941176 0.409091
0 0.647059 0.409091 0.775245 0.424241
0 0.647059 0.424241 0.775245 0.439391
0 0.811765 0.439395 0.941176 0.454545
0 0.509936 0.454545 0.764706 0.469696
0 0.811765 0.454545 0.941176 0.469696
0 0.811765 0.469696 0.941176 0.484846
0 0.811765 0.484850 0.941176 0.500000
0 0.811765 0.500000 0.941176 0.515150
0 0.511072 0.515150 0.764706 0.530300
0 0.811765 0.515150 0.941176 0.530300
0 0.511072 0.530304 0.764706 0.545455
0 0.811765 0.530304 0.941176 0.545455
0 0.811765 0.545455 0.941176 0.560605
0 0.811765 0.560605 0.941176 0.575755
0 0.811765 0.575759 0.941176 0.590909
0 0.509324 0.590909 0.764706 0.606059
0 0.811765 0.590909 0.941176 0.606059
0 0.509324 0.606059 0.764706 0.621210
0 0.811765 0.606059 0.941176 0.621210
0 0.811765 0.621213 0.941176 0.636364
0 0.508755 0.636364 0.764706 0.651514
0 0.811765 0.636364 0.941176 0.651514
0 0.751634 0.684342 0.764706 0.694443
0 0.811765 0.696968 0.941176 0.712119
0 0.811765 0.712122 0.941176 0.727273
0 0.811765 0.727273 0.941176 0.742423
0 0.811765 0.742423 0.941176 0.757573
0 0.811765 0.757577 0.941176 0.772727
0 0.811765 0.772727 0.941176 0.787878
0 0.811765 0.787878 0.941176 0.803028
0 0.811765 0.803032 0.941176 0.818182
0 0.811765 0.818182 0.941176 0.833332
0 0.811765 0.833332 0.941176 0.848482
0 0.811765 0.848486 0.941176 0.863636
0 0.811765 0.863636 0.941176 0.878787
