0 0.463732 0.060607 0.552963 0.075758
0 0.651177 0.060607 0.729440 0.075758
0 0.752971 0.060607 0.788266 0.075758
0 0.107521 0.103540 0.655581 0.121218
0 0.107521 0.133845 0.655581 0.151524
0 0.107521 0.164147 0.655581 0.181826
0 0.658849 0.103540 0.941213 0.121218
0 0.669961 0.138893 0.683033 0.148995
0 0.669961 0.154044 0.683033 0.164146
0 0.669961 0.169199 0.683033 0.179300
0 0.823562 0.123742 0.836634 0.133844
0 0.823562 0.138893 0.836634 0.148995
0 0.823562 0.154044 0.836634 0.164146
0 0.823562 0.169199 0.836634 0.179300
0 0.229421 0.181826 0.494137 0.196976
0 0.211773 0.212131 0.494137 0.227282
0 0.193472 0.227282 0.494137 0.242433
0 0.235303 0.257587 0.494137 0.272738
0 0.082356 0.272738 0.494137 0.287889
0 0.082356 0.287889 0.494137 0.303040
0 0.340536 0.303044 0.494137 0.318195
0 0.082356 0.318195 0.494137 0.333346
0 0.082356 0.333346 0.494137 0.348496
0 0.482537 0.363714 0.495609 0.373816
0 0.637280 0.212131 0.941213 0.227282
0 0.591526 0.227282 0.941213 0.242433
0 0.604599 0.242433 0.941213 0.257584
0 0.529433 0.257587 0.941213 0.272738
0 0.529433 0.272738 0.941213 0.287889
0 0.733689 0.303044 0.941213 0.318195
0 0.651986 0.318195 0.941213 0.333346
0 0.660157 0.333346 0.941213 0.348496
0 0.741206 0.351971 0.754278 0.362073
0 0.835327 0.351971 0.848399 0.362073
0 0.554597 0.366178 0.567669 0.376279
0 0.661400 0.363651 0.941213 0.378802
0 0.647084 0.393957 0.775276 0.409107
0 0.647084 0.409107 0.775276 0.424258
0 0.647084 0.424258 0.775276 0.439409
0 0.811797 0.439413 0.941213 0.454564
0 0.482372 0.454564 0.610563 0.469715
0 0.482372 0.469715 0.610563 0.484866
0 0.488908 0.484869 0.601984 0.500020
0 0.647084 0.500020 0.775276 0.515171
0 0.647084 0.515171 0.775276 0.530322
0 0.647084 0.530326 0.775276 0.545477
0 0.647084 0.545477 0.775276 0.560627
0 0.647084 0.560627 0.775276 0.575778
0 0.647084 0.590933 0.775276 0.606084
0 0.647084 0.606084 0.775276 0.621235
0 0.811797 0.621238 0.941213 0.636389
0 0.752971 0.640176 0.766043 0.650278
0 0.811797 0.636389 0.941213 0.651540
0 0.811797 0.651540 0.941213 0.666691
0 0.811797 0.666695 0.941213 0.681846
0 0.811797 0.696997 0.941213 0.712148
0 0.540127 0.712151 0.682380 0.727302
0 0.811797 0.712151 0.941213 0.727302
0 0.507536 0.757608 0.776501 0.772761
0 0.811143 0.773390 0.824215 0.783491
0 0.870622 0.773390 0.883695 0.783491
0 0.142816 0.803061 0.387025 0.818215
0 0.784998 0.794854 0.798070 0.804956
0 0.823562 0.801152 0.941213 0.818215
0 0.215727 0.818215 0.704684 0.833366
0 0.227256 0.833366 0.704684 0.848517
0 0.768004 0.818215 0.941213 0.833366
0 0.767747 0.833366 0.941213 0.848517
