0 0.058826 0.118690 0.728215 0.136369
0 0.729440 0.118690 0.941213 0.136369
0 0.400016 0.166675 0.504677 0.181826
0 0.400016 0.181826 0.504677 0.196976
0 0.400016 0.196976 0.504677 0.212127
0 0.282364 0.227282 0.388251 0.242433
0 0.105887 0.242433 0.388251 0.257584
0 0.105887 0.257587 0.388251 0.272738
0 0.400016 0.257587 0.504677 0.272738
0 0.294639 0.303044 0.388251 0.318195
0 0.294639 0.318195 0.388251 0.333346
0 0.294639 0.333346 0.388251 0.348496
0 0.211773 0.348500 0.388251 0.363651
0 0.105887 0.363651 0.388251 0.378802
0 0.400016 0.363651 0.504677 0.378802
0 0.400016 0.378802 0.504677 0.393953
0 0.718185 0.196976 0.811797 0.212127
0 0.682380 0.212131 0.811797 0.227282
0 0.564728 0.227282 0.811797 0.242433
0 0.564728 0.242433 0.811797 0.257584
0 0.823562 0.242433 0.941213 0.257584
0 0.718185 0.287889 0.811797 0.303040
0 0.718185 0.303044 0.811797 0.318195
0 0.670615 0.318195 0.811797 0.333346
0 0.564728 0.333346 0.811797 0.348496
0 0.564728 0.348500 0.811797 0.363651
0 0.823562 0.348500 0.941213 0.363651
0 0.823562 0.363651 0.941213 0.378802
0 0.823562 0.378802 0.941213 0.393953
0 0.400016 0.424258 0.504677 0.439409
0 0.400016 0.439413 0.504677 0.454564
0 0.282364 0.454564 0.388251 0.469715
0 0.105887 0.469715 0.388251 0.484866
0 0.105887 0.484869 0.388251 0.500020
0 0.105887 0.500020 0.388251 0.515171
0 0.400016 0.500020 0.504677 0.515171
0 0.400016 0.515171 0.504677 0.530322
0 0.823562 0.424258 0.941213 0.439409
0 0.823562 0.439413 0.941213 0.454564
0 0.823562 0.454564 0.941213 0.469715
0 0.717675 0.469715 0.811797 0.484866
0 0.564728 0.484869 0.811797 0.500020
0 0.823562 0.484869 0.941213 0.500020
0 0.823562 0.500020 0.941213 0.515171
0 0.823562 0.515171 0.941213 0.530322
