0 0.458841 0.075762 0.541198 0.090913
0 0.647084 0.075762 0.729440 0.090913
0 0.758853 0.075762 0.788266 0.090913
0 0.272233 0.118690 0.739980 0.136369
0 0.272233 0.148996 0.739980 0.166675
0 0.272233 0.179301 0.739980 0.196980
0 0.058826 0.136369 0.200008 0.151520
0 0.058826 0.181826 0.200008 0.196976
0 0.741206 0.118690 0.941213 0.136369
0 0.835327 0.181826 0.941213 0.196976
0 0.272233 0.199501 0.285305 0.209602
0 0.401650 0.199501 0.414722 0.209602
0 0.542832 0.199501 0.555904 0.209602
0 0.707544 0.199501 0.720616 0.209602
0 0.926915 0.214655 0.939988 0.224757
0 0.823562 0.242433 0.941213 0.257584
0 0.823562 0.257587 0.941213 0.272738
0 0.823562 0.272738 0.941213 0.287889
0 0.823562 0.287889 0.941213 0.303040
0 0.823562 0.318195 0.941213 0.333346
0 0.823562 0.333346 0.941213 0.348496
0 0.823562 0.348500 0.941213 0.363651
0 0.823562 0.363651 0.941213 0.378802
0 0.823562 0.378802 0.941213 0.393953
0 0.823562 0.393957 0.941213 0.409107
0 0.823562 0.409107 0.941213 0.424258
0 0.823562 0.424258 0.941213 0.439409
0 0.823562 0.439413 0.941213 0.454564
0 0.823562 0.454564 0.941213 0.469715
0 0.823562 0.469715 0.941213 0.484866
0 0.823562 0.484869 0.941213 0.500020
0 0.823562 0.500020 0.941213 0.515171
0 0.823562 0.515171 0.941213 0.530322
0 0.823562 0.530326 0.941213 0.545477
0 0.823562 0.545477 0.941213 0.560627
0 0.823562 0.560627 0.941213 0.575778
0 0.823562 0.575782 0.941213 0.590933
0 0.823562 0.590933 0.941213 0.606084
0 0.823562 0.606084 0.941213 0.621235
0 0.670615 0.621238 0.787041 0.636389
0 0.670615 0.651540 0.787041 0.666691
0 0.823562 0.651540 0.941213 0.666691
0 0.823562 0.666695 0.941213 0.681846
0 0.529433 0.712151 0.764736 0.727305
0 0.872256 0.723512 0.882061 0.731088
0 0.907552 0.723512 0.917356 0.731088
0 0.142816 0.755080 0.398790 0.772758
0 0.803298 0.749246 0.816370 0.759348
0 0.847092 0.755080 0.941213 0.772758
0 0.235303 0.772758 0.751745 0.787909
0 0.235303 0.787909 0.751745 0.803060
0 0.823562 0.772758 0.941213 0.787909
0 0.823562 0.787909 0.941213 0.803060
