0 0.045455 0.094770 0.799053 0.117647
0 0.800000 0.094770 0.954545 0.117647
0 0.720707 0.192812 0.750000 0.212420
0 0.254545 0.215688 0.353598 0.235294
0 0.354545 0.215688 0.453598 0.235294
0 0.454545 0.215688 0.553599 0.235294
0 0.554545 0.215688 0.653599 0.235294
0 0.654545 0.215688 0.753598 0.235294
0 0.754545 0.215688 0.853598 0.235294
0 0.854545 0.215688 0.954545 0.235294
0 0.072727 0.254900 0.253283 0.274507
0 0.254545 0.254900 0.353598 0.274507
0 0.354545 0.254900 0.453598 0.274507
0 0.454545 0.254900 0.553599 0.274507
0 0.554545 0.254900 0.653599 0.274507
0 0.654545 0.254900 0.753598 0.274507
0 0.754545 0.254900 0.853598 0.274507
0 0.854545 0.254900 0.954545 0.274507
0 0.072727 0.274507 0.253283 0.294113
0 0.254545 0.274507 0.353598 0.294113
0 0.354545 0.274507 0.453598 0.294113
0 0.454545 0.274507 0.553599 0.294113
0 0.554545 0.274507 0.653599 0.294113
0 0.654545 0.274507 0.753598 0.294113
0 0.754545 0.274507 0.853598 0.294113
0 0.854545 0.274507 0.954545 0.294113
0 0.072727 0.294113 0.253283 0.313719
0 0.254545 0.294113 0.353598 0.313719
0 0.354545 0.294113 0.453598 0.313719
0 0.454545 0.294113 0.553599 0.313719
0 0.554545 0.294113 0.653599 0.313719
0 0.654545 0.294113 0.753598 0.313719
0 0.754545 0.294113 0.853598 0.313719
0 0.854545 0.294113 0.954545 0.313719
0 0.072727 0.352936 0.253283 0.372542
0 0.254545 0.352936 0.353598 0.372542
0 0.354545 0.352936 0.453598 0.372542
0 0.454545 0.352936 0.553599 0.372542
0 0.554545 0.352936 0.653599 0.372542
0 0.654545 0.352936 0.753598 0.372542
0 0.754545 0.352936 0.853598 0.372542
0 0.854545 0.352936 0.954545 0.372542
0 0.072727 0.372542 0.253283 0.392149
0 0.254545 0.372542 0.353598 0.392149
0 0.354545 0.372542 0.453598 0.392149
0 0.454545 0.372542 0.553599 0.392149
0 0.554545 0.372542 0.653599 0.392149
0 0.654545 0.372542 0.753598 0.392149
0 0.754545 0.372542 0.853598 0.392149
0 0.854545 0.372542 0.954545 0.392149
0 0.072727 0.392149 0.253283 0.411755
0 0.254545 0.392149 0.353598 0.411755
0 0.354545 0.392149 0.453598 0.411755
0 0.454545 0.392149 0.553599 0.411755
0 0.554545 0.392149 0.653599 0.411755
0 0.654545 0.392149 0.753598 0.411755
0 0.754545 0.392149 0.853598 0.411755
0 0.854545 0.392149 0.954545 0.411755
0 0.072727 0.431361 0.253283 0.450967
0 0.254545 0.431361 0.353598 0.450967
0 0.354545 0.431361 0.453598 0.450967
0 0.454545 0.431361 0.553599 0.450967
0 0.554545 0.431361 0.653599 0.450967
0 0.654545 0.431361 0.753598 0.450967
0 0.754545 0.431361 0.853598 0.450967
0 0.854545 0.431361 0.954545 0.450967
0 0.072727 0.450967 0.253283 0.470574
0 0.254545 0.450967 0.353598 0.470574
0 0.354545 0.450967 0.453598 0.470574
0 0.454545 0.450967 0.553599 0.470574
0 0.554545 0.450967 0.653599 0.470574
0 0.654545 0.450967 0.753598 0.470574
0 0.754545 0.450967 0.853598 0.470574
0 0.854545 0.450967 0.954545 0.470574
0 0.072727 0.470574 0.253283 0.490180
0 0.254545 0.470574 0.353598 0.490180
0 0.354545 0.470574 0.453598 0.490180
0 0.454545 0.470574 0.553599 0.490180
0 0.554545 0.470574 0.653599 0.490180
0 0.654545 0.470574 0.753598 0.490180
0 0.754545 0.470574 0.853598 0.490180
0 0.854545 0.470574 0.954545 0.490180
0 0.254545 0.490180 0.353598 0.509786
0 0.354545 0.490180 0.453598 0.509786
0 0.454545 0.490180 0.553599 0.509786
0 0.554545 0.490180 0.653599 0.509786
0 0.654545 0.490180 0.753598 0.509786
0 0.754545 0.490180 0.853598 0.509786
0 0.854545 0.490180 0.954545 0.509786
0 0.072727 0.529392 0.253283 0.548998
0 0.254545 0.529392 0.353598 0.548998
0 0.354545 0.529392 0.453598 0.548998
0 0.454545 0.529392 0.553599 0.548998
0 0.554545 0.529392 0.653599 0.548998
0 0.654545 0.529392 0.753598 0.548998
0 0.754545 0.529392 0.853598 0.548998
0 0.854545 0.529392 0.954545 0.548998
0 0.072727 0.548998 0.253283 0.568605
0 0.254545 0.548998 0.353598 0.568605
0 0.354545 0.548998 0.453598 0.568605
0 0.454545 0.548998 0.553599 0.568605
0 0.554545 0.548998 0.653599 0.568605
0 0.654545 0.548998 0.753598 0.568605
0 0.754545 0.548998 0.853598 0.568605
0 0.854545 0.548998 0.954545 0.568605
0 0.072727 0.568605 0.253283 0.588211
0 0.254545 0.568605 0.353598 0.588211
0 0.354545 0.568605 0.453598 0.588211
0 0.454545 0.568605 0.553599 0.588211
0 0.554545 0.568605 0.653599 0.588211
0 0.654545 0.568605 0.753598 0.588211
0 0.754545 0.568605 0.853598 0.588211
0 0.854545 0.568605 0.954545 0.588211
0 0.072727 0.607817 0.253283 0.627423
0 0.254545 0.607817 0.353598 0.627423
0 0.354545 0.607817 0.453598 0.627423
0 0.454545 0.607817 0.553599 0.627423
0 0.554545 0.607817 0.653599 0.627423
0 0.654545 0.607817 0.753598 0.627423
0 0.754545 0.607817 0.853598 0.627423
0 0.854545 0.607817 0.954545 0.627423
0 0.072727 0.627423 0.253283 0.647029
0 0.254545 0.627423 0.353598 0.647029
0 0.354545 0.627423 0.453598 0.647029
0 0.454545 0.627423 0.553599 0.647029
0 0.554545 0.627423 0.653599 0.647029
0 0.654545 0.627423 0.753598 0.647029
0 0.754545 0.627423 0.853598 0.647029
0 0.854545 0.627423 0.954545 0.647029
0 0.072727 0.647029 0.253283 0.666636
0 0.254545 0.647029 0.353598 0.666636
0 0.354545 0.647029 0.453598 0.666636
0 0.454545 0.647029 0.553599 0.666636
0 0.554545 0.647029 0.653599 0.666636
0 0.654545 0.647029 0.753598 0.666636
0 0.754545 0.647029 0.853598 0.666636
0 0.854545 0.647029 0.954545 0.666636
0 0.072727 0.686242 0.253283 0.705848
0 0.254545 0.686242 0.353598 0.705848
0 0.354545 0.686242 0.453598 0.705848
0 0.454545 0.686242 0.553599 0.705848
0 0.554545 0.686242 0.653599 0.705848
0 0.654545 0.686242 0.753598 0.705848
0 0.754545 0.686242 0.853598 0.705848
0 0.854545 0.686242 0.954545 0.705848
0 0.072727 0.705848 0.253283 0.725454
0 0.254545 0.705848 0.353598 0.725454
0 0.354545 0.705848 0.453598 0.725454
0 0.454545 0.705848 0.553599 0.725454
0 0.554545 0.705848 0.653599 0.725454
0 0.654545 0.705848 0.753598 0.725454
0 0.754545 0.705848 0.853598 0.725454
0 0.854545 0.705848 0.954545 0.725454
0 0.072727 0.725454 0.253283 0.745060
0 0.254545 0.725454 0.353598 0.745060
0 0.354545 0.725454 0.453598 0.745060
0 0.454545 0.725454 0.553599 0.745060
0 0.554545 0.725454 0.653599 0.745060
0 0.654545 0.725454 0.753598 0.745060
0 0.754545 0.725454 0.853598 0.745060
0 0.854545 0.725454 0.954545 0.745060
0 0.072727 0.764667 0.253283 0.784273
0 0.254545 0.764667 0.353598 0.784273
0 0.354545 0.764667 0.453598 0.784273
0 0.454545 0.764667 0.553599 0.784273
0 0.554545 0.764667 0.653599 0.784273
0 0.654545 0.764667 0.753598 0.784273
0 0.754545 0.764667 0.853598 0.784273
0 0.854545 0.764667 0.954545 0.784273
0 0.072727 0.784273 0.253283 0.803879
0 0.254545 0.784273 0.353598 0.803879
0 0.354545 0.784273 0.453598 0.803879
0 0.454545 0.784273 0.553599 0.803879
0 0.554545 0.784273 0.653599 0.803879
0 0.654545 0.784273 0.753598 0.803879
0 0.754545 0.784273 0.853598 0.803879
0 0.854545 0.784273 0.954545 0.803879
0 0.072727 0.803879 0.253283 0.823485
0 0.254545 0.803879 0.353598 0.823485
0 0.354545 0.803879 0.453598 0.823485
0 0.454545 0.803879 0.553599 0.823485
0 0.554545 0.803879 0.653599 0.823485
0 0.654545 0.803879 0.753598 0.823485
0 0.754545 0.803879 0.853598 0.823485
0 0.854545 0.803879 0.954545 0.823485
0 0.072727 0.843091 0.253283 0.862698
0 0.254545 0.843091 0.353598 0.862698
0 0.354545 0.843091 0.453598 0.862698
0 0.454545 0.843091 0.553599 0.862698
0 0.554545 0.843091 0.653599 0.862698
0 0.654545 0.843091 0.753598 0.862698
0 0.754545 0.843091 0.853598 0.862698
0 0.854545 0.843091 0.954545 0.862698
0 0.072727 0.862698 0.253283 0.882304
0 0.254545 0.862698 0.353598 0.882304
0 0.354545 0.862698 0.453598 0.882304
0 0.454545 0.862698 0.553599 0.882304
0 0.554545 0.862698 0.653599 0.882304
0 0.654545 0.862698 0.753598 0.882304
0 0.754545 0.862698 0.853598 0.882304
0 0.854545 0.862698 0.954545 0.882304
0 0.072727 0.882304 0.253283 0.901910
0 0.254545 0.882304 0.353598 0.901910
0 0.354545 0.882304 0.453598 0.901910
0 0.454545 0.882304 0.553599 0.901910
0 0.554545 0.882304 0.653599 0.901910
0 0.654545 0.882304 0.753598 0.901910
0 0.754545 0.882304 0.853598 0.901910
0 0.854545 0.882304 0.954545 0.901910
