0 0.058826 0.118690 0.728215 0.136369
0 0.729440 0.118690 0.941213 0.136369
0 0.424772 0.212127 0.551737 0.242433
0 0.554188 0.212127 0.681154 0.242433
0 0.683605 0.212127 0.810571 0.242433
0 0.813022 0.212127 0.941213 0.242433
0 0.424772 0.242433 0.551737 0.272738
0 0.554188 0.242433 0.681154 0.272738
0 0.683605 0.242433 0.810571 0.272738
0 0.813022 0.242433 0.941213 0.272738
0 0.436618 0.290416 0.449691 0.300517
0 0.494137 0.290416 0.507209 0.300517
0 0.566035 0.290416 0.579108 0.300517
0 0.623554 0.290416 0.636626 0.300517
0 0.695452 0.290416 0.708525 0.300517
0 0.752971 0.290416 0.766043 0.300517
0 0.824869 0.290416 0.837941 0.300517
0 0.882388 0.290416 0.895460 0.300517
0 0.436618 0.320721 0.449691 0.330823
0 0.494137 0.320721 0.507209 0.330823
0 0.566035 0.320721 0.579108 0.330823
0 0.623554 0.320721 0.636626 0.330823
0 0.695452 0.320721 0.708525 0.330823
0 0.752971 0.320721 0.766043 0.330823
0 0.824869 0.320721 0.837941 0.330823
0 0.882388 0.320721 0.895460 0.330823
0 0.424772 0.333349 0.551737 0.363655
0 0.554188 0.333349 0.681154 0.363655
0 0.683605 0.333349 0.810571 0.363655
0 0.813022 0.333349 0.941213 0.363655
0 0.424772 0.378807 0.551737 0.393960
0 0.554188 0.378807 0.681154 0.393960
0 0.683605 0.378807 0.810571 0.393960
0 0.813022 0.378807 0.941213 0.393960
0 0.424772 0.393960 0.551737 0.424266
0 0.554188 0.393960 0.681154 0.424266
0 0.683605 0.393960 0.810571 0.424266
0 0.813022 0.393960 0.941213 0.424266
0 0.424772 0.439418 0.551737 0.454571
0 0.554188 0.439418 0.681154 0.454571
0 0.683605 0.439418 0.810571 0.454571
0 0.813022 0.439418 0.941213 0.454571
0 0.424772 0.515180 0.551737 0.530333
0 0.554188 0.515180 0.681154 0.530333
0 0.683605 0.515180 0.810571 0.530333
0 0.813022 0.515180 0.941213 0.530333
0 0.729440 0.560627 0.941213 0.575778
0 0.729440 0.590933 0.941213 0.606084
0 0.729440 0.636389 0.941213 0.651540
