0 0.357843 0.106059 0.564706 0.120263
0 0.665359 0.106059 0.870588 0.120263
0 0.903268 0.106059 0.941176 0.120263
0 0.283987 0.133840 0.739542 0.151518
0 0.283987 0.164140 0.739542 0.181818
0 0.283987 0.194444 0.739542 0.212122
0 0.058824 0.133840 0.221895 0.151518
0 0.058824 0.179292 0.221895 0.196968
0 0.202288 0.199492 0.215359 0.209593
0 0.741176 0.133840 0.941176 0.151518
0 0.741176 0.164140 0.941176 0.181818
0 0.757516 0.196968 0.941176 0.212119
0 0.670588 0.215278 0.683660 0.225379
0 0.717647 0.215278 0.730719 0.225379
0 0.164706 0.230428 0.177778 0.240529
0 0.282353 0.230428 0.295425 0.240529
0 0.423529 0.230428 0.436601 0.240529
0 0.576471 0.230428 0.589542 0.240529
0 0.729412 0.230428 0.742484 0.240529
0 0.811765 0.242423 0.941176 0.257573
0 0.235294 0.259785 0.248366 0.269886
0 0.588235 0.259785 0.601307 0.269886
0 0.258824 0.287878 0.375245 0.303028
0 0.564706 0.287878 0.681127 0.303028
0 0.811765 0.287878 0.941176 0.303028
0 0.811765 0.303032 0.941176 0.318182
0 0.811765 0.318182 0.941176 0.333332
0 0.811765 0.333332 0.941176 0.348482
0 0.811765 0.348486 0.941176 0.363636
0 0.811765 0.363636 0.941176 0.378787
0 0.811765 0.378787 0.941176 0.393937
0 0.811765 0.393941 0.941176 0.409091
0 0.811765 0.409091 0.941176 0.424241
0 0.811765 0.424241 0.941176 0.439391
0 0.811765 0.439395 0.941176 0.454545
0 0.811765 0.454545 0.941176 0.469696
0 0.811765 0.469696 0.941176 0.484846
0 0.811765 0.484850 0.941176 0.500000
0 0.811765 0.500000 0.941176 0.515150
0 0.811765 0.515150 0.941176 0.530300
0 0.811765 0.530304 0.941176 0.545455
0 0.811765 0.545455 0.941176 0.560605
0 0.811765 0.560605 0.941176 0.575755
0 0.811765 0.575759 0.941176 0.590909
0 0.811765 0.590909 0.941176 0.606059
0 0.811765 0.606059 0.941176 0.621210
0 0.647059 0.621213 0.775245 0.636364
0 0.647059 0.636364 0.775245 0.651514
0 0.811765 0.651514 0.941176 0.666664
0 0.647059 0.681818 0.775245 0.696968
0 0.647059 0.696968 0.775245 0.712119
0 0.647059 0.712122 0.775245 0.727273
0 0.647059 0.727273 0.775245 0.742423
0 0.811765 0.742423 0.941176 0.757573
0 0.742647 0.760101 0.755719 0.770202
0 0.811765 0.757577 0.941176 0.772727
0 0.811765 0.772727 0.941176 0.787878
0 0.811765 0.787878 0.941176 0.803028
0 0.517647 0.803032 0.658824 0.818182
0 0.811765 0.803032 0.941176 0.818182
0 0.541176 0.848486 0.741176 0.863639
0 0.863725 0.865213 0.876797 0.875314
0 0.905882 0.865213 0.918954 0.875314
0 0.142810 0.891413 0.387010 0.909091
0 0.786763 0.883837 0.799835 0.893938
0 0.823529 0.891413 0.941176 0.909091
0 0.217510 0.909091 0.739951 0.924241
0 0.230232 0.924241 0.739951 0.939391
0 0.805969 0.909091 0.941176 0.924241
0 0.805969 0.924241 0.941176 0.939391
