0 0.800031 0.090913 0.941213 0.106064
0 0.800031 0.106064 0.941213 0.121215
0 0.800031 0.121218 0.941213 0.136369
0 0.623554 0.151520 0.763510 0.166671
0 0.623554 0.166675 0.763510 0.181826
0 0.623554 0.181826 0.763510 0.196976
0 0.623554 0.196976 0.763510 0.212127
0 0.800031 0.227282 0.941213 0.242433
0 0.800031 0.242433 0.941213 0.257584
0 0.800031 0.257587 0.941213 0.272738
0 0.658849 0.303040 0.798806 0.318191
0 0.800031 0.303040 0.941213 0.318191
0 0.658849 0.333343 0.798806 0.348496
0 0.800031 0.333343 0.941213 0.348496
0 0.658849 0.348496 0.798806 0.363647
0 0.800031 0.348496 0.941213 0.363647
0 0.658849 0.363647 0.798806 0.378798
0 0.800031 0.363647 0.941213 0.378798
0 0.665386 0.378798 0.793495 0.393949
0 0.806568 0.378798 0.934677 0.393949
0 0.658849 0.393949 0.798806 0.409100
0 0.800031 0.393949 0.941213 0.409100
0 0.658849 0.409100 0.798806 0.424251
0 0.800031 0.409100 0.941213 0.424251
0 0.658849 0.424251 0.798806 0.439402
0 0.800031 0.424251 0.941213 0.439402
0 0.658849 0.439402 0.798806 0.454552
0 0.800031 0.439402 0.941213 0.454552
0 0.665386 0.454552 0.793495 0.469703
0 0.806568 0.454552 0.934677 0.469703
0 0.658849 0.469703 0.798806 0.484854
0 0.800031 0.469703 0.941213 0.484854
0 0.329425 0.484868 0.647084 0.500019
0 0.658849 0.484854 0.798806 0.500019
0 0.800031 0.484854 0.941213 0.500019
0 0.658849 0.500019 0.798806 0.515170
0 0.800031 0.500019 0.941213 0.515170
0 0.658849 0.515170 0.798806 0.530321
0 0.800031 0.515170 0.941213 0.530321
0 0.658849 0.530321 0.798806 0.545472
0 0.800031 0.530321 0.941213 0.545472
0 0.658849 0.545472 0.798806 0.560622
0 0.800031 0.545472 0.941213 0.560622
0 0.658849 0.560622 0.798806 0.575773
0 0.800031 0.560622 0.941213 0.575773
0 0.658849 0.575773 0.798806 0.590924
0 0.800031 0.575773 0.941213 0.590924
0 0.658849 0.590924 0.798806 0.606075
0 0.800031 0.590924 0.941213 0.606075
0 0.658849 0.606075 0.798806 0.621226
0 0.800031 0.606075 0.941213 0.621226
0 0.658849 0.621226 0.798806 0.636377
0 0.800031 0.621226 0.941213 0.636377
0 0.658849 0.636377 0.798806 0.651528
0 0.800031 0.636377 0.941213 0.651528
0 0.658849 0.651528 0.798806 0.666678
0 0.800031 0.651528 0.941213 0.666678
0 0.665386 0.666678 0.793495 0.681829
0 0.806568 0.666678 0.934677 0.681829
0 0.658849 0.681829 0.798806 0.696980
0 0.800031 0.681829 0.941213 0.696980
0 0.352955 0.712151 0.492911 0.727302
0 0.352955 0.727302 0.492911 0.742453
0 0.211773 0.757619 0.341190 0.772770
0 0.352955 0.757619 0.492911 0.772770
0 0.094121 0.803064 0.341190 0.818215
0 0.352955 0.803064 0.492911 0.818215
0 0.352955 0.818215 0.492911 0.833366
0 0.529433 0.742453 0.788266 0.757604
0 0.800031 0.742453 0.941213 0.757604
0 0.529433 0.787909 0.788266 0.803060
0 0.800031 0.787909 0.941213 0.803060
0 0.800031 0.803064 0.941213 0.818215
0 0.800031 0.818215 0.941213 0.833366
0 0.352955 0.848520 0.492911 0.863671
0 0.223538 0.863671 0.341190 0.878822
0 0.094121 0.878822 0.341190 0.893973
0 0.352955 0.878822 0.492911 0.893973
0 0.352955 0.893977 0.492911 0.909128
0 0.352955 0.909128 0.492911 0.924279
0 0.800031 0.848520 0.941213 0.863671
0 0.694145 0.863671 0.788266 0.878822
0 0.529433 0.878822 0.788266 0.893973
0 0.800031 0.878822 0.941213 0.893973
0 0.800031 0.893977 0.941213 0.909128
0 0.800031 0.909128 0.941213 0.924279
