0 0.458841 0.068185 0.552963 0.083335
0 0.635319 0.068185 0.729440 0.083335
0 0.753951 0.068185 0.781730 0.083335
0 0.272233 0.118690 0.751745 0.136369
0 0.272233 0.148996 0.751745 0.166675
0 0.272233 0.179301 0.751745 0.196980
0 0.058826 0.118690 0.223538 0.136369
0 0.193472 0.162253 0.206544 0.172354
0 0.193472 0.183718 0.206544 0.193820
0 0.752971 0.118690 0.941213 0.136369
0 0.752971 0.148996 0.941213 0.166675
0 0.770246 0.181826 0.941213 0.196976
0 0.252297 0.199501 0.265370 0.209602
0 0.358184 0.199501 0.371256 0.209602
0 0.487601 0.199501 0.500673 0.209602
0 0.628783 0.199501 0.641855 0.209602
0 0.358184 0.214655 0.371256 0.224757
0 0.487601 0.214655 0.500673 0.224757
0 0.752971 0.209603 0.941213 0.227282
0 0.811797 0.257587 0.941213 0.272738
0 0.811797 0.272738 0.941213 0.287889
0 0.811797 0.287889 0.941213 0.303040
0 0.811797 0.303044 0.941213 0.318195
0 0.811797 0.318195 0.941213 0.333346
0 0.811797 0.333346 0.941213 0.348496
0 0.811797 0.348500 0.941213 0.363651
0 0.811797 0.363651 0.941213 0.378802
0 0.811797 0.393957 0.941213 0.409107
0 0.811797 0.409107 0.941213 0.424258
0 0.811797 0.424258 0.941213 0.439409
0 0.811797 0.439413 0.941213 0.454564
0 0.811797 0.454564 0.941213 0.469715
0 0.811797 0.469715 0.941213 0.484866
0 0.811797 0.484869 0.941213 0.500020
0 0.811797 0.500020 0.941213 0.515171
0 0.811797 0.515171 0.941213 0.530322
0 0.811797 0.530326 0.941213 0.545477
0 0.811797 0.545477 0.941213 0.560627
0 0.811797 0.560627 0.941213 0.575778
0 0.811797 0.575782 0.941213 0.590933
0 0.647084 0.590933 0.775276 0.606084
0 0.647084 0.606084 0.775276 0.621235
0 0.647084 0.636389 0.775276 0.651540
0 0.811797 0.636389 0.941213 0.651540
0 0.811797 0.651540 0.941213 0.666691
0 0.529433 0.696997 0.764736 0.712151
0 0.864740 0.708361 0.874544 0.715937
0 0.905918 0.708361 0.915722 0.715937
0 0.142816 0.739929 0.387025 0.757608
0 0.787578 0.734247 0.800651 0.744348
0 0.823562 0.742454 0.941213 0.757608
0 0.216381 0.757608 0.704684 0.772758
0 0.229105 0.772758 0.704684 0.787909
0 0.773589 0.757608 0.941213 0.772758
0 0.773589 0.772758 0.941213 0.787909
