0 0.508134 0.060604 0.541181 0.075754
0 0.310673 0.075758 0.435294 0.090908
0 0.458212 0.075758 0.494118 0.090908
0 0.541253 0.075758 0.682353 0.090908
0 0.705271 0.075758 0.752941 0.090908
0 0.811765 0.121212 0.941176 0.136362
0 0.811765 0.136362 0.941176 0.151512
0 0.811765 0.151512 0.941176 0.166662
0 0.811765 0.166666 0.941176 0.181816
0 0.811765 0.181816 0.941176 0.196966
0 0.811765 0.212120 0.941176 0.227270
0 0.811765 0.227270 0.941176 0.242421
0 0.811765 0.257574 0.941176 0.272725
0 0.811765 0.287875 0.941176 0.303025
0 0.811765 0.303028 0.941176 0.318179
0 0.811765 0.318179 0.941176 0.333329
0 0.811765 0.348483 0.941176 0.363633
0 0.811765 0.363633 0.941176 0.378783
0 0.058824 0.409087 0.492892 0.469691
0 0.495752 0.409087 0.941176 0.469691
