0 0.920949 0.123742 0.934022 0.133844
0 0.058826 0.136369 0.941213 0.166675
0 0.058826 0.166675 0.941213 0.196980
0 0.058826 0.196976 0.941213 0.227282
0 0.058826 0.227282 0.941213 0.257587
0 0.058826 0.257587 0.941213 0.287893
0 0.058826 0.287889 0.941213 0.318195
0 0.058826 0.318195 0.941213 0.348500
0 0.058826 0.348500 0.941213 0.378806
0 0.058826 0.378802 0.941213 0.409107
0 0.058826 0.409107 0.941213 0.439413
0 0.058826 0.439413 0.941213 0.469718
0 0.058826 0.469715 0.941213 0.500020
0 0.058826 0.500020 0.941213 0.530326
0 0.058826 0.530326 0.941213 0.560631
0 0.058826 0.560627 0.941213 0.590933
0 0.058826 0.590933 0.941213 0.621238
0 0.058826 0.621238 0.941213 0.651544
0 0.058826 0.651540 0.941213 0.681846
0 0.058826 0.681846 0.941213 0.712151
0 0.058826 0.712151 0.941213 0.742457
0 0.058826 0.742453 0.941213 0.772758
0 0.058826 0.772758 0.941213 0.803064
0 0.058826 0.803064 0.941213 0.833370
0 0.058826 0.833366 0.941213 0.863671
0 0.058826 0.863671 0.941213 0.893977
0 0.058826 0.893977 0.941213 0.924282
