0 0.352955 0.106064 0.469381 0.121215
0 0.470607 0.106064 0.587033 0.121215
0 0.588258 0.106064 0.704684 0.121215
0 0.705910 0.106064 0.822336 0.121215
0 0.823562 0.106064 0.941213 0.121215
0 0.352955 0.181823 0.469381 0.196976
0 0.470607 0.181823 0.587033 0.196976
0 0.588258 0.181823 0.704684 0.196976
0 0.705910 0.181823 0.822336 0.196976
0 0.823562 0.181823 0.941213 0.196976
0 0.352955 0.219705 0.469381 0.234856
0 0.470607 0.219705 0.587033 0.234856
0 0.588258 0.219705 0.704684 0.234856
0 0.705910 0.219705 0.822336 0.234856
0 0.823562 0.219705 0.941213 0.234856
0 0.352955 0.242432 0.469381 0.257584
0 0.470607 0.242432 0.587033 0.257584
0 0.588258 0.242432 0.704684 0.257584
0 0.705910 0.242432 0.822336 0.257584
0 0.823562 0.242432 0.941213 0.257584
0 0.352955 0.265160 0.469381 0.280312
0 0.470607 0.265160 0.587033 0.280312
0 0.588258 0.265160 0.704684 0.280312
0 0.705910 0.265160 0.822336 0.280312
0 0.823562 0.265160 0.941213 0.280312
0 0.352955 0.356072 0.469381 0.371225
0 0.470607 0.356072 0.587033 0.371225
0 0.588258 0.356072 0.704684 0.371225
0 0.705910 0.356072 0.822336 0.371225
0 0.823562 0.356072 0.941213 0.371225
0 0.352955 0.401529 0.469381 0.416681
0 0.470607 0.401529 0.587033 0.416681
0 0.588258 0.401529 0.704684 0.416681
0 0.705910 0.401529 0.822336 0.416681
0 0.823562 0.401529 0.941213 0.416681
0 0.352955 0.522746 0.469381 0.537899
0 0.470607 0.522746 0.587033 0.537899
0 0.588258 0.522746 0.704684 0.537899
0 0.705910 0.522746 0.822336 0.537899
0 0.823562 0.522746 0.941213 0.537899
0 0.376485 0.554315 0.389558 0.564417
0 0.376485 0.571995 0.389558 0.582097
0 0.494137 0.554315 0.507209 0.564417
0 0.494137 0.571995 0.507209 0.582097
0 0.611789 0.554315 0.624861 0.564417
0 0.611789 0.571995 0.624861 0.582097
0 0.729440 0.554315 0.742513 0.564417
0 0.729440 0.571995 0.742513 0.582097
0 0.823562 0.537899 0.941213 0.595981
