0 0.058826 0.118690 0.692919 0.136369
0 0.695779 0.118690 0.941213 0.136369
0 0.058826 0.227282 0.368867 0.257587
0 0.371318 0.227282 0.528207 0.257587
0 0.530658 0.227282 0.692919 0.257587
0 0.695370 0.227282 0.941213 0.257587
0 0.058826 0.257587 0.368867 0.287893
0 0.371318 0.257587 0.528207 0.287893
0 0.530658 0.257587 0.692919 0.287893
0 0.695370 0.257587 0.941213 0.287893
0 0.058826 0.287893 0.368867 0.318198
0 0.371318 0.287893 0.528207 0.318198
0 0.530658 0.287893 0.692919 0.318198
0 0.695370 0.287893 0.941213 0.318198
0 0.058826 0.318198 0.368867 0.348504
0 0.371318 0.318198 0.528207 0.348504
0 0.530658 0.318198 0.692919 0.348504
0 0.695370 0.318198 0.941213 0.348504
0 0.058826 0.348504 0.368867 0.378809
0 0.371318 0.348504 0.528207 0.378809
0 0.530658 0.348504 0.692919 0.378809
0 0.695370 0.348504 0.941213 0.378809
0 0.058826 0.378809 0.368867 0.409115
0 0.371318 0.378809 0.528207 0.409115
0 0.530658 0.378809 0.692919 0.409115
0 0.695370 0.378809 0.941213 0.409115
0 0.058826 0.409115 0.368867 0.439421
0 0.371318 0.409115 0.528207 0.439421
0 0.530658 0.409115 0.692919 0.439421
0 0.695370 0.409115 0.941213 0.439421
0 0.058826 0.439421 0.368867 0.469726
0 0.371318 0.439421 0.528207 0.469726
0 0.530658 0.439421 0.692919 0.469726
0 0.695370 0.439421 0.941213 0.469726
0 0.058826 0.469726 0.368867 0.500032
0 0.371318 0.469726 0.528207 0.500032
0 0.530658 0.469726 0.692919 0.500032
0 0.695370 0.469726 0.941213 0.500032
0 0.058826 0.500032 0.368867 0.530337
0 0.371318 0.500032 0.528207 0.530337
0 0.530658 0.500032 0.692919 0.530337
0 0.695370 0.500032 0.941213 0.530337
0 0.058826 0.530337 0.368867 0.560643
0 0.371318 0.530337 0.528207 0.560643
0 0.530658 0.530337 0.692919 0.560643
0 0.695370 0.530337 0.941213 0.560643
0 0.058826 0.560643 0.368867 0.590948
0 0.371318 0.560643 0.528207 0.590948
0 0.530658 0.560643 0.692919 0.590948
0 0.695370 0.560643 0.941213 0.590948
0 0.058826 0.590948 0.368867 0.621254
0 0.371318 0.590948 0.528207 0.621254
0 0.530658 0.590948 0.692919 0.621254
0 0.695370 0.590948 0.941213 0.621254
0 0.058826 0.621254 0.368867 0.651559
0 0.371318 0.621254 0.528207 0.651559
0 0.530658 0.621254 0.692919 0.651559
0 0.695370 0.621254 0.941213 0.651559
0 0.058826 0.651559 0.368867 0.681865
0 0.371318 0.651559 0.528207 0.681865
0 0.530658 0.651559 0.692919 0.681865
0 0.695370 0.651559 0.941213 0.681865
0 0.058826 0.681865 0.368867 0.712170
0 0.371318 0.681865 0.528207 0.712170
0 0.530658 0.681865 0.692919 0.712170
0 0.695370 0.681865 0.941213 0.712170
0 0.058826 0.712170 0.368867 0.742476
0 0.371318 0.712170 0.528207 0.742476
0 0.530658 0.712170 0.692919 0.742476
0 0.695370 0.712170 0.941213 0.742476
0 0.058826 0.742476 0.368867 0.772781
0 0.371318 0.742476 0.528207 0.772781
0 0.530658 0.742476 0.692919 0.772781
0 0.695370 0.742476 0.941213 0.772781
0 0.058826 0.772781 0.368867 0.803087
0 0.371318 0.772781 0.528207 0.803087
0 0.530658 0.772781 0.692919 0.803087
0 0.695370 0.772781 0.941213 0.803087
0 0.058826 0.803087 0.368867 0.833392
0 0.371318 0.803087 0.528207 0.833392
0 0.530658 0.803087 0.692919 0.833392
0 0.695370 0.803087 0.941213 0.833392
0 0.058826 0.833392 0.368867 0.863698
0 0.371318 0.833392 0.528207 0.863698
0 0.530658 0.833392 0.692919 0.863698
0 0.695370 0.833392 0.941213 0.863698
0 0.058826 0.863698 0.368867 0.894003
0 0.371318 0.863698 0.528207 0.894003
0 0.530658 0.863698 0.692919 0.894003
0 0.695370 0.863698 0.941213 0.894003
0 0.058826 0.894003 0.368867 0.924309
0 0.371318 0.894003 0.528207 0.924309
0 0.530658 0.894003 0.692919 0.924309
0 0.695370 0.894003 0.941213 0.924309
