0 0.058826 0.073234 0.728215 0.090913
0 0.729440 0.073234 0.941213 0.090913
0 0.119286 0.174249 0.339964 0.189403
0 0.341190 0.174249 0.481146 0.189403
0 0.484006 0.174249 0.634093 0.189403
0 0.635319 0.174249 0.788266 0.189403
0 0.788266 0.174249 0.941213 0.189403
0 0.119286 0.204555 0.339964 0.219708
0 0.341190 0.204555 0.481146 0.219708
0 0.484006 0.204555 0.634093 0.219708
0 0.635319 0.204555 0.788266 0.219708
0 0.788266 0.204555 0.941213 0.219708
0 0.119286 0.234861 0.339964 0.250014
0 0.341190 0.234861 0.481146 0.250014
0 0.484006 0.234861 0.634093 0.250014
0 0.635319 0.234861 0.788266 0.250014
0 0.788266 0.234861 0.941213 0.250014
0 0.119286 0.265166 0.339964 0.280319
0 0.341190 0.265166 0.481146 0.280319
0 0.484006 0.265166 0.634093 0.280319
0 0.635319 0.265166 0.788266 0.280319
0 0.788266 0.265166 0.941213 0.280319
0 0.423546 0.363654 0.551737 0.378806
0 0.552963 0.363654 0.681154 0.378806
0 0.682380 0.363654 0.810571 0.378806
0 0.811797 0.363654 0.941213 0.378806
0 0.423546 0.386382 0.551737 0.401534
0 0.552963 0.386382 0.681154 0.401534
0 0.682380 0.386382 0.810571 0.401534
0 0.811797 0.386382 0.941213 0.401534
0 0.423546 0.416686 0.551737 0.431839
0 0.552963 0.416686 0.681154 0.431839
0 0.682380 0.416686 0.810571 0.431839
0 0.811797 0.416686 0.941213 0.431839
0 0.423546 0.477296 0.551737 0.492447
0 0.552963 0.477296 0.681154 0.492447
0 0.682380 0.477296 0.810571 0.492447
0 0.811797 0.477296 0.941213 0.492447
0 0.423546 0.522751 0.551737 0.537903
0 0.552963 0.522751 0.681154 0.537903
0 0.682380 0.522751 0.810571 0.537903
0 0.811797 0.522751 0.941213 0.537903
0 0.423546 0.583359 0.551737 0.598510
0 0.552963 0.583359 0.681154 0.598510
0 0.682380 0.583359 0.810571 0.598510
0 0.811797 0.583359 0.941213 0.598510
0 0.423546 0.643967 0.551737 0.659118
0 0.552963 0.643967 0.681154 0.659118
0 0.682380 0.643967 0.810571 0.659118
0 0.811797 0.643967 0.941213 0.659118
0 0.423546 0.689422 0.551737 0.704574
0 0.552963 0.689422 0.681154 0.704574
0 0.682380 0.689422 0.810571 0.704574
0 0.811797 0.689422 0.941213 0.704574
0 0.423546 0.734878 0.551737 0.750030
0 0.552963 0.734878 0.681154 0.750030
0 0.682380 0.734878 0.810571 0.750030
0 0.811797 0.734878 0.941213 0.750030
0 0.423546 0.795487 0.551737 0.810638
0 0.552963 0.795487 0.681154 0.810638
0 0.682380 0.795487 0.810571 0.810638
0 0.811797 0.795487 0.941213 0.810638
