0 0.658849 0.136369 0.763510 0.151520
0 0.764736 0.136369 0.798806 0.151520
0 0.800031 0.136369 0.904692 0.151520
0 0.905918 0.136369 0.941213 0.151520
0 0.658849 0.151520 0.763510 0.166671
0 0.764736 0.151520 0.798806 0.166671
0 0.800031 0.151520 0.904692 0.166671
0 0.905918 0.151520 0.941213 0.166671
0 0.658849 0.212131 0.763510 0.227282
0 0.764736 0.212131 0.798806 0.227282
0 0.800031 0.212131 0.904692 0.227282
0 0.905918 0.212131 0.941213 0.227282
0 0.658849 0.227282 0.763510 0.242433
0 0.764736 0.227282 0.798806 0.242433
0 0.800031 0.227282 0.904692 0.242433
0 0.905918 0.227282 0.941213 0.242433
0 0.658849 0.242433 0.763510 0.257584
0 0.764736 0.242433 0.798806 0.257584
0 0.800031 0.242433 0.904692 0.257584
0 0.905918 0.242433 0.941213 0.257584
0 0.658849 0.257587 0.763510 0.272738
0 0.764736 0.257587 0.798806 0.272738
0 0.800031 0.257587 0.904692 0.272738
0 0.905918 0.257587 0.941213 0.272738
0 0.658849 0.272738 0.763510 0.287889
0 0.764736 0.272738 0.798806 0.287889
0 0.800031 0.272738 0.904692 0.287889
0 0.905918 0.272738 0.941213 0.287889
0 0.517667 0.303044 0.623554 0.318195
0 0.623554 0.303044 0.658849 0.318195
0 0.517667 0.318195 0.622328 0.333346
0 0.623554 0.318195 0.657624 0.333346
0 0.517667 0.363651 0.657624 0.378802
0 0.517667 0.378802 0.622328 0.393953
0 0.623554 0.378802 0.657624 0.393953
0 0.517667 0.393957 0.622328 0.409107
0 0.623554 0.393957 0.657624 0.409107
0 0.517667 0.454564 0.622328 0.469715
0 0.623554 0.454564 0.657624 0.469715
0 0.658849 0.469715 0.763510 0.484866
0 0.764736 0.469715 0.798806 0.484866
0 0.800031 0.469715 0.904692 0.484866
0 0.905918 0.469715 0.941213 0.484866
0 0.658849 0.515171 0.763510 0.530326
0 0.764736 0.515171 0.798806 0.530326
0 0.800031 0.515171 0.904692 0.530326
0 0.905918 0.515171 0.941213 0.530326
0 0.658849 0.530326 0.763510 0.545477
0 0.764736 0.530326 0.798806 0.545477
0 0.800031 0.530326 0.904692 0.545477
0 0.905918 0.530326 0.941213 0.545477
0 0.658849 0.545477 0.770766 0.560627
0 0.800031 0.545477 0.941213 0.560627
0 0.658849 0.560627 0.798806 0.575778
0 0.800031 0.560627 0.920369 0.575778
0 0.658849 0.590933 0.763510 0.606084
0 0.764736 0.590933 0.798806 0.606084
0 0.800031 0.590933 0.904692 0.606084
0 0.905918 0.590933 0.941213 0.606084
0 0.658849 0.606084 0.763510 0.621235
0 0.764736 0.606084 0.798806 0.621235
0 0.800031 0.606084 0.904692 0.621235
0 0.905918 0.606084 0.941213 0.621235
0 0.658849 0.636389 0.763510 0.651540
0 0.764736 0.636389 0.798806 0.651540
0 0.800031 0.636389 0.904692 0.651540
0 0.905918 0.636389 0.941213 0.651540
0 0.658849 0.666695 0.763510 0.681846
0 0.764736 0.666695 0.798806 0.681846
0 0.800031 0.666695 0.904692 0.681846
0 0.905918 0.666695 0.941213 0.681846
0 0.658849 0.696997 0.763510 0.712151
0 0.764736 0.696997 0.798806 0.712151
0 0.800031 0.696997 0.904692 0.712151
0 0.905918 0.696997 0.941213 0.712151
0 0.658849 0.727302 0.763510 0.742453
0 0.764736 0.727302 0.798806 0.742453
0 0.800031 0.727302 0.904692 0.742453
0 0.905918 0.727302 0.941213 0.742453
0 0.800031 0.787909 0.904692 0.803060
0 0.905918 0.787909 0.941213 0.803060
0 0.800031 0.803064 0.904692 0.818215
0 0.905918 0.803064 0.941213 0.818215
0 0.800031 0.833366 0.904692 0.848517
0 0.905918 0.833366 0.941213 0.848517
0 0.623554 0.848520 0.728215 0.863671
0 0.729440 0.848520 0.763510 0.863671
0 0.623554 0.863671 0.728215 0.878822
0 0.729440 0.863671 0.763510 0.878822
0 0.800031 0.878822 0.904692 0.893973
0 0.905918 0.878822 0.941213 0.893973
0 0.800031 0.909128 0.904692 0.924279
0 0.905918 0.909128 0.941213 0.924279
