0 0.414707 0.075762 0.611789 0.090913
0 0.879691 0.090880 0.899382 0.106095
0 0.914987 0.090880 0.934677 0.106095
0 0.109153 0.154044 0.122225 0.164146
0 0.450343 0.154044 0.463415 0.164146
0 0.729440 0.151520 0.845785 0.166671
0 0.109153 0.169199 0.122225 0.179300
0 0.364720 0.166675 0.493961 0.181826
0 0.443625 0.257598 0.605318 0.272748
0 0.879691 0.272705 0.899382 0.287921
0 0.914987 0.272705 0.934677 0.287921
0 0.879691 0.333313 0.899382 0.348528
0 0.914987 0.333313 0.934677 0.348528
0 0.109153 0.411632 0.122225 0.421733
0 0.450343 0.411632 0.463415 0.421733
0 0.729440 0.409107 0.845785 0.424258
0 0.109153 0.426786 0.122225 0.436888
0 0.364720 0.424262 0.493961 0.439413
0 0.285630 0.532850 0.298703 0.542951
0 0.438578 0.532850 0.451650 0.542951
0 0.565586 0.532850 0.578658 0.542951
0 0.705390 0.530326 0.858975 0.545541
0 0.262755 0.545477 0.517667 0.560692
0 0.481718 0.560627 0.764736 0.575843
0 0.879691 0.575749 0.899382 0.590965
0 0.914987 0.575749 0.934677 0.590965
0 0.430420 0.590933 0.576493 0.606084
0 0.879691 0.621206 0.899382 0.636421
0 0.914987 0.621206 0.934677 0.636421
0 0.375505 0.651540 0.551327 0.666691
