0 0.174016 0.106059 0.211765 0.121210
0 0.342891 0.106059 0.435294 0.121210
0 0.457342 0.106059 0.494118 0.121210
0 0.561510 0.106059 0.694118 0.121210
0 0.722469 0.106059 0.752941 0.121210
0 0.082353 0.133840 0.658824 0.151518
0 0.082353 0.164140 0.658824 0.181818
0 0.082353 0.194444 0.658824 0.212122
0 0.082353 0.224749 0.658824 0.242427
0 0.658824 0.146466 0.941176 0.181818
0 0.658824 0.207071 0.941176 0.242423
0 0.470588 0.260101 0.483660 0.270202
0 0.576471 0.260101 0.589542 0.270202
0 0.705882 0.260101 0.718954 0.270202
0 0.270588 0.290401 0.283660 0.300503
0 0.423529 0.290401 0.436601 0.300503
0 0.588235 0.290401 0.601307 0.300503
0 0.764706 0.290401 0.777778 0.300503
0 0.247059 0.303032 0.541176 0.318182
0 0.635294 0.303032 0.941176 0.318182
0 0.164706 0.318182 0.941176 0.333332
0 0.776471 0.363636 0.905882 0.378787
0 0.905882 0.363636 0.941176 0.378787
0 0.776471 0.378787 0.905882 0.393937
0 0.905882 0.378787 0.941176 0.393937
0 0.776471 0.393941 0.905882 0.409091
0 0.905882 0.393941 0.941176 0.409091
0 0.776471 0.409091 0.905882 0.424241
0 0.905882 0.409091 0.941176 0.424241
0 0.776471 0.424241 0.905882 0.439391
0 0.905882 0.424241 0.941176 0.439391
0 0.776471 0.439395 0.905882 0.454545
0 0.905882 0.439395 0.941176 0.454545
0 0.776471 0.454545 0.905882 0.469696
0 0.905882 0.454545 0.941176 0.469696
0 0.776471 0.469696 0.905882 0.484846
0 0.905882 0.469696 0.941176 0.484846
0 0.776471 0.484850 0.905882 0.500000
0 0.905882 0.484850 0.941176 0.500000
0 0.776471 0.500000 0.905882 0.515150
0 0.905882 0.500000 0.941176 0.515150
0 0.776471 0.515150 0.905882 0.530300
0 0.905882 0.515150 0.941176 0.530300
0 0.776471 0.530304 0.905882 0.545455
0 0.905882 0.530304 0.941176 0.545455
0 0.776471 0.545455 0.905882 0.560605
0 0.905882 0.545455 0.941176 0.560605
0 0.376471 0.590909 0.482353 0.606059
0 0.482353 0.590909 0.517647 0.606059
0 0.376471 0.621213 0.482353 0.636364
0 0.482353 0.621213 0.517647 0.636364
0 0.383007 0.651514 0.482353 0.666664
0 0.482353 0.651514 0.511111 0.666664
0 0.600000 0.666668 0.705882 0.681818
0 0.705882 0.666668 0.741176 0.681818
0 0.600000 0.681818 0.705882 0.696968
0 0.705882 0.681818 0.741176 0.696968
0 0.776471 0.696968 0.905882 0.712119
0 0.905882 0.696968 0.941176 0.712119
0 0.499346 0.714646 0.512418 0.724747
0 0.776471 0.712122 0.905882 0.727273
0 0.905882 0.712122 0.941176 0.727273
0 0.776471 0.742423 0.905882 0.757573
0 0.905882 0.742423 0.941176 0.757573
0 0.776471 0.772727 0.905882 0.787878
0 0.905882 0.772727 0.941176 0.787878
0 0.576471 0.803032 0.647059 0.818182
0 0.776471 0.803032 0.905882 0.818182
0 0.905882 0.803032 0.941176 0.818182
0 0.552941 0.848486 0.752941 0.863636
0 0.858823 0.860780 0.868627 0.868356
0 0.905882 0.860780 0.915686 0.868356
0 0.152941 0.893163 0.400000 0.909091
0 0.803266 0.885100 0.816338 0.895201
0 0.847059 0.891413 0.941176 0.909091
0 0.258824 0.909091 0.752941 0.924241
0 0.258824 0.924241 0.752941 0.939391
0 0.825642 0.909091 0.941159 0.924241
0 0.817263 0.924241 0.941159 0.939391
