0 0.105887 0.107956 0.120593 0.119321
0 0.105887 0.123111 0.120593 0.134475
0 0.105887 0.138262 0.120593 0.149626
0 0.223538 0.136369 0.411781 0.151520
0 0.105887 0.168567 0.120593 0.179932
0 0.105887 0.183718 0.120593 0.195082
0 0.881407 0.213392 0.897748 0.226019
0 0.916703 0.213392 0.933043 0.226019
0 0.881407 0.258849 0.897748 0.271476
0 0.916703 0.258849 0.933043 0.271476
0 0.435311 0.272738 0.858857 0.287889
0 0.105887 0.287889 0.858857 0.303040
0 0.881407 0.319456 0.897748 0.332083
0 0.916703 0.319456 0.933043 0.332083
0 0.305894 0.348500 0.458841 0.363651
0 0.881407 0.380063 0.897748 0.392690
0 0.916703 0.380063 0.933043 0.392690
0 0.254490 0.409107 0.411781 0.424258
0 0.223538 0.424258 0.411781 0.439409
0 0.635319 0.454564 0.835327 0.469715
0 0.747088 0.484869 0.858857 0.500020
0 0.747088 0.500020 0.858857 0.515171
0 0.747088 0.530326 0.858857 0.545477
0 0.747088 0.545477 0.858857 0.560627
0 0.881407 0.561889 0.897748 0.574516
0 0.916703 0.561889 0.933043 0.574516
0 0.747088 0.575782 0.858857 0.590933
0 0.845785 0.593461 0.858857 0.603562
0 0.747088 0.651540 0.858857 0.666691
0 0.881407 0.667956 0.897748 0.680583
0 0.916703 0.667956 0.933043 0.680583
0 0.881407 0.713413 0.897748 0.726039
0 0.916703 0.713413 0.933043 0.726039
0 0.747088 0.742453 0.858857 0.757604
0 0.747088 0.757608 0.858857 0.772758
0 0.752317 0.772758 0.858857 0.787909
0 0.881407 0.849782 0.897748 0.862409
0 0.916703 0.849782 0.933043 0.862409
0 0.881407 0.864933 0.897748 0.877559
0 0.916703 0.864933 0.933043 0.877559
0 0.881407 0.895238 0.897748 0.907865
0 0.916703 0.895238 0.933043 0.907865
