0 0.058826 0.148996 0.610563 0.166675
0 0.611789 0.148996 0.941213 0.166675
0 0.058826 0.179301 0.941213 0.196980
0 0.058826 0.209603 0.941213 0.227282
0 0.247069 0.242433 0.388251 0.257584
0 0.423546 0.242433 0.470607 0.257584
0 0.505902 0.242433 0.647084 0.257584
0 0.682380 0.242433 0.717675 0.257584
0 0.832709 0.242433 0.929448 0.257584
0 0.059479 0.274631 0.074186 0.285995
0 0.423546 0.272738 0.529433 0.287889
0 0.059479 0.289782 0.074186 0.301146
0 0.423546 0.287889 0.529433 0.303040
0 0.294129 0.303044 0.341190 0.318195
0 0.494137 0.303044 0.647084 0.318195
0 0.682380 0.303044 0.729440 0.318195
0 0.058826 0.409107 0.941213 0.424258
0 0.058826 0.439413 0.941213 0.454564
0 0.058826 0.469715 0.941213 0.484866
0 0.058826 0.500020 0.941213 0.515171
0 0.058826 0.530326 0.941213 0.545477
0 0.059479 0.577675 0.074186 0.589039
0 0.059479 0.606714 0.074186 0.618078
