0 0.058826 0.133845 0.752971 0.151524
0 0.752971 0.133845 0.941213 0.151524
0 0.788266 0.196980 0.941213 0.212135
0 0.788266 0.212135 0.941213 0.227286
0 0.788085 0.242437 0.941032 0.257591
0 0.788085 0.257587 0.941032 0.272738
0 0.788085 0.287893 0.941032 0.303048
0 0.788085 0.303044 0.941032 0.318195
0 0.788266 0.318195 0.941213 0.333346
0 0.600024 0.333349 0.752971 0.348500
0 0.600024 0.363655 0.752971 0.378806
0 0.788085 0.363655 0.941032 0.378806
0 0.788266 0.393957 0.941213 0.409111
0 0.788266 0.424262 0.941213 0.439417
0 0.788085 0.454568 0.941032 0.469718
0 0.788266 0.484869 0.941213 0.500024
0 0.788266 0.500024 0.941213 0.515175
0 0.600038 0.575782 0.752985 0.590933
0 0.600038 0.590933 0.752985 0.606084
0 0.788281 0.590933 0.941228 0.606088
0 0.600038 0.606084 0.752985 0.621235
0 0.600038 0.621235 0.752985 0.636386
0 0.788281 0.621235 0.941228 0.636389
0 0.788100 0.636386 0.941047 0.651536
0 0.788100 0.651540 0.941047 0.666691
0 0.600038 0.666691 0.752985 0.681842
0 0.600038 0.681842 0.752985 0.696993
0 0.788100 0.681842 0.941047 0.696993
0 0.600038 0.696997 0.752985 0.712148
0 0.600038 0.727298 0.752985 0.742453
0 0.788100 0.727298 0.941047 0.742453
0 0.788281 0.742453 0.941228 0.757604
0 0.788281 0.757604 0.941228 0.772755
0 0.788281 0.772758 0.941228 0.787909
0 0.788100 0.787909 0.941047 0.803060
0 0.788100 0.803060 0.941047 0.818211
0 0.788100 0.818211 0.941047 0.833362
0 0.788281 0.878818 0.941228 0.893969
