0 0.063636 0.217460 0.372727 0.237227
0 0.064394 0.237227 0.372727 0.256995
0 0.372727 0.237229 0.490909 0.257000
0 0.490909 0.237229 0.609091 0.257000
0 0.609091 0.237229 0.726326 0.257000
0 0.727273 0.237229 0.844508 0.257000
0 0.845455 0.237229 0.963636 0.257000
0 0.063636 0.257000 0.372727 0.276768
0 0.064394 0.276773 0.372727 0.296540
0 0.372727 0.276769 0.490909 0.296540
0 0.490909 0.276769 0.609091 0.296540
0 0.609091 0.276769 0.726326 0.296540
0 0.727273 0.276769 0.844508 0.296540
0 0.845455 0.276769 0.963636 0.296540
0 0.063636 0.296540 0.372727 0.316308
0 0.064394 0.316308 0.372727 0.336076
0 0.372727 0.316310 0.490909 0.336081
0 0.490909 0.316310 0.609091 0.336081
0 0.609091 0.316310 0.726326 0.336081
0 0.727273 0.316310 0.844508 0.336081
0 0.845455 0.316310 0.963636 0.336081
0 0.063636 0.336081 0.372727 0.355848
0 0.064394 0.355848 0.372727 0.375616
0 0.372727 0.355850 0.490909 0.375621
0 0.490909 0.355850 0.609091 0.375621
0 0.609091 0.355850 0.726326 0.375621
0 0.727273 0.355850 0.844508 0.375621
0 0.845455 0.355850 0.963636 0.375621
0 0.063636 0.375621 0.372727 0.395389
0 0.064394 0.395394 0.372727 0.415161
0 0.372727 0.395390 0.490909 0.415161
0 0.490909 0.395390 0.609091 0.415161
0 0.609091 0.395390 0.726326 0.415161
0 0.727273 0.395390 0.844508 0.415161
0 0.845455 0.395390 0.963636 0.415161
0 0.063636 0.415161 0.372727 0.434929
0 0.064394 0.434929 0.372727 0.454697
0 0.372727 0.434931 0.490909 0.454702
0 0.490909 0.434931 0.609091 0.454702
0 0.609091 0.434931 0.726326 0.454702
0 0.727273 0.434931 0.844508 0.454702
0 0.845455 0.434931 0.963636 0.454702
0 0.063636 0.454702 0.372727 0.474470
0 0.064394 0.474470 0.372727 0.494237
0 0.372727 0.474471 0.490909 0.494242
0 0.490909 0.474471 0.609091 0.494242
0 0.609091 0.474471 0.726326 0.494242
0 0.727273 0.474471 0.844508 0.494242
0 0.845455 0.474471 0.963636 0.494242
0 0.063636 0.494242 0.372727 0.514010
0 0.064394 0.514015 0.372727 0.533783
0 0.372727 0.514012 0.490909 0.533783
0 0.490909 0.514012 0.609091 0.533783
0 0.609091 0.514012 0.726326 0.533783
0 0.727273 0.514012 0.844508 0.533783
0 0.845455 0.514012 0.963636 0.533783
0 0.063636 0.533783 0.372727 0.553550
0 0.064394 0.553550 0.372727 0.573318
0 0.372727 0.553552 0.490909 0.573323
0 0.490909 0.553552 0.609091 0.573323
0 0.609091 0.553552 0.726326 0.573323
0 0.727273 0.553552 0.844508 0.573323
0 0.845455 0.553552 0.963636 0.573323
0 0.063636 0.573323 0.372727 0.593091
0 0.064394 0.593091 0.372727 0.612858
0 0.372727 0.593092 0.490909 0.612863
0 0.490909 0.593092 0.609091 0.612863
0 0.609091 0.593092 0.726326 0.612863
0 0.727273 0.593092 0.844508 0.612863
0 0.845455 0.593092 0.963636 0.612863
0 0.609091 0.632633 0.726326 0.652404
0 0.727273 0.632633 0.844508 0.652404
0 0.845455 0.632633 0.963636 0.652404
