0 0.800031 0.075762 0.941213 0.090913
0 0.800031 0.090913 0.941213 0.106064
0 0.482372 0.136369 0.622328 0.151520
0 0.623554 0.136369 0.763510 0.151520
0 0.482372 0.151520 0.622328 0.166671
0 0.623554 0.151520 0.763510 0.166671
0 0.482372 0.166671 0.622328 0.181822
0 0.623554 0.166671 0.763510 0.181822
0 0.800031 0.181826 0.941213 0.196976
0 0.800031 0.196976 0.941213 0.212127
0 0.800031 0.212131 0.941213 0.227282
0 0.800031 0.227282 0.941213 0.242433
0 0.800031 0.242433 0.941213 0.257584
0 0.800031 0.257587 0.941213 0.272738
0 0.800031 0.272738 0.941213 0.287889
0 0.800031 0.287889 0.941213 0.303040
0 0.800031 0.303044 0.941213 0.318195
0 0.800031 0.318195 0.941213 0.333346
0 0.800031 0.333346 0.941213 0.348496
0 0.800031 0.348500 0.941213 0.363651
0 0.800031 0.363651 0.941213 0.378802
0 0.800031 0.378802 0.941213 0.393953
0 0.800031 0.393957 0.941213 0.409107
0 0.800031 0.409107 0.941213 0.424258
0 0.800031 0.424258 0.941213 0.439409
0 0.176478 0.439413 0.339964 0.454564
0 0.564728 0.439413 0.681154 0.454564
0 0.800031 0.439413 0.941213 0.454564
0 0.800031 0.454564 0.941213 0.469715
0 0.800031 0.469715 0.941213 0.484866
0 0.800031 0.484869 0.941213 0.500020
0 0.800031 0.500020 0.941213 0.515171
0 0.800031 0.515171 0.941213 0.530322
0 0.800031 0.530326 0.941213 0.545477
0 0.800031 0.545477 0.941213 0.560627
0 0.800031 0.560627 0.941213 0.575778
0 0.800031 0.575782 0.941213 0.590933
0 0.800031 0.590933 0.941213 0.606084
0 0.800031 0.606084 0.941213 0.621235
0 0.800031 0.621238 0.941213 0.636389
0 0.800031 0.636389 0.941213 0.651540
0 0.623554 0.651540 0.763510 0.666691
0 0.623554 0.666695 0.763510 0.681846
0 0.800031 0.681846 0.941213 0.696997
0 0.800031 0.696997 0.941213 0.712148
0 0.623554 0.712151 0.763510 0.727302
0 0.623554 0.727302 0.763510 0.742453
0 0.800031 0.742453 0.941213 0.757604
0 0.800031 0.757608 0.941213 0.772758
