0 0.482372 0.060607 0.576493 0.075758
0 0.658849 0.060607 0.752971 0.075758
0 0.779955 0.060607 0.811797 0.075758
0 0.260468 0.103540 0.737937 0.121218
0 0.260468 0.133845 0.737937 0.151524
0 0.260468 0.164147 0.737937 0.181826
0 0.183014 0.111114 0.196086 0.121216
0 0.183014 0.131318 0.196086 0.141420
0 0.183014 0.152784 0.196086 0.162885
0 0.183014 0.171725 0.196086 0.181827
0 0.183014 0.184352 0.196086 0.194454
0 0.741206 0.103540 0.941213 0.121218
0 0.741206 0.132244 0.941213 0.151524
0 0.823562 0.166675 0.941213 0.181826
0 0.305894 0.184981 0.318967 0.195082
0 0.458841 0.184981 0.471914 0.195082
0 0.611789 0.184981 0.624861 0.195082
0 0.764736 0.184981 0.777808 0.195082
0 0.670615 0.196976 0.787041 0.212127
0 0.670615 0.212131 0.787041 0.227282
0 0.823562 0.227282 0.941213 0.242433
0 0.823562 0.242433 0.941213 0.257584
0 0.823562 0.257587 0.941213 0.272738
0 0.823562 0.272738 0.941213 0.287889
0 0.823562 0.287889 0.941213 0.303040
0 0.823562 0.303044 0.941213 0.318195
0 0.823562 0.318195 0.941213 0.333346
0 0.823562 0.333346 0.941213 0.348496
0 0.823562 0.348500 0.941213 0.363651
0 0.823562 0.363651 0.941213 0.378802
0 0.823562 0.378802 0.941213 0.393953
0 0.823562 0.393957 0.941213 0.409107
0 0.823562 0.409107 0.941213 0.424258
0 0.823562 0.424258 0.941213 0.439409
0 0.823562 0.439413 0.941213 0.454564
0 0.823562 0.454564 0.941213 0.469715
0 0.823562 0.469715 0.941213 0.484866
0 0.823562 0.484869 0.941213 0.500020
0 0.823562 0.500020 0.941213 0.515171
0 0.823562 0.515171 0.941213 0.530322
0 0.823562 0.530326 0.941213 0.545477
0 0.823562 0.545477 0.941213 0.560627
0 0.823562 0.560627 0.941213 0.575778
0 0.823562 0.575782 0.941213 0.590933
0 0.823562 0.590933 0.941213 0.606084
0 0.823562 0.606084 0.941213 0.621235
0 0.823562 0.621238 0.941213 0.636389
0 0.823562 0.636389 0.941213 0.651540
0 0.670615 0.651540 0.787041 0.666691
0 0.670615 0.666695 0.787041 0.681846
0 0.823562 0.681846 0.941213 0.696997
0 0.823562 0.696997 0.941213 0.712148
0 0.823562 0.712151 0.941213 0.727302
0 0.823562 0.727302 0.941213 0.742453
0 0.823562 0.742453 0.941213 0.757604
0 0.760161 0.760132 0.773233 0.770233
0 0.823562 0.757608 0.941213 0.772758
0 0.823562 0.772758 0.941213 0.787909
0 0.823562 0.787909 0.941213 0.803060
0 0.541070 0.803064 0.705910 0.818215
0 0.823562 0.803064 0.941213 0.818215
0 0.529433 0.848520 0.752971 0.863674
0 0.852975 0.858618 0.866047 0.868719
0 0.901995 0.858618 0.915067 0.868719
0 0.142816 0.891449 0.387025 0.909128
0 0.787578 0.886398 0.800651 0.896500
0 0.823562 0.891449 0.941213 0.909128
0 0.216352 0.909128 0.704684 0.924279
0 0.227545 0.924279 0.704684 0.939429
0 0.771540 0.909128 0.941213 0.924279
0 0.771540 0.924279 0.941213 0.939429
