0 0.811797 0.090913 0.941213 0.106064
0 0.811797 0.121218 0.941213 0.136369
0 0.811797 0.136369 0.941213 0.151520
0 0.811797 0.151520 0.941213 0.166671
0 0.811797 0.166675 0.941213 0.181826
0 0.811797 0.196976 0.941213 0.212127
0 0.811797 0.212131 0.941213 0.227282
0 0.811797 0.257587 0.941213 0.272738
0 0.811797 0.287889 0.941213 0.303040
0 0.811797 0.333346 0.941213 0.348496
0 0.811797 0.363651 0.941213 0.378802
0 0.811797 0.393957 0.941213 0.409107
0 0.811797 0.409107 0.941213 0.424258
0 0.752971 0.457090 0.766043 0.467192
0 0.811797 0.454564 0.941213 0.469715
0 0.811797 0.469715 0.941213 0.484866
0 0.811797 0.500020 0.941213 0.515171
0 0.811797 0.515171 0.941213 0.530322
0 0.811797 0.560627 0.941213 0.575778
0 0.878662 0.621250 0.898238 0.636377
0 0.913957 0.621250 0.933533 0.636377
0 0.878662 0.651552 0.898238 0.666678
0 0.913957 0.651552 0.933533 0.666678
0 0.878662 0.681857 0.898238 0.696984
0 0.913957 0.681857 0.933533 0.696984
