0 0.058826 0.118690 0.728215 0.136369
0 0.729440 0.118690 0.941213 0.136369
0 0.082356 0.212127 0.304669 0.242433
0 0.307528 0.212127 0.575268 0.242433
0 0.576493 0.227279 0.705910 0.242433
0 0.754932 0.228542 0.768004 0.238644
0 0.852975 0.228542 0.866047 0.238644
0 0.082356 0.242433 0.304669 0.272738
0 0.307528 0.242433 0.575268 0.272738
0 0.576493 0.257585 0.705910 0.272738
0 0.754932 0.258848 0.768004 0.268949
0 0.852975 0.258848 0.866047 0.268949
0 0.082356 0.272738 0.304669 0.303044
0 0.307528 0.272738 0.575268 0.303044
0 0.576493 0.287890 0.705910 0.303044
0 0.754932 0.289153 0.768004 0.299255
0 0.852975 0.289153 0.866047 0.299255
0 0.082356 0.303044 0.304669 0.333349
0 0.307528 0.303044 0.575268 0.333349
0 0.576493 0.318196 0.705910 0.333349
0 0.754932 0.319459 0.768004 0.329560
0 0.852975 0.319459 0.866047 0.329560
0 0.352955 0.424257 0.469381 0.439409
0 0.470607 0.424257 0.587033 0.439409
0 0.588258 0.424257 0.704684 0.439409
0 0.705910 0.424257 0.822336 0.439409
0 0.823562 0.424257 0.941213 0.439409
0 0.352955 0.484866 0.469381 0.500016
0 0.470607 0.484866 0.587033 0.500016
0 0.588258 0.484866 0.704684 0.500016
0 0.705910 0.484866 0.822336 0.500016
0 0.823562 0.484866 0.941213 0.500016
0 0.352955 0.545473 0.469381 0.560624
0 0.470607 0.545473 0.587033 0.560624
0 0.588258 0.545473 0.704684 0.560624
0 0.705910 0.545473 0.822336 0.560624
0 0.823562 0.545473 0.941213 0.560624
0 0.352955 0.590928 0.469381 0.606080
0 0.470607 0.590928 0.587033 0.606080
0 0.588258 0.590928 0.704684 0.606080
0 0.705910 0.590928 0.822336 0.606080
0 0.823562 0.590928 0.941213 0.606080
0 0.352955 0.666689 0.469381 0.681842
0 0.470607 0.666689 0.587033 0.681842
0 0.588258 0.666689 0.704684 0.681842
0 0.705910 0.666689 0.822336 0.681842
0 0.823562 0.666689 0.941213 0.681842
0 0.352955 0.742450 0.469381 0.757604
0 0.470607 0.742450 0.587033 0.757604
0 0.588258 0.742450 0.704684 0.757604
0 0.705910 0.742450 0.822336 0.757604
0 0.823562 0.742450 0.941213 0.757604
0 0.352955 0.803060 0.469381 0.818211
0 0.470607 0.803060 0.587033 0.818211
0 0.588258 0.803060 0.704684 0.818211
0 0.705910 0.803060 0.822336 0.818211
0 0.823562 0.803060 0.941213 0.818211
0 0.352955 0.909124 0.469381 0.924275
0 0.470607 0.909124 0.587033 0.924275
0 0.588258 0.909124 0.704684 0.924275
0 0.705910 0.909124 0.822336 0.924275
0 0.823562 0.909124 0.941213 0.924275
