0 0.082356 0.149358 0.600024 0.166675
0 0.600024 0.148996 0.941213 0.166675
0 0.082356 0.180636 0.600024 0.196980
0 0.600024 0.178987 0.941213 0.196980
0 0.082356 0.209353 0.600024 0.227282
0 0.600546 0.212131 0.658849 0.227282
0 0.658849 0.212131 0.764736 0.227282
0 0.781076 0.212131 0.835327 0.227282
0 0.835327 0.212131 0.941213 0.227282
0 0.082356 0.239909 0.600024 0.257587
0 0.600024 0.239909 0.941213 0.257587
0 0.082356 0.271266 0.600024 0.287893
0 0.600024 0.272738 0.658849 0.287889
0 0.658849 0.272738 0.764736 0.287889
0 0.781076 0.272738 0.835327 0.287889
0 0.835327 0.272738 0.941213 0.287889
0 0.109153 0.305568 0.122225 0.315669
0 0.109153 0.320719 0.122225 0.330820
0 0.109153 0.335870 0.122225 0.345971
0 0.109153 0.351024 0.122225 0.361126
0 0.109153 0.366175 0.122225 0.376277
0 0.109153 0.381326 0.122225 0.391427
0 0.285630 0.305568 0.298703 0.315669
0 0.285630 0.320719 0.298703 0.330820
0 0.285630 0.335870 0.298703 0.345971
0 0.285630 0.366175 0.298703 0.376277
0 0.285630 0.381326 0.298703 0.391427
0 0.285630 0.396481 0.298703 0.406582
0 0.615782 0.305568 0.628855 0.315669
0 0.615782 0.335870 0.628855 0.345971
0 0.615782 0.351024 0.628855 0.361126
0 0.615782 0.366175 0.628855 0.376277
0 0.615782 0.381326 0.628855 0.391427
0 0.686177 0.378802 0.941195 0.393953
0 0.109153 0.426786 0.122225 0.436888
0 0.304095 0.424262 0.494137 0.439417
0 0.109153 0.457092 0.122225 0.467193
0 0.328627 0.454568 0.494137 0.469718
0 0.109153 0.487393 0.122225 0.497495
0 0.304319 0.484869 0.494137 0.500020
0 0.672986 0.500024 0.941213 0.515175
0 0.190857 0.530330 0.365323 0.545480
0 0.390215 0.530330 0.447076 0.545480
0 0.591147 0.530330 0.776501 0.545480
0 0.802958 0.530330 0.858857 0.545480
0 0.811797 0.548004 0.824869 0.558106
0 0.882388 0.548004 0.895460 0.558106
0 0.109171 0.608616 0.122243 0.618717
0 0.426812 0.608608 0.439885 0.618709
0 0.109153 0.638917 0.122225 0.649019
0 0.297724 0.636393 0.941213 0.651544
0 0.105887 0.666696 0.941213 0.787913
0 0.635319 0.848524 0.938605 0.863675
0 0.141182 0.891453 0.388251 0.909131
0 0.787578 0.885771 0.800651 0.895872
0 0.826830 0.893978 0.941213 0.909131
0 0.247069 0.909131 0.705910 0.924282
0 0.247069 0.924282 0.705910 0.939433
0 0.788266 0.909131 0.941213 0.924282
0 0.776501 0.924282 0.941213 0.939433
