0 0.881407 0.107325 0.897748 0.119952
0 0.916703 0.107325 0.933043 0.119952
0 0.747088 0.121218 0.858857 0.136369
0 0.881407 0.152781 0.897748 0.165408
0 0.916703 0.152781 0.933043 0.165408
0 0.881407 0.183087 0.897748 0.195714
0 0.916703 0.183087 0.933043 0.195714
0 0.881407 0.198238 0.897748 0.210865
0 0.916703 0.198238 0.933043 0.210865
0 0.881407 0.228543 0.897748 0.241170
0 0.916703 0.228543 0.933043 0.241170
0 0.881407 0.274000 0.897748 0.286627
0 0.916703 0.274000 0.933043 0.286627
0 0.881407 0.319456 0.897748 0.332083
0 0.916703 0.319456 0.933043 0.332083
0 0.376485 0.409107 0.504677 0.424258
0 0.505902 0.409107 0.657624 0.424258
0 0.658849 0.409107 0.810571 0.424258
0 0.811797 0.409107 0.941213 0.424258
0 0.376485 0.424258 0.504677 0.439409
0 0.505902 0.424258 0.657624 0.439409
0 0.658849 0.424258 0.810571 0.439409
0 0.811797 0.424258 0.941213 0.439409
0 0.383022 0.439409 0.499366 0.454560
0 0.505902 0.439409 0.657624 0.454560
0 0.665386 0.439409 0.805260 0.454560
0 0.811797 0.439409 0.941213 0.454560
0 0.376485 0.454560 0.504677 0.469711
0 0.505902 0.454560 0.657624 0.469711
0 0.658849 0.454560 0.810571 0.469711
0 0.811797 0.454560 0.941213 0.469711
0 0.376485 0.469711 0.504677 0.484862
0 0.505902 0.469711 0.657624 0.484862
0 0.658849 0.469711 0.810571 0.484862
0 0.811797 0.469711 0.941213 0.484862
0 0.376485 0.484862 0.504677 0.500013
0 0.505902 0.484862 0.657624 0.500013
0 0.658849 0.484862 0.810571 0.500013
0 0.811797 0.484862 0.941213 0.500013
0 0.376485 0.500013 0.504677 0.515163
0 0.505902 0.500013 0.657624 0.515163
0 0.658849 0.500013 0.810571 0.515163
0 0.811797 0.500013 0.941213 0.515163
0 0.376485 0.515163 0.504677 0.530314
0 0.505902 0.515163 0.657624 0.530314
0 0.658849 0.515163 0.810571 0.530314
0 0.811797 0.515163 0.941213 0.530314
0 0.376485 0.530314 0.504677 0.545465
0 0.505902 0.530314 0.657624 0.545465
0 0.658849 0.530314 0.810571 0.545465
0 0.811797 0.530314 0.941213 0.545465
0 0.376485 0.545465 0.504677 0.560616
0 0.505902 0.545465 0.657624 0.560616
0 0.658849 0.545465 0.810571 0.560616
0 0.811797 0.545465 0.941213 0.560616
0 0.376485 0.560616 0.504677 0.575767
0 0.505902 0.560616 0.657624 0.575767
0 0.658849 0.560616 0.810571 0.575767
0 0.811797 0.560616 0.941213 0.575767
0 0.383022 0.575767 0.499366 0.590918
0 0.505902 0.575767 0.657624 0.590918
0 0.665386 0.575767 0.805260 0.590918
0 0.811797 0.575767 0.941213 0.590918
0 0.376485 0.590918 0.504677 0.606069
0 0.505902 0.590918 0.657624 0.606069
0 0.658849 0.590918 0.810571 0.606069
0 0.811797 0.590918 0.941213 0.606069
0 0.383022 0.606069 0.499366 0.621220
0 0.505902 0.606069 0.657624 0.621220
0 0.665386 0.606069 0.805260 0.621220
0 0.811797 0.606069 0.941213 0.621220
0 0.376485 0.621220 0.504677 0.636370
0 0.505902 0.621220 0.657624 0.636370
0 0.658849 0.621220 0.810571 0.636370
0 0.811797 0.621220 0.941213 0.636370
0 0.376485 0.636370 0.504677 0.651521
0 0.505902 0.636370 0.657624 0.651521
0 0.658849 0.636370 0.810571 0.651521
0 0.811797 0.636370 0.941213 0.651521
0 0.383022 0.651521 0.499366 0.666672
0 0.505902 0.651521 0.657624 0.666672
0 0.665386 0.651521 0.805260 0.666672
0 0.811797 0.651521 0.941213 0.666672
0 0.376485 0.666672 0.504677 0.681823
0 0.505902 0.666672 0.657624 0.681823
0 0.658849 0.666672 0.810571 0.681823
0 0.811797 0.666672 0.941213 0.681823
0 0.376485 0.681823 0.504677 0.696974
0 0.505902 0.681823 0.657624 0.696974
0 0.658849 0.681823 0.810571 0.696974
0 0.811797 0.681823 0.941213 0.696974
0 0.376485 0.727279 0.504677 0.742430
0 0.505902 0.727279 0.657624 0.742430
0 0.658849 0.727279 0.810571 0.742430
0 0.811797 0.727279 0.941213 0.742430
0 0.376485 0.742430 0.504677 0.757581
0 0.505902 0.742430 0.657624 0.757581
0 0.658849 0.742430 0.810571 0.757581
0 0.811797 0.742430 0.941213 0.757581
0 0.376485 0.757581 0.504677 0.772732
0 0.505902 0.757581 0.657624 0.772732
0 0.658849 0.757581 0.810571 0.772732
0 0.811797 0.757581 0.941213 0.772732
0 0.376485 0.772732 0.504677 0.787883
0 0.505902 0.772732 0.657624 0.787883
0 0.658849 0.772732 0.810571 0.787883
0 0.811797 0.772732 0.941213 0.787883
0 0.376485 0.787883 0.504677 0.803034
0 0.505902 0.787883 0.657624 0.803034
0 0.658849 0.787883 0.810571 0.803034
0 0.811797 0.787883 0.941213 0.803034
0 0.376485 0.803034 0.504677 0.818185
0 0.505902 0.803034 0.657624 0.818185
0 0.658849 0.803034 0.810571 0.818185
0 0.811797 0.803034 0.941213 0.818185
0 0.376485 0.818185 0.504677 0.833335
0 0.505902 0.818185 0.657624 0.833335
0 0.658849 0.818185 0.810571 0.833335
0 0.811797 0.818185 0.941213 0.833335
0 0.376485 0.833335 0.504677 0.848486
0 0.505902 0.833335 0.657624 0.848486
0 0.658849 0.833335 0.810571 0.848486
0 0.811797 0.833335 0.941213 0.848486
0 0.376485 0.848486 0.504677 0.863637
0 0.505902 0.848486 0.657624 0.863637
0 0.658849 0.848486 0.810571 0.863637
0 0.811797 0.848486 0.941213 0.863637
0 0.376485 0.863637 0.504677 0.878788
0 0.505902 0.863637 0.657624 0.878788
0 0.658849 0.863637 0.810571 0.878788
0 0.811797 0.863637 0.941213 0.878788
0 0.376485 0.878788 0.504677 0.893939
0 0.505902 0.878788 0.657624 0.893939
0 0.658849 0.878788 0.810571 0.893939
0 0.811797 0.878788 0.941213 0.893939
0 0.376485 0.893939 0.504677 0.909090
0 0.505902 0.893939 0.657624 0.909090
0 0.658849 0.893939 0.810571 0.909090
0 0.811797 0.893939 0.941213 0.909090
0 0.376485 0.909090 0.504677 0.924241
0 0.505902 0.909090 0.657624 0.924241
0 0.658849 0.909090 0.810571 0.924241
0 0.811797 0.909090 0.941213 0.924241
0 0.376485 0.924241 0.504677 0.939391
0 0.512438 0.924241 0.652313 0.939391
0 0.658849 0.924241 0.810571 0.939391
0 0.818333 0.924241 0.934677 0.939391
0 0.376485 0.939391 0.504677 0.954542
0 0.505902 0.939391 0.657624 0.954542
0 0.658849 0.939391 0.810571 0.954542
0 0.811797 0.939391 0.941213 0.954542
