0 0.058824 0.118684 0.717647 0.136362
0 0.717647 0.118684 0.941176 0.136362
0 0.058824 0.148988 0.941176 0.166666
0 0.058824 0.179292 0.941176 0.196970
0 0.058824 0.212120 0.717647 0.227270
0 0.754655 0.212120 0.941176 0.227270
0 0.754655 0.242421 0.941176 0.257571
0 0.058828 0.272725 0.941181 0.287875
0 0.058824 0.318179 0.941176 0.333329
0 0.058824 0.348483 0.941176 0.363633
0 0.058824 0.378783 0.941176 0.393933
0 0.058824 0.409087 0.941176 0.424237
0 0.058824 0.439391 0.941176 0.454541
0 0.058824 0.469691 0.941176 0.484841
0 0.058824 0.499995 0.941176 0.515145
0 0.058824 0.530299 0.941176 0.545449
0 0.058828 0.560599 0.941181 0.575749
0 0.058824 0.590903 0.941176 0.606053
0 0.058824 0.621207 0.941176 0.636357
0 0.058824 0.651507 0.941176 0.666657
0 0.058824 0.681811 0.941176 0.696961
0 0.058824 0.712115 0.941176 0.727265
0 0.811770 0.757569 0.941181 0.772719
0 0.811770 0.787870 0.941181 0.803020
0 0.811770 0.818174 0.941181 0.833324
0 0.729417 0.893935 0.941181 0.909099
