0 0.058824 0.118686 0.645833 0.136364
0 0.647059 0.118686 0.941176 0.136364
0 0.058824 0.148990 0.645833 0.166668
0 0.647059 0.148990 0.941176 0.166668
0 0.058824 0.179294 0.645833 0.196972
0 0.647059 0.179294 0.941176 0.196972
0 0.505882 0.212122 0.645833 0.227273
0 0.505882 0.227273 0.645833 0.242423
0 0.800000 0.212122 0.941176 0.227273
0 0.800000 0.227273 0.941176 0.242423
0 0.364706 0.255049 0.505882 0.272727
0 0.505882 0.255049 0.647059 0.272727
0 0.648693 0.255049 0.941176 0.272727
0 0.800000 0.272727 0.941176 0.287878
0 0.811765 0.320706 0.824837 0.330807
0 0.882353 0.320706 0.895425 0.330807
0 0.811765 0.335856 0.824837 0.345957
0 0.882353 0.335856 0.895425 0.345957
0 0.870588 0.348486 0.941176 0.363636
0 0.105882 0.363636 0.941176 0.378787
0 0.811765 0.381311 0.824837 0.391412
0 0.882353 0.381311 0.895425 0.391412
0 0.411765 0.393941 0.529412 0.409091
0 0.800000 0.393941 0.941176 0.409091
0 0.811765 0.409091 0.941176 0.424241
0 0.800000 0.424241 0.941176 0.439391
0 0.800000 0.439395 0.941176 0.454545
0 0.811765 0.457069 0.824837 0.467170
0 0.882353 0.457069 0.895425 0.467170
0 0.811765 0.487374 0.824837 0.497475
0 0.882353 0.487374 0.895425 0.497475
0 0.388235 0.500000 0.482353 0.515150
0 0.494118 0.515150 0.552941 0.528407
0 0.576471 0.500000 0.670588 0.515150
0 0.682353 0.515150 0.741176 0.528407
0 0.764706 0.500000 0.858823 0.515150
0 0.870588 0.515150 0.929412 0.528407
0 0.376471 0.560605 0.469363 0.575755
0 0.470588 0.560605 0.561438 0.575755
0 0.564706 0.560605 0.657598 0.575755
0 0.658824 0.560605 0.751716 0.575755
0 0.752941 0.560605 0.845833 0.575755
0 0.847059 0.560605 0.941176 0.575755
0 0.376471 0.575755 0.469363 0.590905
0 0.470588 0.575755 0.561438 0.590905
0 0.564706 0.575755 0.657598 0.590905
0 0.658824 0.575755 0.749673 0.590905
0 0.752941 0.575755 0.845833 0.590905
0 0.847059 0.575755 0.941176 0.590905
0 0.376471 0.590905 0.469363 0.606056
0 0.470588 0.590905 0.561438 0.606056
0 0.564706 0.590905 0.657598 0.606056
0 0.658824 0.590905 0.749673 0.606056
0 0.752941 0.590905 0.845833 0.606056
0 0.847059 0.590905 0.941176 0.606056
0 0.376471 0.606056 0.469363 0.621206
0 0.470588 0.606056 0.561438 0.621206
0 0.564706 0.606056 0.657598 0.621206
0 0.658824 0.606056 0.749673 0.621206
0 0.752941 0.606056 0.845833 0.621206
0 0.847059 0.606056 0.941176 0.621206
0 0.376471 0.621206 0.469363 0.636356
0 0.470588 0.621206 0.561438 0.636356
0 0.564706 0.621206 0.657598 0.636356
0 0.658824 0.621206 0.749673 0.636356
0 0.752941 0.621206 0.845833 0.636356
0 0.847059 0.621206 0.941176 0.636356
0 0.376471 0.636356 0.469363 0.651506
0 0.470588 0.636356 0.561438 0.651506
0 0.564706 0.636356 0.657598 0.651506
0 0.658824 0.636356 0.749673 0.651506
0 0.752941 0.636356 0.845833 0.651506
0 0.847059 0.636356 0.941176 0.651506
0 0.376471 0.651506 0.469363 0.666657
0 0.470588 0.651506 0.561438 0.666657
0 0.564706 0.651506 0.657598 0.666657
0 0.658824 0.651506 0.749673 0.666657
0 0.752941 0.651506 0.845833 0.666657
0 0.847059 0.651506 0.941176 0.666657
0 0.376471 0.666657 0.469363 0.681807
0 0.470588 0.666657 0.561438 0.681807
0 0.564706 0.666657 0.657598 0.681807
0 0.658824 0.666657 0.749673 0.681807
0 0.752941 0.666657 0.845833 0.681807
0 0.847059 0.666657 0.941176 0.681807
0 0.376471 0.681807 0.469363 0.696957
0 0.470588 0.681807 0.561438 0.696957
0 0.564706 0.681807 0.657598 0.696957
0 0.658824 0.681807 0.749673 0.696957
0 0.752941 0.681807 0.845833 0.696957
0 0.847059 0.681807 0.941176 0.696957
0 0.376471 0.696957 0.469363 0.712107
0 0.470588 0.696957 0.561438 0.712107
0 0.564706 0.696957 0.657598 0.712107
0 0.658824 0.696957 0.749673 0.712107
0 0.752941 0.696957 0.845833 0.712107
0 0.847059 0.696957 0.941176 0.712107
0 0.376471 0.712107 0.469363 0.727258
0 0.470588 0.712107 0.561438 0.727258
0 0.564706 0.712107 0.657598 0.727258
0 0.658824 0.712107 0.749673 0.727258
0 0.752941 0.712107 0.845833 0.727258
0 0.847059 0.712107 0.941176 0.727258
0 0.376471 0.727258 0.469363 0.742408
0 0.470588 0.727258 0.561438 0.742408
0 0.564706 0.727258 0.657598 0.742408
0 0.658824 0.727258 0.749673 0.742408
0 0.752941 0.727258 0.845833 0.742408
0 0.847059 0.727258 0.941176 0.742408
0 0.376471 0.742408 0.469363 0.757558
0 0.470588 0.742408 0.561438 0.757558
0 0.564706 0.742408 0.657598 0.757558
0 0.658824 0.742408 0.749673 0.757558
0 0.752941 0.742408 0.845833 0.757558
0 0.847059 0.742408 0.941176 0.757558
0 0.376471 0.757558 0.469363 0.772708
0 0.470588 0.757558 0.561438 0.772708
0 0.564706 0.757558 0.657598 0.772708
0 0.658824 0.757558 0.749673 0.772708
0 0.752941 0.757558 0.845833 0.772708
0 0.847059 0.757558 0.941176 0.772708
0 0.376471 0.772708 0.469363 0.787859
0 0.470588 0.772708 0.561438 0.787859
0 0.564706 0.772708 0.657598 0.787859
0 0.658824 0.772708 0.749673 0.787859
0 0.752941 0.772708 0.845833 0.787859
0 0.847059 0.772708 0.941176 0.787859
0 0.376471 0.787859 0.469363 0.803009
0 0.470588 0.787859 0.561438 0.803009
0 0.564706 0.787859 0.657598 0.803009
0 0.658824 0.787859 0.749673 0.803009
0 0.752941 0.787859 0.845833 0.803009
0 0.847059 0.787859 0.941176 0.803009
0 0.376471 0.818160 0.469363 0.833313
0 0.470588 0.818160 0.561438 0.833313
0 0.564706 0.818160 0.657598 0.833313
0 0.658824 0.818160 0.749673 0.833313
0 0.752941 0.818160 0.845833 0.833313
0 0.847059 0.818160 0.941176 0.833313
0 0.376471 0.833313 0.469363 0.848463
0 0.470588 0.833313 0.561438 0.848463
0 0.564706 0.833313 0.657598 0.848463
0 0.658824 0.833313 0.749673 0.848463
0 0.752941 0.833313 0.845833 0.848463
0 0.847059 0.833313 0.941176 0.848463
0 0.847059 0.848486 0.941176 0.863636
0 0.705882 0.878790 0.941176 0.893939
0 0.142810 0.924242 0.387010 0.939395
0 0.787547 0.916035 0.800619 0.926136
0 0.823529 0.924242 0.941176 0.939395
0 0.247059 0.939395 0.704657 0.954545
0 0.247059 0.954545 0.704657 0.969696
0 0.788235 0.939395 0.941176 0.954545
0 0.776471 0.954545 0.941176 0.969696
