0 0.058826 0.121215 0.352955 0.151520
0 0.354589 0.121215 0.764736 0.151520
0 0.764736 0.121215 0.941213 0.151520
0 0.058826 0.151520 0.352955 0.181826
0 0.354589 0.151520 0.764736 0.181826
0 0.764736 0.151520 0.941213 0.181826
0 0.058826 0.181826 0.352955 0.212131
0 0.354589 0.181826 0.764736 0.212131
0 0.764736 0.181826 0.941213 0.212131
0 0.058826 0.212131 0.352955 0.242437
0 0.354589 0.212131 0.764736 0.242437
0 0.764736 0.212131 0.941213 0.242437
0 0.058826 0.242437 0.352955 0.272742
0 0.354589 0.242437 0.764736 0.272742
0 0.764736 0.242437 0.941213 0.272742
0 0.658867 0.287889 0.941213 0.303040
0 0.058826 0.303044 0.941213 0.333349
0 0.058826 0.333346 0.941213 0.363651
0 0.058826 0.363651 0.941213 0.393957
0 0.058826 0.393957 0.941213 0.424262
0 0.058826 0.424258 0.941213 0.454564
0 0.058826 0.454564 0.941213 0.484869
0 0.058826 0.484869 0.941213 0.515175
0 0.058826 0.515171 0.941213 0.545477
0 0.058826 0.545477 0.941213 0.575782
0 0.058826 0.575782 0.941213 0.606088
0 0.058826 0.606084 0.941213 0.636389
0 0.058826 0.636389 0.941213 0.666695
0 0.058826 0.666695 0.941213 0.697000
0 0.058826 0.696997 0.941213 0.727302
0 0.058826 0.727302 0.941213 0.757608
0 0.058826 0.757608 0.941213 0.787913
0 0.588258 0.833366 0.941213 0.848519
0 0.142816 0.876298 0.388251 0.893977
0 0.764048 0.870616 0.777120 0.880717
0 0.815065 0.876298 0.941213 0.893977
0 0.247069 0.893977 0.717675 0.909128
0 0.247069 0.909128 0.717675 0.924282
0 0.800031 0.893977 0.941213 0.909128
0 0.788266 0.909128 0.941213 0.924282
