0 0.576471 0.254545 0.941176 0.268182
0 0.082353 0.300000 0.100000 0.313636
0 0.494118 0.300000 0.511765 0.313636
0 0.058824 0.347727 0.076471 0.361364
0 0.352941 0.390909 0.941176 0.413636
0 0.394118 0.418182 0.588235 0.440909
0 0.235294 0.445455 0.941176 0.468182
0 0.264706 0.472727 0.588235 0.495455
0 0.658824 0.472727 0.729412 0.495455
0 0.828472 0.472727 0.941176 0.495455
0 0.082353 0.524091 0.100000 0.537727
0 0.258824 0.524091 0.276471 0.537727
0 0.435294 0.524091 0.452941 0.537727
0 0.235294 0.540909 0.458824 0.559091
0 0.517647 0.540909 0.764706 0.559091
0 0.776471 0.540909 0.794118 0.554545
0 0.864706 0.540909 0.882353 0.554545
0 0.352941 0.563636 0.941176 0.586364
0 0.394118 0.590909 0.588235 0.613636
0 0.235294 0.618182 0.941176 0.640909
0 0.264706 0.645455 0.588235 0.668182
0 0.658824 0.645455 0.729412 0.668182
0 0.829412 0.645455 0.941176 0.668182
0 0.082353 0.701364 0.100000 0.715000
0 0.258824 0.701364 0.276471 0.715000
0 0.435294 0.701364 0.452941 0.715000
0 0.235294 0.718182 0.458824 0.736364
0 0.517647 0.718182 0.764706 0.736364
0 0.776471 0.718182 0.794118 0.731818
0 0.864706 0.718182 0.882353 0.731818
0 0.058824 0.845455 0.358824 0.872727
0 0.370588 0.845455 0.641176 0.872727
0 0.652941 0.845455 0.941176 0.872727
0 0.058824 0.872727 0.358824 0.900000
0 0.370588 0.872727 0.641176 0.900000
0 0.652941 0.872727 0.941176 0.900000
0 0.058824 0.900000 0.358824 0.927273
0 0.370588 0.900000 0.641176 0.927273
0 0.652941 0.900000 0.941176 0.927273
0 0.058824 0.927273 0.358824 0.954545
0 0.370588 0.927273 0.641176 0.954545
0 0.652941 0.927273 0.941176 0.954545
