0 0.058824 0.130051 0.075163 0.142677
0 0.058824 0.150505 0.075163 0.163131
0 0.058824 0.173232 0.075163 0.185859
0 0.058824 0.198232 0.075163 0.210859
0 0.058824 0.218687 0.075163 0.231313
0 0.058824 0.241414 0.075163 0.254040
0 0.058824 0.264141 0.075163 0.276768
0 0.058954 0.289141 0.075294 0.301768
0 0.403150 0.281818 0.941176 0.304545
0 0.094118 0.304545 0.941176 0.327273
0 0.647059 0.443687 0.663399 0.456313
0 0.082353 0.443687 0.098693 0.456313
0 0.376471 0.443687 0.392810 0.456313
0 0.082484 0.466414 0.098824 0.479040
0 0.258824 0.459091 0.941176 0.481818
0 0.117647 0.481818 0.941176 0.500000
0 0.058824 0.586364 0.652941 0.600000
0 0.747059 0.745455 0.941176 0.768182
0 0.747059 0.786364 0.941176 0.809091
0 0.058824 0.868182 0.500000 0.890909
0 0.511765 0.868182 0.741176 0.890909
0 0.747059 0.868182 0.941176 0.890909
0 0.058824 0.931818 0.500000 0.954545
0 0.511765 0.931818 0.735294 0.954545
0 0.747059 0.931818 0.941176 0.954545
