0 0.058824 0.125455 0.611765 0.145455
0 0.623529 0.125455 0.941176 0.145455
0 0.058824 0.161818 0.611765 0.181818
0 0.058824 0.198182 0.611765 0.218182
0 0.058824 0.234545 0.347059 0.254545
0 0.358828 0.234545 0.611770 0.254545
0 0.623529 0.161818 0.941176 0.181818
0 0.623529 0.198182 0.941176 0.254545
0 0.058824 0.270909 0.494118 0.290909
0 0.505882 0.270909 0.941176 0.290909
0 0.058824 0.359091 0.329412 0.440909
0 0.358819 0.359091 0.941172 0.440909
0 0.058824 0.463636 0.329412 0.545455
0 0.358819 0.463636 0.941172 0.545455
0 0.058824 0.568182 0.329412 0.650000
0 0.358819 0.568182 0.941172 0.650000
0 0.058824 0.672727 0.329412 0.754545
0 0.358819 0.672727 0.941172 0.754545
0 0.058824 0.775455 0.435294 0.800000
0 0.447059 0.775455 0.788235 0.800000
0 0.800000 0.775455 0.941176 0.800000
0 0.058824 0.816364 0.435294 0.840909
0 0.447059 0.816364 0.788235 0.840909
0 0.800000 0.816364 0.941176 0.840909
0 0.058824 0.893636 0.435294 0.918182
0 0.447059 0.893636 0.788235 0.918182
0 0.800000 0.893636 0.941176 0.918182
0 0.058824 0.934545 0.435294 0.954545
0 0.447059 0.934545 0.941176 0.954545
