0 0.088235 0.136364 0.596405 0.154040
0 0.602941 0.136364 0.941176 0.154040
0 0.088235 0.179293 0.941176 0.195707
0 0.088235 0.218434 0.941176 0.236111
0 0.088235 0.257576 0.405229 0.273990
0 0.411765 0.257576 0.596405 0.273990
0 0.602941 0.257576 0.728758 0.273990
0 0.735294 0.257576 0.941176 0.273990
0 0.088235 0.334596 0.594771 0.352273
0 0.602941 0.334596 0.941176 0.352273
0 0.088235 0.377525 0.941176 0.393939
0 0.088235 0.419192 0.106209 0.433081
0 0.235294 0.419192 0.253268 0.433081
0 0.401961 0.419192 0.418301 0.433081
0 0.088235 0.476010 0.106209 0.489899
0 0.088235 0.503788 0.106209 0.517677
0 0.137255 0.542929 0.155229 0.555556
0 0.088235 0.565657 0.106209 0.579545
0 0.088235 0.593434 0.106209 0.607323
0 0.088235 0.665404 0.941176 0.847222
0 0.522876 0.931818 0.764706 0.949495
0 0.779412 0.931818 0.941176 0.949495
