0 0.676471 0.116364 0.823529 0.130000
0 0.058824 0.189091 0.347059 0.209091
0 0.358828 0.189091 0.641181 0.209091
0 0.652941 0.189091 0.941176 0.209091
0 0.058824 0.225455 0.758824 0.245455
0 0.770588 0.225455 0.941176 0.245455
0 0.058824 0.261818 0.494118 0.281818
0 0.505882 0.261818 0.758824 0.281818
0 0.770588 0.262293 0.941176 0.281818
0 0.058824 0.298182 0.347059 0.318182
0 0.358828 0.298182 0.641181 0.318182
0 0.652941 0.298182 0.941176 0.318182
0 0.058824 0.333718 0.941176 0.354545
0 0.058824 0.370909 0.641176 0.390909
0 0.652941 0.370909 0.941176 0.390909
0 0.058824 0.406446 0.494118 0.427273
0 0.505882 0.407273 0.758824 0.427273
0 0.770588 0.407273 0.941176 0.427273
0 0.058824 0.443636 0.347059 0.463636
0 0.358824 0.443636 0.641176 0.463636
0 0.652941 0.443636 0.941176 0.463636
0 0.058824 0.482323 0.075163 0.494949
0 0.500000 0.482323 0.516340 0.494949
0 0.058824 0.500505 0.075163 0.513131
0 0.500000 0.500505 0.516340 0.513131
0 0.058824 0.518687 0.075163 0.531313
0 0.500000 0.518687 0.516340 0.531313
0 0.058824 0.689091 0.941176 0.892727
