0 0.076417 0.317803 0.100926 0.336742
0 0.076417 0.354167 0.100926 0.373106
0 0.075946 0.390530 0.100456 0.409470
0 0.076417 0.426894 0.100926 0.445833
0 0.076417 0.463258 0.100926 0.482197
0 0.076417 0.500076 0.100926 0.519015
0 0.076417 0.536894 0.100926 0.555833
0 0.076417 0.573258 0.100926 0.592197
0 0.076417 0.609621 0.100926 0.628561
0 0.076417 0.645985 0.100926 0.664924
0 0.058824 0.708838 0.941176 0.736364
0 0.059144 0.754739 0.494438 0.781818
0 0.505882 0.754739 0.941176 0.781818
0 0.059144 0.800193 0.494438 0.827273
0 0.505882 0.800193 0.941176 0.827273
