0 0.058824 0.130000 0.941176 0.150000
0 0.058824 0.166364 0.494118 0.186364
0 0.505882 0.166364 0.941176 0.186364
0 0.058824 0.280000 0.941176 0.350000
0 0.058824 0.366364 0.941176 0.436364
0 0.058824 0.452727 0.494118 0.472727
0 0.505873 0.452727 0.941167 0.472727
0 0.058824 0.489091 0.941176 0.559091
0 0.058824 0.575455 0.941176 0.645455
0 0.058824 0.661818 0.494118 0.681818
0 0.505864 0.661818 0.941159 0.681818
0 0.058824 0.698182 0.941176 0.768182
0 0.058824 0.784545 0.941176 0.872727
0 0.058824 0.889091 0.494118 0.909091
0 0.505882 0.889091 0.941176 0.909091
