0 0.143791 0.121212 0.211765 0.135731
0 0.383333 0.121212 0.552941 0.135731
0 0.582353 0.121212 0.623529 0.135731
0 0.701961 0.121212 0.870588 0.135731
0 0.900000 0.121212 0.941176 0.135731
0 0.107516 0.164140 0.575245 0.181816
0 0.576471 0.164140 0.741176 0.181816
0 0.741176 0.164140 0.941176 0.181816
0 0.107516 0.194442 0.739951 0.212120
0 0.741176 0.194442 0.941176 0.212120
0 0.107516 0.224746 0.857598 0.242424
0 0.858823 0.224746 0.941176 0.242424
0 0.107516 0.255047 0.941176 0.272725
0 0.105882 0.305552 0.118954 0.315653
0 0.105882 0.321966 0.118954 0.332067
0 0.105882 0.350691 0.118954 0.360792
0 0.863235 0.410979 0.877941 0.422343
0 0.910294 0.410979 0.925000 0.422343
0 0.863235 0.426130 0.877941 0.437493
0 0.910294 0.426130 0.925000 0.437493
0 0.863235 0.441283 0.877941 0.452647
0 0.910294 0.441283 0.925000 0.452647
0 0.863235 0.486738 0.877941 0.498101
0 0.910294 0.486738 0.925000 0.498101
0 0.164706 0.621207 0.941176 0.636357
