0 0.272343 0.188351 0.907964 0.217162
0 0.063193 0.258828 0.546853 0.275242
0 0.551755 0.258828 0.706984 0.275242
0 0.059925 0.306808 0.919402 0.324485
0 0.082801 0.349737 0.117115 0.367414
0 0.118749 0.349737 0.262539 0.366152
0 0.550121 0.348475 0.922670 0.364889
0 0.141624 0.386354 0.159598 0.400242
0 0.244565 0.386354 0.260905 0.400242
0 0.383454 0.386354 0.401428 0.400242
0 0.527245 0.386354 0.543585 0.400242
0 0.675938 0.386354 0.919402 0.402768
0 0.089337 0.429283 0.917768 0.523980
0 0.091503 0.546717 0.109477 0.559343
0 0.513072 0.545455 0.531046 0.559343
0 0.540850 0.558081 0.916667 0.574495
0 0.091503 0.566919 0.109477 0.580808
0 0.093137 0.585859 0.109477 0.598485
0 0.117647 0.602273 0.449346 0.618687
0 0.511438 0.579545 0.529412 0.593434
0 0.537582 0.602273 0.916667 0.618687
0 0.089869 0.621212 0.919935 0.695707
0 0.091503 0.719697 0.109477 0.733586
0 0.403595 0.719697 0.419935 0.733586
0 0.715686 0.719697 0.733660 0.733586
0 0.091503 0.739899 0.109477 0.753788
0 0.403595 0.739899 0.419935 0.753788
0 0.549020 0.736111 0.923203 0.753788
0 0.089869 0.757576 0.921569 0.851010
