0 0.058824 0.018182 0.205882 0.040909
0 0.794118 0.018182 0.941176 0.040909
0 0.505882 0.098182 0.941176 0.118182
0 0.058824 0.098182 0.494118 0.118182
0 0.058824 0.157273 0.494118 0.177273
0 0.505882 0.157273 0.941176 0.177273
0 0.176471 0.180050 0.192810 0.192677
0 0.176471 0.198232 0.192810 0.210859
0 0.176471 0.216414 0.192810 0.229040
0 0.394118 0.180050 0.410458 0.192677
0 0.394118 0.198232 0.410458 0.210859
0 0.394118 0.216414 0.410458 0.229040
0 0.717647 0.180050 0.733987 0.192677
0 0.717647 0.198232 0.733987 0.210859
0 0.717647 0.216414 0.733987 0.229040
0 0.176471 0.234596 0.192810 0.247222
0 0.394118 0.234596 0.410458 0.247222
0 0.717647 0.234596 0.733987 0.247222
0 0.235294 0.250000 0.941176 0.268182
0 0.664706 0.270960 0.681046 0.283586
0 0.800000 0.270960 0.816340 0.283586
0 0.400000 0.289091 0.941176 0.302727
0 0.231765 0.307323 0.248105 0.319950
0 0.058824 0.325455 0.941176 0.404545
0 0.058824 0.500000 0.194118 0.511818
0 0.205882 0.500000 0.317647 0.513636
0 0.323529 0.500000 0.941176 0.511818
0 0.058824 0.513636 0.194118 0.525455
0 0.205882 0.513636 0.317647 0.527273
0 0.323529 0.513636 0.941176 0.525455
0 0.058824 0.527273 0.194118 0.539091
0 0.205882 0.527273 0.317647 0.540909
0 0.323529 0.527273 0.941176 0.539091
0 0.058824 0.540909 0.194118 0.552727
0 0.205882 0.540909 0.317647 0.554545
0 0.323529 0.540909 0.941176 0.552727
0 0.058824 0.584545 0.941176 0.609091
0 0.361176 0.611869 0.377516 0.624495
0 0.058824 0.630000 0.941176 0.700000
0 0.064706 0.723232 0.081046 0.735859
0 0.200000 0.722727 0.216471 0.737273
0 0.223529 0.722727 0.240000 0.737273
0 0.247059 0.722727 0.278824 0.737273
0 0.364706 0.723232 0.381046 0.735859
0 0.535294 0.722727 0.551765 0.737273
0 0.558824 0.722727 0.575294 0.737273
0 0.582353 0.722727 0.614118 0.737273
0 0.670588 0.723232 0.686928 0.735859
0 0.782353 0.723232 0.798693 0.735859
0 0.064706 0.745960 0.081046 0.758586
0 0.200000 0.747273 0.941176 0.763636
0 0.058824 0.802727 0.494118 0.822727
0 0.058824 0.839091 0.494118 0.859091
0 0.058824 0.875455 0.494118 0.895455
0 0.505882 0.816364 0.941176 0.895455
0 0.058824 0.911818 0.270588 0.931818
0 0.282353 0.911818 0.494118 0.931818
0 0.505882 0.911818 0.711765 0.931818
0 0.723529 0.911818 0.941176 0.931818
