0 0.058824 0.018182 0.317647 0.040909
0 0.058824 0.139091 0.494118 0.159091
0 0.505882 0.139091 0.941176 0.159091
0 0.058824 0.182323 0.075163 0.194950
0 0.341181 0.182323 0.357521 0.194950
0 0.658235 0.182323 0.674575 0.194950
0 0.058824 0.205051 0.075163 0.217677
0 0.341181 0.205051 0.357521 0.217677
0 0.658235 0.205051 0.674575 0.217677
0 0.058824 0.227778 0.075163 0.240404
0 0.341181 0.227778 0.357521 0.240404
0 0.658824 0.227778 0.675163 0.240404
0 0.058824 0.261818 0.941176 0.281818
0 0.882353 0.300000 0.941176 0.322727
0 0.882353 0.322727 0.941176 0.345455
0 0.882353 0.345455 0.941176 0.368182
0 0.882353 0.368182 0.941176 0.390909
0 0.882353 0.390909 0.941176 0.413636
0 0.776471 0.413636 0.941176 0.436364
0 0.058824 0.457273 0.941176 0.790909
0 0.058824 0.861818 0.347059 0.881818
0 0.358828 0.861818 0.641181 0.881818
0 0.652941 0.861818 0.788235 0.881818
0 0.800000 0.861818 0.941176 0.881818
0 0.058824 0.898182 0.494118 0.918182
0 0.058824 0.934545 0.941176 0.954545
0 0.505882 0.898182 0.941176 0.918182
