0 0.300000 0.139495 0.313072 0.149596
0 0.447059 0.139495 0.460131 0.149596
0 0.300000 0.162222 0.313072 0.172323
0 0.447059 0.162222 0.460131 0.172323
0 0.058824 0.193636 0.941176 0.222727
0 0.058824 0.266364 0.941176 0.286364
0 0.058824 0.302638 0.147059 0.322638
0 0.158824 0.302638 0.429412 0.322638
0 0.441176 0.302638 0.711765 0.322638
0 0.723529 0.302638 0.829412 0.322638
0 0.841176 0.302638 0.941176 0.322638
0 0.058824 0.339091 0.941176 0.359091
0 0.058824 0.375455 0.276471 0.395455
0 0.288235 0.375455 0.494118 0.395455
0 0.505882 0.375455 0.941176 0.395455
0 0.058824 0.434545 0.941176 0.454545
0 0.058824 0.470909 0.941176 0.490909
0 0.058824 0.507273 0.711765 0.527273
0 0.723529 0.507273 0.829412 0.527273
0 0.841176 0.507273 0.941176 0.527273
0 0.058824 0.570999 0.941176 0.590999
0 0.058824 0.607362 0.347059 0.627362
0 0.358824 0.607362 0.641176 0.627362
0 0.652941 0.607362 0.941176 0.627362
0 0.058824 0.643636 0.941176 0.663636
0 0.058824 0.680000 0.941176 0.700000
0 0.058824 0.739091 0.494118 0.759091
0 0.058824 0.775455 0.270588 0.795455
0 0.282353 0.775455 0.388235 0.795455
0 0.400000 0.775455 0.494118 0.795455
0 0.505882 0.739091 0.941176 0.759091
0 0.505882 0.775455 0.711765 0.795455
0 0.723529 0.775455 0.829412 0.795455
0 0.841176 0.775455 0.941176 0.795455
0 0.058824 0.834545 0.147059 0.854545
0 0.158824 0.834545 0.429412 0.854545
0 0.441176 0.834545 0.711765 0.854545
0 0.723529 0.834635 0.829412 0.854635
0 0.841176 0.834635 0.941176 0.854635
0 0.058824 0.870909 0.347059 0.890909
0 0.358824 0.870909 0.941176 0.890909
0 0.063456 0.915859 0.076528 0.925960
0 0.151691 0.915859 0.164763 0.925960
0 0.222279 0.915859 0.235351 0.925960
0 0.339926 0.915859 0.352998 0.925960
0 0.400000 0.909091 0.941176 0.927273
