0 0.622475 0.130719 0.953283 0.153595
0 0.045547 0.307271 0.136641 0.336743
0 0.136641 0.307271 0.207318 0.336743
0 0.207318 0.307271 0.259933 0.336743
0 0.259933 0.307271 0.342389 0.336743
0 0.342389 0.307271 0.396575 0.336743
0 0.396575 0.307271 0.450760 0.336743
0 0.450760 0.307271 0.513583 0.336743
0 0.513583 0.307271 0.577193 0.336743
0 0.577193 0.307271 0.640016 0.336743
0 0.640016 0.307271 0.703625 0.336743
0 0.703625 0.307271 0.764879 0.336743
0 0.764879 0.307271 0.828487 0.336743
0 0.828487 0.307271 0.891312 0.336743
0 0.891312 0.307271 0.954920 0.336743
0 0.207071 0.898693 0.260101 0.935998
0 0.260101 0.898693 0.342172 0.935998
0 0.342172 0.898693 0.396465 0.935998
0 0.045547 0.345889 0.136641 0.375361
0 0.045547 0.386141 0.136641 0.415613
0 0.045547 0.426394 0.136641 0.455864
0 0.045547 0.466645 0.136641 0.496118
0 0.045547 0.505263 0.136641 0.534735
0 0.045547 0.543882 0.136641 0.573353
0 0.045547 0.585768 0.136641 0.615240
0 0.045547 0.624386 0.136641 0.653858
0 0.045547 0.663003 0.136641 0.692475
0 0.045547 0.701623 0.136641 0.731093
0 0.045547 0.741874 0.136641 0.771346
0 0.045547 0.780492 0.136641 0.809964
0 0.045547 0.819111 0.136641 0.848582
0 0.045547 0.857728 0.136641 0.887200
0 0.136641 0.345889 0.207318 0.375361
0 0.136641 0.386141 0.207318 0.415613
0 0.136641 0.426394 0.207318 0.455864
0 0.136641 0.466645 0.207318 0.496118
0 0.136641 0.505263 0.207318 0.534735
0 0.136641 0.543882 0.207318 0.573353
0 0.136641 0.585768 0.207318 0.615240
0 0.136641 0.624386 0.207318 0.653858
0 0.136641 0.663003 0.207318 0.692475
0 0.136641 0.701623 0.207318 0.731093
0 0.136641 0.741874 0.207318 0.771346
0 0.136641 0.780492 0.207318 0.809964
0 0.136641 0.819111 0.207318 0.848582
0 0.136641 0.857728 0.207318 0.887200
0 0.207318 0.345889 0.259933 0.375361
0 0.207318 0.386141 0.259933 0.415613
0 0.207318 0.426394 0.259933 0.455864
0 0.207318 0.466645 0.259933 0.496118
0 0.207318 0.505263 0.259933 0.534735
0 0.207318 0.543882 0.259933 0.573353
0 0.207318 0.585768 0.259933 0.615240
0 0.207318 0.624386 0.259933 0.653858
0 0.207318 0.663003 0.259933 0.692475
0 0.207318 0.701623 0.259933 0.731093
0 0.207318 0.741874 0.259933 0.771346
0 0.207318 0.780492 0.259933 0.809964
0 0.207318 0.819111 0.259933 0.848582
0 0.207318 0.857728 0.259933 0.887200
0 0.259933 0.345889 0.342389 0.375361
0 0.259933 0.386141 0.342389 0.415613
0 0.259933 0.426394 0.342389 0.455864
0 0.259933 0.466645 0.342389 0.496118
0 0.259933 0.505263 0.342389 0.534735
0 0.259933 0.543882 0.342389 0.573353
0 0.259933 0.585768 0.342389 0.615240
0 0.259933 0.624386 0.342389 0.653858
0 0.259933 0.663003 0.342389 0.692475
0 0.259933 0.701623 0.342389 0.731093
0 0.259933 0.741874 0.342389 0.771346
0 0.259933 0.780492 0.342389 0.809964
0 0.259933 0.819111 0.342389 0.848582
0 0.259933 0.857728 0.342389 0.887200
0 0.342389 0.345889 0.396575 0.375361
0 0.342389 0.386141 0.396575 0.415613
0 0.342389 0.426394 0.396575 0.455864
0 0.342389 0.466645 0.396575 0.496118
0 0.342389 0.505263 0.396575 0.534735
0 0.342389 0.543882 0.396575 0.573353
0 0.342389 0.585768 0.396575 0.615240
0 0.342389 0.624386 0.396575 0.653858
0 0.342389 0.663003 0.396575 0.692475
0 0.342389 0.701623 0.396575 0.731093
0 0.342389 0.741874 0.396575 0.771346
0 0.342389 0.780492 0.396575 0.809964
0 0.342389 0.819111 0.396575 0.848582
0 0.342389 0.857728 0.396575 0.887200
0 0.396575 0.345889 0.450760 0.375361
0 0.396575 0.386141 0.450760 0.415613
0 0.396575 0.426394 0.450760 0.455864
0 0.396575 0.466645 0.450760 0.496118
0 0.396575 0.505263 0.450760 0.534735
0 0.396575 0.543882 0.450760 0.573353
0 0.396575 0.585768 0.450760 0.615240
0 0.396575 0.624386 0.450760 0.653858
0 0.396575 0.663003 0.450760 0.692475
0 0.396575 0.701623 0.450760 0.731093
0 0.396575 0.741874 0.450760 0.771346
0 0.396575 0.780492 0.450760 0.809964
0 0.396575 0.819111 0.450760 0.848582
0 0.396575 0.857728 0.450760 0.887200
0 0.450760 0.345889 0.513583 0.375361
0 0.450760 0.386141 0.513583 0.415613
0 0.450760 0.426394 0.513583 0.455864
0 0.450760 0.466645 0.513583 0.496118
0 0.450760 0.505263 0.513583 0.534735
0 0.450760 0.543882 0.513583 0.573353
0 0.450760 0.585768 0.513583 0.615240
0 0.450760 0.624386 0.513583 0.653858
0 0.450760 0.663003 0.513583 0.692475
0 0.450760 0.701623 0.513583 0.731093
0 0.450760 0.741874 0.513583 0.771346
0 0.450760 0.780492 0.513583 0.809964
0 0.450760 0.819111 0.513583 0.848582
0 0.450760 0.857728 0.513583 0.887200
0 0.513583 0.345889 0.577193 0.375361
0 0.513583 0.386141 0.577193 0.415613
0 0.513583 0.426394 0.577193 0.455864
0 0.513583 0.466645 0.577193 0.496118
0 0.513583 0.505263 0.577193 0.534735
0 0.513583 0.543882 0.577193 0.573353
0 0.513583 0.585768 0.577193 0.615240
0 0.513583 0.624386 0.577193 0.653858
0 0.513583 0.663003 0.577193 0.692475
0 0.513583 0.701623 0.577193 0.731093
0 0.513583 0.741874 0.577193 0.771346
0 0.513583 0.780492 0.577193 0.809964
0 0.513583 0.819111 0.577193 0.848582
0 0.513583 0.857728 0.577193 0.887200
0 0.577193 0.345889 0.640016 0.375361
0 0.577193 0.386141 0.640016 0.415613
0 0.577193 0.426394 0.640016 0.455864
0 0.577193 0.466645 0.640016 0.496118
0 0.577193 0.505263 0.640016 0.534735
0 0.577193 0.543882 0.640016 0.573353
0 0.577193 0.585768 0.640016 0.615240
0 0.577193 0.624386 0.640016 0.653858
0 0.577193 0.663003 0.640016 0.692475
0 0.577193 0.701623 0.640016 0.731093
0 0.577193 0.741874 0.640016 0.771346
0 0.577193 0.780492 0.640016 0.809964
0 0.577193 0.819111 0.640016 0.848582
0 0.577193 0.857728 0.640016 0.887200
0 0.640016 0.345889 0.703625 0.375361
0 0.640016 0.386141 0.703625 0.415613
0 0.640016 0.426394 0.703625 0.455864
0 0.640016 0.466645 0.703625 0.496118
0 0.640016 0.505263 0.703625 0.534735
0 0.640016 0.543882 0.703625 0.573353
0 0.640016 0.585768 0.703625 0.615240
0 0.640016 0.624386 0.703625 0.653858
0 0.640016 0.663003 0.703625 0.692475
0 0.640016 0.701623 0.703625 0.731093
0 0.640016 0.741874 0.703625 0.771346
0 0.640016 0.780492 0.703625 0.809964
0 0.640016 0.819111 0.703625 0.848582
0 0.640016 0.857728 0.703625 0.887200
0 0.703625 0.345889 0.764879 0.375361
0 0.703625 0.386141 0.764879 0.415613
0 0.703625 0.426394 0.764879 0.455864
0 0.703625 0.466645 0.764879 0.496118
0 0.703625 0.505263 0.764879 0.534735
0 0.703625 0.543882 0.764879 0.573353
0 0.703625 0.585768 0.764879 0.615240
0 0.703625 0.624386 0.764879 0.653858
0 0.703625 0.663003 0.764879 0.692475
0 0.703625 0.701623 0.764879 0.731093
0 0.703625 0.741874 0.764879 0.771346
0 0.703625 0.780492 0.764879 0.809964
0 0.703625 0.819111 0.764879 0.848582
0 0.703625 0.857728 0.764879 0.887200
0 0.764879 0.345889 0.828487 0.375361
0 0.764879 0.386141 0.828487 0.415613
0 0.764879 0.426394 0.828487 0.455864
0 0.764879 0.466645 0.828487 0.496118
0 0.764879 0.505263 0.828487 0.534735
0 0.764879 0.543882 0.828487 0.573353
0 0.764879 0.585768 0.828487 0.615240
0 0.764879 0.624386 0.828487 0.653858
0 0.764879 0.663003 0.828487 0.692475
0 0.764879 0.701623 0.828487 0.731093
0 0.764879 0.741874 0.828487 0.771346
0 0.764879 0.780492 0.828487 0.809964
0 0.764879 0.819111 0.828487 0.848582
0 0.764879 0.857728 0.828487 0.887200
0 0.828487 0.345889 0.891312 0.375361
0 0.828487 0.386141 0.891312 0.415613
0 0.828487 0.426394 0.891312 0.455864
0 0.828487 0.466645 0.891312 0.496118
0 0.828487 0.505263 0.891312 0.534735
0 0.828487 0.543882 0.891312 0.573353
0 0.828487 0.585768 0.891312 0.615240
0 0.828487 0.624386 0.891312 0.653858
0 0.828487 0.663003 0.891312 0.692475
0 0.828487 0.701623 0.891312 0.731093
0 0.828487 0.741874 0.891312 0.771346
0 0.828487 0.780492 0.891312 0.809964
0 0.828487 0.819111 0.891312 0.848582
0 0.828487 0.857728 0.891312 0.887200
0 0.891312 0.345889 0.954920 0.375361
0 0.891312 0.386141 0.954920 0.415613
0 0.891312 0.426394 0.954920 0.455864
0 0.891312 0.466645 0.954920 0.496118
0 0.891312 0.505263 0.954920 0.534735
0 0.891312 0.543882 0.954920 0.573353
0 0.891312 0.585768 0.954920 0.615240
0 0.891312 0.624386 0.954920 0.653858
0 0.891312 0.663003 0.954920 0.692475
0 0.891312 0.701623 0.954920 0.731093
0 0.891312 0.741874 0.954920 0.771346
0 0.891312 0.780492 0.954920 0.809964
0 0.891312 0.819111 0.954920 0.848582
0 0.891312 0.857728 0.954920 0.887200
0 0.396870 0.898693 0.451163 0.935998
0 0.452226 0.898693 0.512468 0.935998
0 0.515333 0.898693 0.575575 0.935998
0 0.577359 0.898693 0.639224 0.935998
0 0.641549 0.898693 0.701792 0.935998
0 0.703395 0.898693 0.764720 0.935998
0 0.766323 0.898693 0.828188 0.935998
0 0.829973 0.898693 0.890756 0.935998
0 0.892542 0.898693 0.954407 0.935998
