0 0.696791 0.025455 0.817647 0.040909
0 0.058824 0.152727 0.941176 0.177273
0 0.058824 0.193636 0.270588 0.218182
0 0.282353 0.193636 0.494118 0.218182
0 0.505882 0.193636 0.717647 0.218182
0 0.729412 0.193636 0.941176 0.218182
0 0.058824 0.234545 0.723529 0.259091
0 0.729412 0.234545 0.941176 0.259091
0 0.058824 0.307323 0.075163 0.319950
0 0.058954 0.334596 0.075294 0.347222
0 0.058824 0.430051 0.075163 0.442677
0 0.058824 0.680000 0.125542 0.695455
0 0.058824 0.702778 0.075163 0.715404
0 0.088596 0.880000 0.506243 0.904545
0 0.518008 0.880000 0.723891 0.904545
0 0.735294 0.880000 0.941176 0.904545
0 0.088596 0.927778 0.104936 0.940404
0 0.170949 0.927778 0.187289 0.940404
0 0.241538 0.927778 0.257877 0.940404
0 0.341181 0.927778 0.357521 0.940404
0 0.407194 0.927778 0.423534 0.940404
0 0.088596 0.789091 0.506243 0.813636
0 0.518008 0.789091 0.723891 0.813636
0 0.735294 0.789091 0.941176 0.813636
0 0.088596 0.836869 0.104936 0.849495
0 0.170949 0.836869 0.187289 0.849495
0 0.241538 0.836869 0.257877 0.849495
0 0.341176 0.836869 0.357516 0.849495
0 0.407190 0.836869 0.423529 0.849495
