0 0.696791 0.025455 0.817647 0.040909
0 0.205882 0.439091 0.558824 0.463636
0 0.570588 0.439091 0.747059 0.463636
0 0.758824 0.439091 0.941176 0.463636
0 0.205882 0.480000 0.941176 0.500000
0 0.205882 0.516364 0.941176 0.536364
0 0.205882 0.570909 0.441176 0.595455
0 0.452941 0.570909 0.688235 0.595455
0 0.700000 0.570909 0.941176 0.595455
0 0.205882 0.611818 0.564706 0.636364
0 0.576471 0.611818 0.941176 0.636364
0 0.758824 0.639091 0.941176 0.654545
0 0.758824 0.657273 0.941176 0.672727
0 0.758824 0.675454 0.941176 0.690909
0 0.758824 0.693636 0.941176 0.736364
0 0.758824 0.739091 0.941176 0.768182
0 0.758824 0.770909 0.941176 0.800000
0 0.758824 0.802727 0.941176 0.818182
0 0.205873 0.820960 0.222212 0.833586
0 0.205882 0.870909 0.564706 0.895455
0 0.576471 0.870909 0.941176 0.895455
0 0.205882 0.911818 0.564706 0.936364
0 0.576471 0.911818 0.941176 0.936364
0 0.205873 0.939141 0.222212 0.951768
0 0.205873 0.839141 0.222212 0.851768
0 0.088480 0.061818 0.506127 0.086364
0 0.517892 0.061818 0.723775 0.086364
0 0.735294 0.061818 0.941176 0.086364
0 0.088480 0.109596 0.104820 0.122222
0 0.170833 0.109596 0.187173 0.122222
0 0.241422 0.109596 0.257761 0.122222
0 0.341186 0.109596 0.357526 0.122222
0 0.407199 0.109596 0.423539 0.122222
0 0.088364 0.152727 0.506011 0.177273
0 0.517776 0.152727 0.723658 0.177273
0 0.735178 0.152727 0.941060 0.177273
0 0.088364 0.200505 0.104704 0.213131
0 0.170717 0.200505 0.187057 0.213131
0 0.241306 0.200505 0.257645 0.213131
0 0.341070 0.200505 0.357410 0.213131
0 0.407083 0.200505 0.423423 0.213131
0 0.088364 0.243636 0.506011 0.268182
0 0.517776 0.243636 0.723658 0.268182
0 0.735178 0.243636 0.941060 0.268182
0 0.088364 0.291414 0.104704 0.304040
0 0.170717 0.291414 0.187057 0.304040
0 0.241306 0.291414 0.257645 0.304040
0 0.341070 0.291414 0.357410 0.304040
0 0.407083 0.291414 0.423423 0.304040
