0 0.058824 0.461818 0.941176 0.486364
0 0.058824 0.502727 0.405882 0.527273
0 0.417647 0.502727 0.641176 0.527273
0 0.652941 0.502727 0.788235 0.527273
0 0.800000 0.502727 0.941176 0.527273
0 0.058824 0.543636 0.405882 0.568182
0 0.417647 0.543636 0.941176 0.568182
0 0.058824 0.613636 0.941176 0.636364
0 0.058824 0.636364 0.941176 0.659091
0 0.058824 0.659091 0.941176 0.681818
0 0.058824 0.681818 0.941176 0.704545
0 0.058824 0.766364 0.641176 0.795455
0 0.652941 0.766364 0.941176 0.795455
0 0.058824 0.811818 0.405882 0.840909
0 0.417647 0.811818 0.941176 0.840909
