0 0.956263 0.094052 0.966364 0.107124
0 0.924444 0.094052 0.934545 0.107124
0 0.882626 0.094052 0.892727 0.107124
0 0.427273 0.088235 0.468182 0.111765
0 0.956263 0.117582 0.966364 0.130654
0 0.924444 0.117582 0.934545 0.130654
0 0.882626 0.117582 0.892727 0.130654
0 0.956263 0.141111 0.966364 0.154183
0 0.924444 0.141111 0.934545 0.154183
0 0.882626 0.141111 0.892727 0.154183
0 0.956263 0.164641 0.966364 0.177712
0 0.924444 0.164641 0.934545 0.177712
0 0.882626 0.164641 0.892727 0.177712
0 0.956263 0.188170 0.966364 0.201242
0 0.924444 0.188170 0.934545 0.201242
0 0.882626 0.188170 0.892727 0.201242
0 0.956263 0.211699 0.966364 0.224771
0 0.924444 0.211699 0.934545 0.224771
0 0.882626 0.211699 0.892727 0.224771
0 0.956263 0.235229 0.966364 0.248301
0 0.924444 0.235229 0.934545 0.248301
0 0.882626 0.235229 0.892727 0.248301
0 0.956263 0.258758 0.966364 0.271830
0 0.924444 0.258758 0.934545 0.271830
0 0.882626 0.258758 0.892727 0.271830
0 0.956263 0.282288 0.966364 0.295359
0 0.924444 0.282288 0.934545 0.295359
0 0.882626 0.282288 0.892727 0.295359
0 0.956263 0.305817 0.966364 0.318889
0 0.924444 0.305817 0.934545 0.318889
0 0.882626 0.305817 0.892727 0.318889
0 0.956263 0.329346 0.966364 0.342418
0 0.924444 0.329346 0.934545 0.342418
0 0.882626 0.329346 0.892727 0.342418
0 0.956263 0.352876 0.966364 0.365948
0 0.924444 0.352876 0.934545 0.365948
0 0.882626 0.352876 0.892727 0.365948
0 0.956263 0.376405 0.966364 0.389477
0 0.924444 0.376405 0.934545 0.389477
0 0.882626 0.376405 0.892727 0.389477
0 0.956263 0.399935 0.966364 0.413007
0 0.924444 0.399935 0.934545 0.413007
0 0.882626 0.399935 0.892727 0.413007
0 0.956263 0.423464 0.966364 0.436536
0 0.924444 0.423464 0.934545 0.436536
0 0.882626 0.423464 0.892727 0.436536
0 0.956263 0.476405 0.966364 0.489477
0 0.924444 0.476405 0.934545 0.489477
0 0.882626 0.476405 0.892727 0.489477
0 0.231818 0.475817 0.241919 0.488889
0 0.163636 0.475817 0.173737 0.488889
0 0.956263 0.499935 0.966364 0.513007
0 0.924444 0.499935 0.934545 0.513007
0 0.882626 0.499935 0.892727 0.513007
0 0.623737 0.497712 0.636364 0.514052
0 0.351010 0.497712 0.363636 0.514052
0 0.487374 0.497712 0.500000 0.514052
0 0.214646 0.497712 0.227273 0.514052
0 0.956263 0.523464 0.966364 0.536536
0 0.924444 0.523464 0.934545 0.536536
0 0.882626 0.523464 0.892727 0.536536
0 0.956263 0.546993 0.966364 0.560065
0 0.924444 0.546993 0.934545 0.560065
0 0.882626 0.546993 0.892727 0.560065
0 0.696465 0.544771 0.709091 0.561111
0 0.419192 0.544771 0.431818 0.561111
0 0.696465 0.568301 0.709091 0.584641
0 0.419192 0.568301 0.431818 0.584641
0 0.956263 0.594052 0.966364 0.607124
0 0.924444 0.594052 0.934545 0.607124
0 0.882626 0.594052 0.892727 0.607124
0 0.956263 0.617582 0.966364 0.630654
0 0.924444 0.617582 0.934545 0.630654
0 0.882626 0.617582 0.892727 0.630654
0 0.956263 0.641111 0.966364 0.654183
0 0.924444 0.641111 0.934545 0.654183
0 0.882626 0.641111 0.892727 0.654183
0 0.956263 0.664641 0.966364 0.677712
0 0.924444 0.664641 0.934545 0.677712
0 0.882626 0.664641 0.892727 0.677712
0 0.956263 0.717582 0.966364 0.730654
0 0.924444 0.717582 0.934545 0.730654
0 0.882626 0.717582 0.892727 0.730654
0 0.956263 0.741111 0.966364 0.754183
0 0.924444 0.741111 0.934545 0.754183
0 0.882626 0.741111 0.892727 0.754183
0 0.956263 0.764641 0.966364 0.777712
0 0.924444 0.764641 0.934545 0.777712
0 0.882626 0.764641 0.892727 0.777712
0 0.956263 0.788170 0.966364 0.801242
0 0.924444 0.788170 0.934545 0.801242
0 0.882626 0.788170 0.892727 0.801242
0 0.445455 0.800000 0.522727 0.823529
0 0.956263 0.835229 0.966364 0.848301
0 0.924444 0.835229 0.934545 0.848301
0 0.882626 0.835229 0.892727 0.848301
0 0.956263 0.858758 0.966364 0.871830
0 0.924444 0.858758 0.934545 0.871830
0 0.882626 0.858758 0.892727 0.871830
0 0.956263 0.882288 0.966364 0.895360
0 0.924444 0.882288 0.934545 0.895360
0 0.882626 0.882288 0.892727 0.895360
0 0.022727 0.876471 0.268182 0.900000
0 0.956263 0.905817 0.966364 0.918889
0 0.924444 0.905817 0.934545 0.918889
0 0.882626 0.905817 0.892727 0.918889
0 0.956263 0.928758 0.966364 0.941830
0 0.924444 0.928758 0.934545 0.941830
0 0.882626 0.928758 0.892727 0.941830
