0 0.436364 0.058758 0.446465 0.071830
0 0.368182 0.058758 0.378283 0.071830
0 0.022727 0.052941 0.190909 0.076471
0 0.436362 0.105229 0.446463 0.118301
0 0.368181 0.105229 0.378282 0.118301
0 0.663636 0.146993 0.673737 0.160065
0 0.595455 0.146993 0.605556 0.160065
0 0.504545 0.146993 0.514646 0.160065
0 0.436364 0.146993 0.446465 0.160065
0 0.300000 0.146993 0.310101 0.160065
0 0.231818 0.146993 0.241919 0.160065
0 0.504545 0.170523 0.514646 0.183595
0 0.436364 0.170523 0.446465 0.183595
0 0.504545 0.194052 0.514646 0.207124
0 0.436364 0.194052 0.446465 0.207124
0 0.022727 0.188235 0.300000 0.211765
0 0.436364 0.217582 0.446465 0.230654
0 0.368182 0.217582 0.378283 0.230654
0 0.436364 0.241111 0.446465 0.254183
0 0.368182 0.241111 0.378283 0.254183
0 0.504545 0.311111 0.514646 0.324183
0 0.436364 0.311111 0.446465 0.324183
0 0.368182 0.311111 0.378283 0.324183
0 0.300000 0.311111 0.310101 0.324183
0 0.231818 0.311111 0.241919 0.324183
0 0.504545 0.334641 0.514646 0.347712
0 0.436364 0.334641 0.446465 0.347712
0 0.368182 0.334641 0.378283 0.347712
0 0.300000 0.334641 0.310101 0.347712
0 0.231818 0.334641 0.241919 0.347712
0 0.504545 0.358170 0.514646 0.371242
0 0.436364 0.358170 0.446465 0.371242
0 0.368182 0.358170 0.378283 0.371242
0 0.504545 0.381699 0.514646 0.394771
0 0.436364 0.381699 0.446465 0.394771
0 0.368182 0.381699 0.378283 0.394771
0 0.966364 0.428758 0.976465 0.441830
0 0.800000 0.428758 0.810101 0.441830
0 0.731818 0.428758 0.741919 0.441830
0 0.568182 0.428758 0.578283 0.441830
0 0.368182 0.428758 0.378283 0.441830
0 0.268182 0.428758 0.278283 0.441830
0 0.966364 0.475817 0.976465 0.488889
0 0.799636 0.475817 0.809737 0.488889
0 0.731818 0.475817 0.741919 0.488889
0 0.568182 0.475817 0.578283 0.488889
0 0.368182 0.475817 0.378283 0.488889
0 0.268182 0.475817 0.278283 0.488889
0 0.139091 0.475817 0.149192 0.488889
0 0.731818 0.499346 0.741919 0.512418
0 0.568182 0.499346 0.578283 0.512418
0 0.368182 0.499346 0.378283 0.512418
0 0.731818 0.522876 0.741919 0.535948
0 0.568182 0.522876 0.578283 0.535948
0 0.368182 0.522876 0.378283 0.535948
0 0.231818 0.522876 0.241919 0.535948
0 0.022727 0.556471 0.977273 0.796471
