0 0.022727 0.280000 0.290909 0.300000
0 0.300000 0.280000 0.363636 0.300000
0 0.372727 0.280000 0.636364 0.300000
0 0.645455 0.280000 0.790909 0.300000
0 0.895455 0.282288 0.905556 0.295359
0 0.936364 0.282288 0.946465 0.295359
0 0.022727 0.321176 0.290909 0.341176
0 0.300000 0.321176 0.363636 0.341176
0 0.372727 0.321176 0.636364 0.341176
0 0.645455 0.321176 0.790909 0.341176
0 0.895455 0.323464 0.905556 0.336536
0 0.936364 0.323464 0.946465 0.336536
0 0.022727 0.362353 0.440909 0.382353
0 0.450000 0.362353 0.527273 0.382353
0 0.536364 0.362353 0.790909 0.382353
0 0.800000 0.362353 0.881818 0.382353
0 0.890909 0.362353 0.977273 0.382353
0 0.022727 0.403529 0.177273 0.441176
0 0.186364 0.403529 0.422727 0.441176
0 0.890909 0.388170 0.901010 0.401242
0 0.936364 0.388170 0.946465 0.401242
0 0.627273 0.411699 0.637374 0.424771
0 0.681818 0.411699 0.691919 0.424771
0 0.890909 0.417582 0.901010 0.430654
0 0.936364 0.417582 0.946465 0.430654
0 0.022727 0.462353 0.177273 0.500000
0 0.186364 0.462353 0.422727 0.500000
0 0.890909 0.446993 0.901010 0.460065
0 0.936364 0.446993 0.946465 0.460065
0 0.627273 0.470523 0.637374 0.483595
0 0.681818 0.470523 0.691919 0.483595
0 0.890909 0.476405 0.901010 0.489477
0 0.936364 0.476405 0.946465 0.489477
0 0.627273 0.504346 0.637374 0.517418
0 0.681818 0.504346 0.691919 0.517418
0 0.727273 0.504346 0.737374 0.517418
0 0.890909 0.524935 0.901010 0.538007
0 0.936364 0.524935 0.946465 0.538007
0 0.659091 0.541176 0.977273 0.561765
0 0.235455 0.591111 0.245556 0.604183
0 0.235455 0.613170 0.245556 0.626242
0 0.890909 0.612582 0.901010 0.625654
0 0.936364 0.612582 0.946465 0.625654
0 0.890909 0.633170 0.901010 0.646242
0 0.936364 0.633170 0.946465 0.646242
0 0.235455 0.653758 0.245556 0.666830
0 0.640909 0.650000 0.750000 0.670588
0 0.235455 0.674346 0.245556 0.687418
0 0.640909 0.670588 0.750000 0.691176
0 0.235455 0.694935 0.245556 0.708007
0 0.640909 0.691176 0.750000 0.711765
0 0.829444 0.722876 0.839545 0.735948
0 0.022727 0.915294 0.133636 0.931765
0 0.139091 0.915294 0.188182 0.931765
0 0.193636 0.915294 0.256364 0.931765
0 0.261818 0.915294 0.320000 0.931765
0 0.325455 0.915294 0.365455 0.931765
0 0.370909 0.915294 0.424545 0.931765
0 0.430000 0.915294 0.483636 0.931765
0 0.489091 0.915294 0.538182 0.931765
0 0.543636 0.915294 0.620000 0.931765
0 0.625455 0.915294 0.679091 0.931765
0 0.684545 0.915294 0.742727 0.931765
0 0.748182 0.915294 0.801818 0.931765
0 0.807273 0.915294 0.888182 0.931765
0 0.893636 0.915294 0.977273 0.931765
0 0.022727 0.938824 0.133636 0.955294
0 0.139091 0.938824 0.188182 0.955294
0 0.193636 0.938824 0.256364 0.955294
0 0.261818 0.938824 0.320000 0.955294
0 0.325455 0.938824 0.365455 0.955294
0 0.370909 0.938824 0.424545 0.955294
0 0.430000 0.938824 0.483636 0.955294
0 0.489091 0.938824 0.538182 0.955294
0 0.543636 0.938824 0.620000 0.955294
0 0.625455 0.938824 0.679091 0.955294
0 0.684545 0.938824 0.742727 0.955294
0 0.748182 0.938824 0.801818 0.955294
0 0.807273 0.938824 0.888182 0.955294
0 0.893636 0.938824 0.977273 0.955294
