0 0.033535 0.094052 0.043636 0.107124
0 0.065354 0.094052 0.075455 0.107124
0 0.117172 0.094052 0.127273 0.107124
0 0.704545 0.088235 0.745455 0.111765
0 0.033535 0.117582 0.043636 0.130654
0 0.065354 0.117582 0.075455 0.130654
0 0.117172 0.117582 0.127273 0.130654
0 0.033535 0.141111 0.043636 0.154183
0 0.065354 0.141111 0.075455 0.154183
0 0.117172 0.141111 0.127273 0.154183
0 0.033535 0.164641 0.043636 0.177712
0 0.065354 0.164641 0.075455 0.177712
0 0.117172 0.164641 0.127273 0.177712
0 0.033535 0.188170 0.043636 0.201242
0 0.065354 0.188170 0.075455 0.201242
0 0.117172 0.188170 0.127273 0.201242
0 0.033535 0.211699 0.043636 0.224771
0 0.065354 0.211699 0.075455 0.224771
0 0.117172 0.211699 0.127273 0.224771
0 0.033535 0.235229 0.043636 0.248301
0 0.065354 0.235229 0.075455 0.248301
0 0.117172 0.235229 0.127273 0.248301
0 0.033535 0.258758 0.043636 0.271830
0 0.065354 0.258758 0.075455 0.271830
0 0.117172 0.258758 0.127273 0.271830
0 0.033535 0.282288 0.043636 0.295359
0 0.065354 0.282288 0.075455 0.295359
0 0.117172 0.282288 0.127273 0.295359
0 0.033535 0.305817 0.043636 0.318889
0 0.065354 0.305817 0.075455 0.318889
0 0.117172 0.305817 0.127273 0.318889
0 0.033535 0.329346 0.043636 0.342418
0 0.065354 0.329346 0.075455 0.342418
0 0.117172 0.329346 0.127273 0.342418
0 0.033535 0.352876 0.043636 0.365948
0 0.065354 0.352876 0.075455 0.365948
0 0.117172 0.352876 0.127273 0.365948
0 0.033535 0.376405 0.043636 0.389477
0 0.065354 0.376405 0.075455 0.389477
0 0.117172 0.376405 0.127273 0.389477
0 0.033535 0.399935 0.043636 0.413007
0 0.065354 0.399935 0.075455 0.413007
0 0.117172 0.399935 0.127273 0.413007
0 0.033535 0.423464 0.043636 0.436536
0 0.065354 0.423464 0.075455 0.436536
0 0.117172 0.423464 0.127273 0.436536
0 0.033535 0.476405 0.043636 0.489477
0 0.065354 0.476405 0.075455 0.489477
0 0.117172 0.476405 0.127273 0.489477
0 0.713636 0.475817 0.723737 0.488889
0 0.777273 0.475817 0.787374 0.488889
0 0.033535 0.499935 0.043636 0.513007
0 0.065354 0.499935 0.075455 0.513007
0 0.117172 0.499935 0.127273 0.513007
0 0.440404 0.499346 0.450505 0.512418
0 0.522222 0.499346 0.532323 0.512418
0 0.622222 0.499346 0.632323 0.512418
0 0.713131 0.499346 0.723232 0.512418
0 0.033535 0.523464 0.043636 0.536536
0 0.065354 0.523464 0.075455 0.536536
0 0.117172 0.523464 0.127273 0.536536
0 0.033535 0.547582 0.043636 0.560654
0 0.065354 0.547582 0.075455 0.560654
0 0.117172 0.547582 0.127273 0.560654
0 0.326768 0.546405 0.336869 0.559477
0 0.776567 0.546405 0.786668 0.559477
0 0.326768 0.569935 0.336869 0.583007
0 0.776768 0.569935 0.786869 0.583007
0 0.033535 0.594052 0.043636 0.607124
0 0.065354 0.594052 0.075455 0.607124
0 0.117172 0.594052 0.127273 0.607124
0 0.033535 0.617582 0.043636 0.630654
0 0.065354 0.617582 0.075455 0.630654
0 0.117172 0.617582 0.127273 0.630654
0 0.033535 0.641111 0.043636 0.654183
0 0.065354 0.641111 0.075455 0.654183
0 0.117172 0.641111 0.127273 0.654183
0 0.033535 0.664641 0.043636 0.677712
0 0.065354 0.664641 0.075455 0.677712
0 0.117172 0.664641 0.127273 0.677712
0 0.033535 0.717582 0.043636 0.730654
0 0.065354 0.717582 0.075455 0.730654
0 0.117172 0.717582 0.127273 0.730654
0 0.033535 0.741699 0.043636 0.754771
0 0.065354 0.741699 0.075455 0.754771
0 0.117172 0.741699 0.127273 0.754771
0 0.033535 0.782288 0.043636 0.795359
0 0.065354 0.782288 0.075455 0.795359
0 0.117172 0.782288 0.127273 0.795359
0 0.033535 0.805817 0.043636 0.818889
0 0.065354 0.805817 0.075455 0.818889
0 0.117172 0.805817 0.127273 0.818889
0 0.940909 0.800000 0.977273 0.823529
0 0.033535 0.829346 0.043636 0.842418
0 0.065354 0.829346 0.075455 0.842418
0 0.117172 0.829346 0.127273 0.842418
0 0.033535 0.852876 0.043636 0.865948
0 0.065354 0.852876 0.075455 0.865948
0 0.117172 0.852876 0.127273 0.865948
0 0.033535 0.876405 0.043636 0.889477
0 0.065354 0.876405 0.075455 0.889477
0 0.117172 0.876405 0.127273 0.889477
0 0.854545 0.870588 0.977273 0.894118
0 0.033535 0.899935 0.043636 0.913007
0 0.065354 0.899935 0.075455 0.913007
0 0.117172 0.899935 0.127273 0.913007
0 0.033535 0.923464 0.043636 0.936536
0 0.065354 0.923464 0.075455 0.936536
0 0.117172 0.923464 0.127273 0.936536
