0 0.727273 0.194118 0.829545 0.211765
0 0.022727 0.262353 0.259091 0.282353
0 0.268182 0.262353 0.304545 0.282353
0 0.313636 0.262353 0.540909 0.282353
0 0.550000 0.262353 0.745455 0.282353
0 0.890909 0.264641 0.901010 0.277712
0 0.936364 0.264641 0.946465 0.277712
0 0.022727 0.303529 0.259091 0.323529
0 0.268182 0.303529 0.304545 0.323529
0 0.313636 0.303529 0.540909 0.323529
0 0.550000 0.303529 0.745455 0.323529
0 0.890909 0.305817 0.901010 0.318889
0 0.936364 0.305817 0.946465 0.318889
0 0.022727 0.344706 0.422727 0.364706
0 0.431818 0.344706 0.581818 0.364706
0 0.590909 0.344706 0.790909 0.364706
0 0.800000 0.344706 0.881818 0.364706
0 0.890909 0.344706 0.977273 0.364706
0 0.022727 0.385882 0.240909 0.411765
0 0.250000 0.385882 0.422727 0.411765
0 0.890909 0.369935 0.901010 0.383007
0 0.936364 0.369935 0.946465 0.383007
0 0.677273 0.393464 0.687374 0.406536
0 0.722727 0.393464 0.732828 0.406536
0 0.890909 0.393464 0.901010 0.406536
0 0.936364 0.393464 0.946465 0.406536
0 0.022727 0.432941 0.240909 0.458824
0 0.250000 0.432941 0.422727 0.458824
0 0.890909 0.416993 0.901010 0.430065
0 0.936364 0.416993 0.946465 0.430065
0 0.677273 0.440523 0.687374 0.453595
0 0.722727 0.440523 0.732828 0.453595
0 0.890909 0.440523 0.901010 0.453595
0 0.936364 0.440523 0.946465 0.453595
0 0.722727 0.464052 0.732828 0.477124
0 0.768182 0.464052 0.778283 0.477124
0 0.813636 0.464052 0.823737 0.477124
0 0.052727 0.511111 0.062828 0.524183
0 0.098182 0.511111 0.108283 0.524183
0 0.885934 0.529412 0.977273 0.552941
0 0.176364 0.582288 0.186465 0.595359
0 0.176364 0.605817 0.186465 0.618889
0 0.890909 0.605229 0.901010 0.618301
0 0.936364 0.605229 0.946465 0.618301
0 0.890909 0.628758 0.901010 0.641830
0 0.936364 0.628758 0.946465 0.641830
0 0.176364 0.652876 0.186465 0.665948
0 0.650000 0.647059 0.759091 0.670588
0 0.176364 0.676405 0.186465 0.689477
0 0.650000 0.670588 0.759091 0.694118
0 0.176364 0.699935 0.186465 0.713007
0 0.868182 0.694118 0.977273 0.717647
0 0.777172 0.740523 0.787273 0.753595
0 0.022727 0.915294 0.156364 0.931765
0 0.161818 0.915294 0.215455 0.931765
0 0.220909 0.915294 0.283636 0.931765
0 0.289091 0.915294 0.338182 0.931765
0 0.343636 0.915294 0.388182 0.931765
0 0.393636 0.915294 0.460909 0.931765
0 0.466364 0.915294 0.515455 0.931765
0 0.520909 0.915294 0.570000 0.931765
0 0.575455 0.915294 0.633636 0.931765
0 0.639091 0.915294 0.706364 0.931765
0 0.711818 0.915294 0.779091 0.931765
0 0.784545 0.915294 0.833636 0.931765
0 0.839091 0.915294 0.897273 0.931765
0 0.902727 0.915294 0.977273 0.931765
0 0.022727 0.938824 0.156364 0.955294
0 0.161818 0.938824 0.215455 0.955294
0 0.220909 0.938824 0.283636 0.955294
0 0.289091 0.938824 0.338182 0.955294
0 0.343636 0.938824 0.388182 0.955294
0 0.393636 0.938824 0.460909 0.955294
0 0.466364 0.938824 0.515455 0.955294
0 0.520909 0.938824 0.570000 0.955294
0 0.575455 0.938824 0.633636 0.955294
0 0.639091 0.938824 0.706364 0.955294
0 0.711818 0.938824 0.779091 0.955294
0 0.784545 0.938824 0.833636 0.955294
0 0.839091 0.938824 0.897273 0.955294
0 0.902727 0.938824 0.977273 0.955294
