0 0.047059 0.102776 0.558824 0.118182
0 0.570588 0.102727 0.829412 0.118182
0 0.835294 0.103409 0.850000 0.114773
0 0.047059 0.134545 0.952941 0.150000
0 0.047059 0.166364 0.370588 0.181818
0 0.382353 0.166364 0.611765 0.181818
0 0.623529 0.166364 0.952941 0.181818
0 0.047059 0.198182 0.370588 0.213636
0 0.382353 0.198182 0.588235 0.213636
0 0.635294 0.197780 0.847059 0.213636
0 0.858823 0.198182 0.952941 0.213636
0 0.047059 0.270909 0.196471 0.283636
0 0.203529 0.270909 0.337647 0.283636
0 0.344706 0.270909 0.425882 0.283636
0 0.432941 0.270909 0.484706 0.283636
0 0.491765 0.270909 0.561176 0.283636
0 0.568235 0.270909 0.625882 0.283636
0 0.632941 0.270909 0.714118 0.283636
0 0.721176 0.270909 0.761176 0.283636
0 0.768235 0.270909 0.808235 0.283636
0 0.815294 0.270909 0.884706 0.283636
0 0.891765 0.270909 0.952941 0.283636
0 0.047059 0.304545 0.076471 0.322727
0 0.752941 0.333636 0.847059 0.347273
0 0.060000 0.368182 0.149412 0.381818
0 0.047059 0.407273 0.329412 0.427273
0 0.341176 0.407273 0.535294 0.427273
0 0.547059 0.407273 0.747059 0.427273
0 0.758824 0.407273 0.847059 0.427273
0 0.858823 0.407273 0.952941 0.427273
0 0.047059 0.484545 0.411765 0.504545
0 0.423529 0.484545 0.611765 0.504545
0 0.658824 0.484545 0.847059 0.504545
0 0.858823 0.484545 0.952941 0.504545
0 0.047064 0.539091 0.411770 0.559091
0 0.423529 0.539091 0.611765 0.559091
0 0.658824 0.539091 0.847059 0.559091
0 0.858823 0.539091 0.952941 0.559091
0 0.788235 0.627273 0.888235 0.640909
0 0.500000 0.638182 0.600000 0.651818
0 0.047059 0.680000 0.376471 0.700000
0 0.411765 0.681818 0.435294 0.695455
0 0.441176 0.681818 0.464706 0.695455
0 0.470588 0.681818 0.494118 0.695455
0 0.500000 0.681818 0.523529 0.695455
0 0.529412 0.681818 0.552941 0.695455
0 0.558824 0.681818 0.582353 0.695455
0 0.588235 0.681818 0.611765 0.695455
0 0.617647 0.681818 0.641176 0.695455
0 0.776471 0.681818 0.800000 0.695455
0 0.805882 0.681818 0.829412 0.695455
0 0.835294 0.681818 0.858823 0.695455
0 0.864706 0.681818 0.888235 0.695455
0 0.894118 0.681818 0.917647 0.695455
0 0.923529 0.681818 0.947059 0.695455
0 0.047059 0.716364 0.476471 0.736364
0 0.511765 0.718182 0.535294 0.731818
0 0.541176 0.718182 0.564706 0.731818
0 0.570588 0.718182 0.594118 0.731818
0 0.600000 0.718182 0.623529 0.731818
0 0.629412 0.718182 0.652941 0.731818
0 0.658824 0.718182 0.682353 0.731818
0 0.688235 0.718182 0.711765 0.731818
0 0.717647 0.718182 0.741176 0.731818
0 0.047059 0.755682 0.061765 0.767045
0 0.047059 0.773864 0.061765 0.785227
0 0.047059 0.792045 0.061765 0.803409
0 0.347059 0.755682 0.361765 0.767045
0 0.347059 0.773864 0.361765 0.785227
0 0.647059 0.755682 0.661765 0.767045
0 0.047059 0.842045 0.061765 0.853409
0 0.047059 0.869318 0.061765 0.880682
0 0.817647 0.840000 0.952941 0.854545
0 0.817647 0.867273 0.952941 0.881818
0 0.047059 0.943636 0.417647 0.963636
0 0.423529 0.934545 0.611765 0.963636
0 0.658824 0.934545 0.847059 0.963636
0 0.858823 0.934545 0.952941 0.963636
