0 0.028990 0.082288 0.039091 0.095359
0 0.059899 0.082288 0.070000 0.095359
0 0.118081 0.082288 0.128182 0.095359
0 0.859091 0.080000 0.890909 0.096471
0 0.028990 0.105817 0.039091 0.118889
0 0.059899 0.105817 0.070000 0.118889
0 0.118081 0.105817 0.128182 0.118889
0 0.028990 0.129346 0.039091 0.142418
0 0.059899 0.129346 0.070000 0.142418
0 0.118081 0.129346 0.128182 0.142418
0 0.028990 0.152876 0.039091 0.165948
0 0.059899 0.152876 0.070000 0.165948
0 0.118081 0.152876 0.128182 0.165948
0 0.028990 0.176405 0.039091 0.189477
0 0.059899 0.176405 0.070000 0.189477
0 0.118081 0.176405 0.128182 0.189477
0 0.028990 0.199935 0.039091 0.213007
0 0.059899 0.199935 0.070000 0.213007
0 0.118081 0.199935 0.128182 0.213007
0 0.028990 0.223464 0.039091 0.236536
0 0.059899 0.223464 0.070000 0.236536
0 0.118081 0.223464 0.128182 0.236536
0 0.028990 0.249346 0.039091 0.262418
0 0.059899 0.249346 0.070000 0.262418
0 0.118081 0.249346 0.128182 0.262418
0 0.028990 0.288170 0.039091 0.301242
0 0.059899 0.288170 0.070000 0.301242
0 0.118081 0.288170 0.128182 0.301242
0 0.028990 0.311699 0.039091 0.324771
0 0.059899 0.311699 0.070000 0.324771
0 0.118081 0.311699 0.128182 0.324771
0 0.028990 0.335229 0.039091 0.348301
0 0.059899 0.335229 0.070000 0.348301
0 0.118081 0.335229 0.128182 0.348301
0 0.028990 0.358758 0.039091 0.371830
0 0.059899 0.358758 0.070000 0.371830
0 0.118081 0.358758 0.128182 0.371830
0 0.028990 0.382288 0.039091 0.395359
0 0.059899 0.382288 0.070000 0.395359
0 0.118081 0.382288 0.128182 0.395359
0 0.028990 0.405817 0.039091 0.418889
0 0.059899 0.405817 0.070000 0.418889
0 0.118081 0.405817 0.128182 0.418889
0 0.028990 0.429346 0.039091 0.442418
0 0.059899 0.429346 0.070000 0.442418
0 0.118081 0.429346 0.128182 0.442418
0 0.028990 0.476405 0.039091 0.489477
0 0.059899 0.476405 0.070000 0.489477
0 0.118081 0.476405 0.128182 0.489477
0 0.795455 0.476405 0.805556 0.489477
0 0.845455 0.476405 0.855556 0.489477
0 0.028990 0.499935 0.039091 0.513007
0 0.059899 0.499935 0.070000 0.513007
0 0.118081 0.499935 0.128182 0.513007
0 0.481818 0.499935 0.491919 0.513007
0 0.595455 0.499935 0.605556 0.513007
0 0.731818 0.499935 0.741919 0.513007
0 0.845455 0.499935 0.855556 0.513007
0 0.028990 0.523464 0.039091 0.536536
0 0.059899 0.523464 0.070000 0.536536
0 0.118081 0.523464 0.128182 0.536536
0 0.028990 0.547582 0.039091 0.560654
0 0.059899 0.547582 0.070000 0.560654
0 0.118081 0.547582 0.128182 0.560654
0 0.386364 0.546993 0.396465 0.560065
0 0.709091 0.546993 0.719192 0.560065
0 0.386364 0.570523 0.396465 0.583595
0 0.709091 0.570523 0.719192 0.583595
0 0.028990 0.594052 0.039091 0.607124
0 0.059899 0.594052 0.070000 0.607124
0 0.118081 0.594052 0.128182 0.607124
0 0.028990 0.617582 0.039091 0.630654
0 0.059899 0.617582 0.070000 0.630654
0 0.118081 0.617582 0.128182 0.630654
0 0.028990 0.641111 0.039091 0.654183
0 0.059899 0.641111 0.070000 0.654183
0 0.118081 0.641111 0.128182 0.654183
0 0.028990 0.664641 0.039091 0.677712
0 0.059899 0.664641 0.070000 0.677712
0 0.118081 0.664641 0.128182 0.677712
0 0.028990 0.711699 0.039091 0.724771
0 0.059899 0.711699 0.070000 0.724771
0 0.118081 0.711699 0.128182 0.724771
0 0.028990 0.735229 0.039091 0.748301
0 0.059899 0.735229 0.070000 0.748301
0 0.118081 0.735229 0.128182 0.748301
0 0.028990 0.758758 0.039091 0.771830
0 0.059899 0.758758 0.070000 0.771830
0 0.118081 0.758758 0.128182 0.771830
0 0.028990 0.782876 0.039091 0.795948
0 0.059899 0.782876 0.070000 0.795948
0 0.118081 0.782876 0.128182 0.795948
0 0.200000 0.797647 0.977273 0.814118
0 0.028990 0.823464 0.039091 0.836536
0 0.059899 0.823464 0.070000 0.836536
0 0.118081 0.823464 0.128182 0.836536
0 0.028990 0.846993 0.039091 0.860065
0 0.059899 0.846993 0.070000 0.860065
0 0.118081 0.846993 0.128182 0.860065
0 0.028990 0.870523 0.039091 0.883595
0 0.059895 0.870523 0.069996 0.883595
0 0.118077 0.870523 0.128178 0.883595
0 0.704545 0.868235 0.977273 0.884706
0 0.028990 0.894052 0.039091 0.907124
0 0.059899 0.894052 0.070000 0.907124
0 0.118081 0.894052 0.128182 0.907124
0 0.028990 0.917582 0.039091 0.930654
0 0.059899 0.917582 0.070000 0.930654
0 0.118081 0.917582 0.128182 0.930654
