0 0.577273 0.058758 0.587374 0.071830
0 0.636364 0.058758 0.646465 0.071830
0 0.227273 0.070588 0.977273 0.094118
0 0.618182 0.122876 0.628283 0.135948
0 0.709091 0.122876 0.719192 0.135948
0 0.331818 0.170523 0.341919 0.183595
0 0.395455 0.170523 0.405556 0.183595
0 0.454545 0.170523 0.464646 0.183595
0 0.545455 0.170523 0.555556 0.183595
0 0.709091 0.170523 0.719192 0.183595
0 0.800000 0.170523 0.810101 0.183595
0 0.618182 0.194052 0.628283 0.207124
0 0.709091 0.194052 0.719192 0.207124
0 0.481818 0.217582 0.491919 0.230654
0 0.545455 0.217582 0.555556 0.230654
0 0.709091 0.211765 0.977273 0.235294
0 0.545455 0.241111 0.555556 0.254183
0 0.636364 0.241111 0.646465 0.254183
0 0.545455 0.264641 0.555556 0.277712
0 0.636364 0.264641 0.646465 0.277712
0 0.027273 0.381699 0.037374 0.394771
0 0.118182 0.381699 0.128283 0.394771
0 0.181818 0.381699 0.191919 0.394771
0 0.290909 0.381699 0.301010 0.394771
0 0.409091 0.381699 0.419192 0.394771
0 0.427273 0.405229 0.437374 0.418301
0 0.527273 0.405229 0.537374 0.418301
0 0.595455 0.405229 0.605556 0.418301
0 0.704545 0.405229 0.714646 0.418301
0 0.827273 0.405229 0.837374 0.418301
0 0.427273 0.428758 0.437374 0.441830
0 0.527273 0.428758 0.537374 0.441830
0 0.595455 0.428758 0.605556 0.441830
0 0.572727 0.452288 0.582828 0.465359
0 0.663636 0.452288 0.673737 0.465359
0 0.754545 0.452288 0.764646 0.465359
0 0.209091 0.475817 0.219192 0.488889
0 0.481818 0.475817 0.491919 0.488889
0 0.572727 0.475817 0.582828 0.488889
0 0.209091 0.499346 0.219192 0.512418
0 0.481818 0.499346 0.491919 0.512418
0 0.572727 0.499346 0.582828 0.512418
0 0.209091 0.522876 0.219192 0.535948
0 0.481818 0.522876 0.491919 0.535948
0 0.572727 0.522876 0.582828 0.535948
0 0.209091 0.546405 0.219192 0.559477
0 0.481818 0.546405 0.491919 0.559477
0 0.572727 0.546405 0.582828 0.559477
0 0.754545 0.546405 0.764646 0.559477
0 0.250000 0.569935 0.260101 0.583007
0 0.395455 0.569935 0.405556 0.583007
0 0.572727 0.569935 0.582828 0.583007
0 0.250000 0.593464 0.260101 0.606536
0 0.395455 0.593464 0.405556 0.606536
0 0.572727 0.593464 0.582828 0.606536
0 0.754545 0.593464 0.764646 0.606536
0 0.022727 0.632941 0.977273 0.784706
