0 0.022727 0.256471 0.281818 0.276471
0 0.290909 0.256471 0.327273 0.276471
0 0.336364 0.256471 0.590909 0.276471
0 0.600000 0.256471 0.745455 0.276471
0 0.754545 0.258758 0.764646 0.271830
0 0.800000 0.258758 0.810101 0.271830
0 0.022727 0.297647 0.281818 0.317647
0 0.290909 0.297647 0.327273 0.317647
0 0.336364 0.297647 0.590909 0.317647
0 0.600000 0.297647 0.745455 0.317647
0 0.868182 0.299935 0.878283 0.313007
0 0.918182 0.299935 0.928283 0.313007
0 0.022727 0.338824 0.463636 0.358824
0 0.472727 0.338824 0.527273 0.358824
0 0.536364 0.338824 0.790909 0.358824
0 0.800000 0.338824 0.872727 0.358824
0 0.881818 0.338824 0.977273 0.358824
0 0.022727 0.380000 0.240909 0.405882
0 0.250000 0.380000 0.463636 0.405882
0 0.877273 0.364641 0.887374 0.377712
0 0.922727 0.364641 0.932828 0.377712
0 0.663636 0.388170 0.673737 0.401242
0 0.709091 0.388170 0.719192 0.401242
0 0.877273 0.388170 0.887374 0.401242
0 0.922727 0.388170 0.932828 0.401242
0 0.022727 0.427059 0.240909 0.452941
0 0.250000 0.427059 0.463636 0.452941
0 0.877273 0.411699 0.887374 0.424771
0 0.922727 0.411699 0.932828 0.424771
0 0.663636 0.435229 0.673737 0.448301
0 0.709091 0.435229 0.719192 0.448301
0 0.877273 0.435229 0.887374 0.448301
0 0.922727 0.435229 0.932828 0.448301
0 0.663636 0.458758 0.673737 0.471830
0 0.709091 0.458758 0.719192 0.471830
0 0.772727 0.458758 0.782828 0.471830
0 0.877273 0.482288 0.887374 0.495359
0 0.922727 0.482288 0.932828 0.495359
0 0.631818 0.517647 0.977273 0.541176
0 0.112727 0.570523 0.122828 0.583595
0 0.112727 0.594052 0.122828 0.607124
0 0.877273 0.593464 0.887374 0.606536
0 0.922727 0.593464 0.932828 0.606536
0 0.877273 0.616993 0.887374 0.630065
0 0.922727 0.616993 0.932828 0.630065
0 0.112727 0.641111 0.122828 0.654183
0 0.481818 0.635294 0.613636 0.658824
0 0.112727 0.664641 0.122828 0.677712
0 0.481818 0.658824 0.613636 0.682353
0 0.112727 0.688170 0.122828 0.701242
0 0.481818 0.682353 0.613636 0.705882
0 0.858990 0.728758 0.869091 0.741830
0 0.022727 0.915294 0.183636 0.931765
0 0.189091 0.915294 0.247273 0.931765
0 0.252727 0.915294 0.320000 0.931765
0 0.325455 0.915294 0.374545 0.931765
0 0.380000 0.915294 0.420000 0.931765
0 0.425455 0.915294 0.479091 0.931765
0 0.484545 0.915294 0.542727 0.931765
0 0.548182 0.915294 0.592727 0.931765
0 0.598182 0.915294 0.647273 0.931765
0 0.652727 0.915294 0.715455 0.931765
0 0.720909 0.915294 0.774545 0.931765
0 0.780000 0.915294 0.833636 0.931765
0 0.839091 0.915294 0.901818 0.931765
0 0.907273 0.915294 0.977273 0.931765
0 0.022727 0.938824 0.183636 0.955294
0 0.189091 0.938824 0.247273 0.955294
0 0.252727 0.938824 0.320000 0.955294
0 0.325455 0.938824 0.374545 0.955294
0 0.380000 0.938824 0.420000 0.955294
0 0.425455 0.938824 0.479091 0.955294
0 0.484545 0.938824 0.542727 0.955294
0 0.548182 0.938824 0.592727 0.955294
0 0.598182 0.938824 0.647273 0.955294
0 0.652727 0.938824 0.715455 0.955294
0 0.720909 0.938824 0.774545 0.955294
0 0.780000 0.938824 0.833636 0.955294
0 0.839091 0.938824 0.901818 0.955294
0 0.907273 0.938824 0.977273 0.955294
