0 0.028990 0.082288 0.039091 0.095359
0 0.060808 0.082288 0.070909 0.095359
0 0.103535 0.082288 0.113636 0.095359
0 0.695455 0.080000 0.727273 0.096471
0 0.028990 0.105817 0.039091 0.118889
0 0.060808 0.105817 0.070909 0.118889
0 0.103535 0.105817 0.113636 0.118889
0 0.028990 0.129346 0.039091 0.142418
0 0.060808 0.129346 0.070909 0.142418
0 0.103535 0.129346 0.113636 0.142418
0 0.028990 0.152876 0.039091 0.165948
0 0.060808 0.152876 0.070909 0.165948
0 0.103535 0.152876 0.113636 0.165948
0 0.028990 0.176405 0.039091 0.189477
0 0.060808 0.176405 0.070909 0.189477
0 0.103535 0.176405 0.113636 0.189477
0 0.028990 0.199935 0.039091 0.213007
0 0.060808 0.199935 0.070909 0.213007
0 0.103535 0.199935 0.113636 0.213007
0 0.028990 0.223464 0.039091 0.236536
0 0.060808 0.223464 0.070909 0.236536
0 0.103535 0.223464 0.113636 0.236536
0 0.028990 0.246993 0.039091 0.260065
0 0.060808 0.246993 0.070909 0.260065
0 0.103535 0.246993 0.113636 0.260065
0 0.028990 0.270523 0.039091 0.283595
0 0.060808 0.270523 0.070909 0.283595
0 0.103535 0.270523 0.113636 0.283595
0 0.028990 0.294052 0.039091 0.307124
0 0.060808 0.294052 0.070909 0.307124
0 0.103535 0.294052 0.113636 0.307124
0 0.028990 0.317582 0.039091 0.330654
0 0.060808 0.317582 0.070909 0.330654
0 0.103535 0.317582 0.113636 0.330654
0 0.028990 0.341111 0.039091 0.354183
0 0.060808 0.341111 0.070909 0.354183
0 0.103535 0.341111 0.113636 0.354183
0 0.028990 0.364641 0.039091 0.377712
0 0.060808 0.364641 0.070909 0.377712
0 0.103535 0.364641 0.113636 0.377712
0 0.028990 0.388170 0.039091 0.401242
0 0.060808 0.388170 0.070909 0.401242
0 0.103535 0.388170 0.113636 0.401242
0 0.028990 0.411699 0.039091 0.424771
0 0.060808 0.411699 0.070909 0.424771
0 0.103535 0.411699 0.113636 0.424771
0 0.028990 0.458758 0.039091 0.471830
0 0.060808 0.458758 0.070909 0.471830
0 0.103535 0.458758 0.113636 0.471830
0 0.681818 0.458758 0.691919 0.471830
0 0.772727 0.458758 0.782828 0.471830
0 0.028990 0.482288 0.039091 0.495359
0 0.060808 0.482288 0.070909 0.495359
0 0.103535 0.482288 0.113636 0.495359
0 0.422727 0.482288 0.432828 0.495359
0 0.559091 0.482288 0.569192 0.495359
0 0.695455 0.482288 0.705556 0.495359
0 0.818182 0.482288 0.828283 0.495359
0 0.028990 0.505817 0.039091 0.518889
0 0.060808 0.505817 0.070909 0.518889
0 0.103535 0.505817 0.113636 0.518889
0 0.028990 0.529346 0.039091 0.542418
0 0.060808 0.529346 0.070909 0.542418
0 0.103535 0.529346 0.113636 0.542418
0 0.363636 0.529346 0.373737 0.542418
0 0.754545 0.529346 0.764646 0.542418
0 0.363636 0.552876 0.373737 0.565948
0 0.754545 0.552876 0.764646 0.565948
0 0.028990 0.576405 0.039091 0.589477
0 0.060808 0.576405 0.070909 0.589477
0 0.103535 0.576405 0.113636 0.589477
0 0.103535 0.599935 0.113636 0.613007
0 0.060808 0.599935 0.070909 0.613007
0 0.028990 0.599935 0.039091 0.613007
0 0.028990 0.623464 0.039091 0.636536
0 0.060808 0.623464 0.070909 0.636536
0 0.103535 0.623464 0.113636 0.636536
0 0.028990 0.646993 0.039091 0.660065
0 0.060808 0.646993 0.070909 0.660065
0 0.103535 0.646993 0.113636 0.660065
0 0.028990 0.694052 0.039091 0.707124
0 0.060808 0.694052 0.070909 0.707124
0 0.103535 0.694052 0.113636 0.707124
0 0.028990 0.717582 0.039091 0.730654
0 0.060808 0.717582 0.070909 0.730654
0 0.103535 0.717582 0.113636 0.730654
0 0.028990 0.758758 0.039091 0.771830
0 0.060808 0.758758 0.070909 0.771830
0 0.103535 0.758758 0.113636 0.771830
0 0.028990 0.782288 0.039091 0.795359
0 0.060808 0.782288 0.070909 0.795359
0 0.103535 0.782288 0.113636 0.795359
0 0.377273 0.791765 0.427273 0.811765
0 0.028990 0.823464 0.039091 0.836536
0 0.060808 0.823464 0.070909 0.836536
0 0.103535 0.823464 0.113636 0.836536
0 0.028990 0.846993 0.039091 0.860065
0 0.060808 0.846993 0.070909 0.860065
0 0.103535 0.846993 0.113636 0.860065
0 0.028990 0.870523 0.039091 0.883595
0 0.060804 0.870523 0.070905 0.883595
0 0.103532 0.870523 0.113633 0.883595
0 0.236364 0.882941 0.977273 0.902941
0 0.028990 0.911699 0.039091 0.924771
0 0.060808 0.911699 0.070909 0.924771
0 0.103535 0.911699 0.113636 0.924771
0 0.028990 0.935229 0.039091 0.948301
0 0.060808 0.935229 0.070909 0.948301
0 0.103535 0.935229 0.113636 0.948301
