0 0.956263 0.094052 0.966364 0.107124
0 0.924444 0.094052 0.934545 0.107124
0 0.882626 0.094052 0.892727 0.107124
0 0.381818 0.088235 0.477273 0.111765
0 0.956263 0.117582 0.966364 0.130654
0 0.924444 0.117582 0.934545 0.130654
0 0.882626 0.117582 0.892727 0.130654
0 0.956263 0.141111 0.966364 0.154183
0 0.924444 0.141111 0.934545 0.154183
0 0.882626 0.141111 0.892727 0.154183
0 0.956263 0.164641 0.966364 0.177712
0 0.924444 0.164641 0.934545 0.177712
0 0.882626 0.164641 0.892727 0.177712
0 0.956263 0.188170 0.966364 0.201242
0 0.924444 0.188170 0.934545 0.201242
0 0.882626 0.188170 0.892727 0.201242
0 0.956263 0.211699 0.966364 0.224771
0 0.924444 0.211699 0.934545 0.224771
0 0.882626 0.211699 0.892727 0.224771
0 0.956263 0.235229 0.966364 0.248301
0 0.924444 0.235229 0.934545 0.248301
0 0.882626 0.235229 0.892727 0.248301
0 0.956263 0.258758 0.966364 0.271830
0 0.924444 0.258758 0.934545 0.271830
0 0.882626 0.258758 0.892727 0.271830
0 0.956263 0.282288 0.966364 0.295359
0 0.924444 0.282288 0.934545 0.295359
0 0.882626 0.282288 0.892727 0.295359
0 0.956263 0.305817 0.966364 0.318889
0 0.924444 0.305817 0.934545 0.318889
0 0.882626 0.305817 0.892727 0.318889
0 0.956263 0.329346 0.966364 0.342418
0 0.924444 0.329346 0.934545 0.342418
0 0.882626 0.329346 0.892727 0.342418
0 0.956263 0.352876 0.966364 0.365948
0 0.924444 0.352876 0.934545 0.365948
0 0.882626 0.352876 0.892727 0.365948
0 0.956263 0.376405 0.966364 0.389477
0 0.924444 0.376405 0.934545 0.389477
0 0.882626 0.376405 0.892727 0.389477
0 0.956263 0.399935 0.966364 0.413007
0 0.924444 0.399935 0.934545 0.413007
0 0.882626 0.399935 0.892727 0.413007
0 0.956263 0.423464 0.966364 0.436536
0 0.924444 0.423464 0.934545 0.436536
0 0.882626 0.423464 0.892727 0.436536
0 0.956263 0.476405 0.966364 0.489477
0 0.924444 0.476405 0.934545 0.489477
0 0.882626 0.476405 0.892727 0.489477
0 0.417677 0.475817 0.427778 0.488889
0 0.331313 0.475817 0.341414 0.488889
0 0.956263 0.499935 0.966364 0.513007
0 0.924444 0.499935 0.934545 0.513007
0 0.882626 0.499935 0.892727 0.513007
0 0.599495 0.499346 0.609596 0.512418
0 0.522222 0.499346 0.532323 0.512418
0 0.417677 0.499346 0.427778 0.512418
0 0.331313 0.499346 0.341414 0.512418
0 0.956263 0.523464 0.966364 0.536536
0 0.924444 0.523464 0.934545 0.536536
0 0.882626 0.523464 0.892727 0.536536
0 0.956263 0.547582 0.966364 0.560654
0 0.924444 0.547582 0.934545 0.560654
0 0.882626 0.547582 0.892727 0.560654
0 0.663131 0.546405 0.673232 0.559477
0 0.417878 0.546405 0.427979 0.559477
0 0.663131 0.569935 0.673232 0.583007
0 0.417677 0.569935 0.427778 0.583007
0 0.956263 0.594052 0.966364 0.607124
0 0.924444 0.594052 0.934545 0.607124
0 0.882626 0.594052 0.892727 0.607124
0 0.956263 0.617582 0.966364 0.630654
0 0.924444 0.617582 0.934545 0.630654
0 0.882626 0.617582 0.892727 0.630654
0 0.956263 0.641111 0.966364 0.654183
0 0.924444 0.641111 0.934545 0.654183
0 0.882626 0.641111 0.892727 0.654183
0 0.956263 0.664641 0.966364 0.677712
0 0.924444 0.664641 0.934545 0.677712
0 0.882626 0.664641 0.892727 0.677712
0 0.956263 0.717582 0.966364 0.730654
0 0.924444 0.717582 0.934545 0.730654
0 0.882626 0.717582 0.892727 0.730654
0 0.956263 0.741111 0.966364 0.754183
0 0.924444 0.741111 0.934545 0.754183
0 0.882626 0.741111 0.892727 0.754183
0 0.956263 0.764641 0.966364 0.777712
0 0.924444 0.764641 0.934545 0.777712
0 0.882626 0.764641 0.892727 0.777712
0 0.956263 0.788170 0.966364 0.801242
0 0.924444 0.788170 0.934545 0.801242
0 0.882626 0.788170 0.892727 0.801242
0 0.240909 0.782353 0.290909 0.805882
0 0.956263 0.811699 0.966364 0.824771
0 0.924444 0.811699 0.934545 0.824771
0 0.882626 0.811699 0.892727 0.824771
0 0.956263 0.835229 0.966364 0.848301
0 0.924444 0.835229 0.934545 0.848301
0 0.882626 0.835229 0.892727 0.848301
0 0.956263 0.858758 0.966364 0.871830
0 0.924444 0.858758 0.934545 0.871830
0 0.882626 0.858758 0.892727 0.871830
0 0.200000 0.852941 0.313636 0.876471
0 0.956263 0.882288 0.966364 0.895360
0 0.924444 0.882288 0.934545 0.895360
0 0.882626 0.882288 0.892727 0.895360
0 0.956263 0.905817 0.966364 0.918889
0 0.924444 0.905817 0.934545 0.918889
0 0.882626 0.905817 0.892727 0.918889
