0 0.033535 0.088170 0.043636 0.101242
0 0.065354 0.088170 0.075455 0.101242
0 0.109899 0.088170 0.120000 0.101242
0 0.693182 0.082353 0.738636 0.105882
0 0.033535 0.112876 0.043636 0.125948
0 0.065354 0.112876 0.075455 0.125948
0 0.109899 0.112876 0.120000 0.125948
0 0.033535 0.136405 0.043636 0.149477
0 0.065354 0.136405 0.075455 0.149477
0 0.109899 0.136405 0.120000 0.149477
0 0.033535 0.159935 0.043636 0.173007
0 0.065354 0.159935 0.075455 0.173007
0 0.109899 0.159935 0.120000 0.173007
0 0.033535 0.183464 0.043636 0.196536
0 0.065354 0.183464 0.075455 0.196536
0 0.109899 0.183464 0.120000 0.196536
0 0.033535 0.206993 0.043636 0.220065
0 0.065354 0.206993 0.075455 0.220065
0 0.109899 0.206993 0.120000 0.220065
0 0.033535 0.230523 0.043636 0.243595
0 0.065354 0.230523 0.075455 0.243595
0 0.109899 0.230523 0.120000 0.243595
0 0.033535 0.254052 0.043636 0.267124
0 0.065354 0.254052 0.075455 0.267124
0 0.109899 0.254052 0.120000 0.267124
0 0.033535 0.277582 0.043636 0.290654
0 0.065354 0.277582 0.075455 0.290654
0 0.109899 0.277582 0.120000 0.290654
0 0.033535 0.301111 0.043636 0.314183
0 0.065354 0.301111 0.075455 0.314183
0 0.109899 0.301111 0.120000 0.314183
0 0.033535 0.324641 0.043636 0.337712
0 0.065354 0.324641 0.075455 0.337712
0 0.109899 0.324641 0.120000 0.337712
0 0.033535 0.348170 0.043636 0.361242
0 0.065354 0.348170 0.075455 0.361242
0 0.109899 0.348170 0.120000 0.361242
0 0.033535 0.371699 0.043636 0.384771
0 0.065354 0.371699 0.075455 0.384771
0 0.109899 0.371699 0.120000 0.384771
0 0.033535 0.395229 0.043636 0.408301
0 0.065354 0.395229 0.075455 0.408301
0 0.109899 0.395229 0.120000 0.408301
0 0.033535 0.418758 0.043636 0.431830
0 0.065354 0.418758 0.075455 0.431830
0 0.109899 0.418758 0.120000 0.431830
0 0.033535 0.478758 0.043636 0.491830
0 0.065354 0.478758 0.075455 0.491830
0 0.109899 0.478758 0.120000 0.491830
0 0.690909 0.485817 0.701010 0.498889
0 0.759091 0.485817 0.769192 0.498889
0 0.033535 0.509346 0.043636 0.522418
0 0.065354 0.509346 0.075455 0.522418
0 0.109899 0.509346 0.120000 0.522418
0 0.417677 0.508758 0.427778 0.521830
0 0.690404 0.508758 0.700505 0.521830
0 0.554040 0.508758 0.564141 0.521830
0 0.826768 0.508758 0.836869 0.521830
0 0.033535 0.532876 0.043636 0.545948
0 0.065354 0.532876 0.075455 0.545948
0 0.109899 0.532876 0.120000 0.545948
0 0.033535 0.556993 0.043636 0.570065
0 0.065354 0.556993 0.075455 0.570065
0 0.109899 0.556993 0.120000 0.570065
0 0.326768 0.555817 0.336869 0.568889
0 0.690404 0.555817 0.700505 0.568889
0 0.163131 0.579346 0.173232 0.592418
0 0.690404 0.579346 0.700505 0.592418
0 0.033535 0.603464 0.043636 0.616536
0 0.065354 0.603464 0.075455 0.616536
0 0.109899 0.603464 0.120000 0.616536
0 0.033535 0.625523 0.043636 0.638595
0 0.065354 0.625523 0.075455 0.638595
0 0.109899 0.625523 0.120000 0.638595
0 0.033535 0.647582 0.043636 0.660654
0 0.065354 0.647582 0.075455 0.660654
0 0.109899 0.647582 0.120000 0.660654
0 0.033535 0.671111 0.043636 0.684183
0 0.065354 0.671111 0.075455 0.684183
0 0.109899 0.671111 0.120000 0.684183
0 0.033535 0.723464 0.043636 0.736536
0 0.065354 0.723464 0.075455 0.736536
0 0.109899 0.723464 0.120000 0.736536
0 0.033535 0.752288 0.043636 0.765359
0 0.065354 0.752288 0.075455 0.765359
0 0.109899 0.752288 0.120000 0.765359
0 0.033535 0.780523 0.043636 0.793595
0 0.065354 0.780523 0.075455 0.793595
0 0.109899 0.780523 0.120000 0.793595
0 0.033535 0.800523 0.043636 0.813595
0 0.065354 0.800523 0.075455 0.813595
0 0.109899 0.800523 0.120000 0.813595
0 0.550000 0.812353 0.600000 0.831176
0 0.033535 0.836993 0.043636 0.850065
0 0.065354 0.836993 0.075455 0.850065
0 0.109899 0.836993 0.120000 0.850065
0 0.033535 0.858170 0.043636 0.871242
0 0.065354 0.858170 0.075455 0.871242
0 0.109899 0.858170 0.120000 0.871242
0 0.033535 0.878185 0.043636 0.891256
0 0.065350 0.878185 0.075451 0.891256
0 0.109895 0.878185 0.119996 0.891256
0 0.161364 0.888235 0.243182 0.908824
0 0.033535 0.915832 0.043636 0.928904
0 0.065354 0.915832 0.075455 0.928904
0 0.109899 0.915832 0.120000 0.928904
0 0.033535 0.939361 0.043636 0.952433
0 0.065354 0.939361 0.075455 0.952433
0 0.109899 0.939361 0.120000 0.952433
