0 0.022727 0.280000 0.254545 0.300000
0 0.263636 0.280000 0.345455 0.300000
0 0.354545 0.280000 0.581818 0.300000
0 0.590909 0.280000 0.718182 0.300000
0 0.727273 0.282288 0.737374 0.295359
0 0.818182 0.282288 0.828283 0.295359
0 0.022727 0.321176 0.254545 0.341176
0 0.263636 0.321176 0.345455 0.341176
0 0.354545 0.321176 0.581818 0.341176
0 0.590909 0.321176 0.718182 0.341176
0 0.727273 0.323464 0.737374 0.336536
0 0.818182 0.323464 0.828283 0.336536
0 0.022727 0.362353 0.409091 0.382353
0 0.418182 0.362353 0.454545 0.382353
0 0.463636 0.362353 0.718182 0.382353
0 0.727273 0.363265 0.809091 0.382353
0 0.818182 0.362353 0.977273 0.382353
0 0.022727 0.403529 0.195455 0.429412
0 0.204545 0.403529 0.409091 0.429412
0 0.872727 0.387582 0.882828 0.400654
0 0.927273 0.387582 0.937374 0.400654
0 0.618182 0.411111 0.628283 0.424183
0 0.672727 0.411111 0.682828 0.424183
0 0.872727 0.411111 0.882828 0.424183
0 0.927273 0.411111 0.937374 0.424183
0 0.022727 0.450588 0.195455 0.476471
0 0.204545 0.450588 0.409091 0.476471
0 0.872727 0.434641 0.882828 0.447712
0 0.927273 0.434641 0.937374 0.447712
0 0.618182 0.458170 0.628283 0.471242
0 0.672727 0.458170 0.682828 0.471242
0 0.872727 0.458170 0.882828 0.471242
0 0.927273 0.458170 0.937374 0.471242
0 0.618182 0.481699 0.628283 0.494771
0 0.672727 0.481699 0.682828 0.494771
0 0.727273 0.481699 0.737374 0.494771
0 0.872727 0.505229 0.882828 0.518301
0 0.927273 0.505229 0.937374 0.518301
0 0.613636 0.523529 0.977273 0.547059
0 0.235455 0.576405 0.245556 0.589477
0 0.235455 0.610229 0.245556 0.623301
0 0.872727 0.609641 0.882828 0.622712
0 0.927273 0.609641 0.937374 0.622712
0 0.872727 0.630229 0.882828 0.643301
0 0.927273 0.630229 0.937374 0.643301
0 0.235455 0.651405 0.245556 0.664477
0 0.659091 0.647059 0.768182 0.667647
0 0.235455 0.671993 0.245556 0.685065
0 0.659091 0.667647 0.768182 0.688235
0 0.235455 0.692582 0.245556 0.705654
0 0.659091 0.688235 0.768182 0.708824
0 0.849899 0.725817 0.860000 0.738889
0 0.022727 0.912941 0.174545 0.934118
0 0.180000 0.912941 0.233636 0.934118
0 0.239091 0.912941 0.297273 0.934118
0 0.302727 0.912941 0.351818 0.934118
0 0.357273 0.912941 0.406364 0.934118
0 0.411818 0.912941 0.465455 0.934118
0 0.470909 0.912941 0.524545 0.934118
0 0.530000 0.912941 0.579091 0.934118
0 0.584545 0.912941 0.642727 0.934118
0 0.648182 0.912941 0.701818 0.934118
0 0.707273 0.912941 0.770000 0.934118
0 0.775455 0.912941 0.838182 0.934118
0 0.843636 0.912941 0.906364 0.934118
0 0.911818 0.912941 0.977273 0.934118
0 0.022727 0.936471 0.174545 0.957647
0 0.180000 0.936471 0.233636 0.957647
0 0.239091 0.936471 0.297273 0.957647
0 0.302727 0.936471 0.351818 0.957647
0 0.357273 0.936471 0.406364 0.957647
0 0.411818 0.936471 0.465455 0.957647
0 0.470909 0.936471 0.524545 0.957647
0 0.530000 0.936471 0.579091 0.957647
0 0.584545 0.936471 0.642727 0.957647
0 0.648182 0.936471 0.701818 0.957647
0 0.707273 0.936471 0.770000 0.957647
0 0.775455 0.936471 0.838182 0.957647
0 0.843636 0.936471 0.906364 0.957647
0 0.911818 0.936471 0.977273 0.957647
