0 0.022727 0.256471 0.264545 0.276471
0 0.271818 0.256471 0.355455 0.276471
0 0.363636 0.256471 0.600000 0.276471
0 0.607273 0.256471 0.747273 0.276471
0 0.754545 0.258758 0.764646 0.271830
0 0.845455 0.258758 0.855556 0.271830
0 0.022727 0.297647 0.264545 0.317647
0 0.271818 0.297647 0.355455 0.317647
0 0.363636 0.297647 0.600000 0.317647
0 0.607273 0.297647 0.747273 0.317647
0 0.754545 0.299935 0.764646 0.313007
0 0.845455 0.299935 0.855556 0.313007
0 0.022727 0.338824 0.472727 0.358824
0 0.481818 0.338824 0.527273 0.358824
0 0.536364 0.338824 0.790909 0.358824
0 0.800000 0.338824 0.881818 0.358824
0 0.890909 0.338824 0.977273 0.358824
0 0.022727 0.380000 0.200000 0.405882
0 0.209091 0.380000 0.381818 0.405882
0 0.872727 0.364052 0.882828 0.377124
0 0.927273 0.364052 0.937374 0.377124
0 0.609091 0.387582 0.619192 0.400654
0 0.663636 0.387582 0.673737 0.400654
0 0.872727 0.387582 0.882828 0.400654
0 0.927273 0.387582 0.937374 0.400654
0 0.022727 0.427059 0.200000 0.452941
0 0.209091 0.427059 0.381818 0.452941
0 0.872727 0.411111 0.882828 0.424183
0 0.927273 0.411111 0.937374 0.424183
0 0.609091 0.434641 0.619192 0.447712
0 0.663636 0.434641 0.673737 0.447712
0 0.872727 0.434641 0.882828 0.447712
0 0.927273 0.434641 0.937374 0.447712
0 0.413636 0.458170 0.423737 0.471242
0 0.481818 0.458170 0.491919 0.471242
0 0.550000 0.458582 0.560101 0.471654
0 0.872727 0.481699 0.882828 0.494771
0 0.927273 0.481699 0.937374 0.494771
0 0.668182 0.517647 0.977273 0.541176
0 0.208182 0.576405 0.218283 0.589477
0 0.208182 0.604346 0.218283 0.617418
0 0.872727 0.603758 0.882828 0.616830
0 0.927273 0.603758 0.937374 0.616830
0 0.872727 0.625817 0.882828 0.638889
0 0.927273 0.625817 0.937374 0.638889
0 0.208182 0.648464 0.218283 0.661536
0 0.536364 0.644118 0.977273 0.664706
0 0.208182 0.676405 0.218283 0.689477
0 0.704545 0.665882 0.977273 0.700000
0 0.208182 0.705817 0.218283 0.718889
0 0.536364 0.700000 0.977273 0.723529
0 0.840808 0.731699 0.850909 0.744771
0 0.022727 0.912941 0.151818 0.934118
0 0.157273 0.912941 0.220000 0.934118
0 0.225455 0.912941 0.283636 0.934118
0 0.289091 0.912941 0.338182 0.934118
0 0.343636 0.912941 0.379091 0.934118
0 0.384545 0.912941 0.429091 0.934118
0 0.434545 0.912941 0.506364 0.934118
0 0.511818 0.912941 0.560909 0.934118
0 0.566364 0.912941 0.624545 0.934118
0 0.630000 0.912941 0.697273 0.934118
0 0.702727 0.912941 0.765455 0.934118
0 0.770909 0.912941 0.824545 0.934118
0 0.830000 0.912941 0.901818 0.934118
0 0.907273 0.912941 0.977273 0.934118
0 0.022727 0.936471 0.151818 0.957647
0 0.157273 0.936471 0.220000 0.957647
0 0.225455 0.936471 0.283636 0.957647
0 0.289091 0.936471 0.338182 0.957647
0 0.343636 0.936471 0.379091 0.957647
0 0.384545 0.936471 0.429091 0.957647
0 0.434545 0.936471 0.506364 0.957647
0 0.511818 0.936471 0.560909 0.957647
0 0.566364 0.936471 0.624545 0.957647
0 0.630000 0.936471 0.697273 0.957647
0 0.702727 0.936471 0.765455 0.957647
0 0.770909 0.936471 0.824545 0.957647
0 0.830000 0.936471 0.901818 0.957647
0 0.907273 0.936471 0.977273 0.957647
