0 0.022727 0.274118 0.272727 0.294118
0 0.281818 0.274118 0.409091 0.294118
0 0.418182 0.274118 0.663636 0.294118
0 0.672727 0.274118 0.790909 0.294118
0 0.800000 0.276405 0.810101 0.289477
0 0.890909 0.276405 0.901010 0.289477
0 0.022727 0.315294 0.272727 0.335294
0 0.281818 0.315294 0.409091 0.335294
0 0.418182 0.315294 0.663636 0.335294
0 0.672727 0.315294 0.790909 0.335294
0 0.800000 0.317582 0.810101 0.330654
0 0.890909 0.317582 0.901010 0.330654
0 0.022727 0.356471 0.481818 0.376471
0 0.490909 0.356471 0.527273 0.376471
0 0.536364 0.356471 0.790909 0.376471
0 0.800000 0.356471 0.881818 0.376471
0 0.890909 0.356471 0.977273 0.376471
0 0.022727 0.397647 0.195455 0.423529
0 0.204545 0.397647 0.409091 0.423529
0 0.872727 0.381699 0.882828 0.394771
0 0.927273 0.381699 0.937374 0.394771
0 0.636364 0.405229 0.646465 0.418301
0 0.690909 0.405229 0.701010 0.418301
0 0.872727 0.405229 0.882828 0.418301
0 0.927273 0.405229 0.937374 0.418301
0 0.022727 0.444706 0.195455 0.470588
0 0.204545 0.444706 0.409091 0.470588
0 0.872727 0.428758 0.882828 0.441830
0 0.927273 0.428758 0.937374 0.441830
0 0.636364 0.452288 0.646465 0.465359
0 0.690909 0.452288 0.701010 0.465359
0 0.872727 0.452288 0.882828 0.465359
0 0.927273 0.452288 0.937374 0.465359
0 0.636364 0.475817 0.646465 0.488889
0 0.690909 0.475817 0.701010 0.488889
0 0.745455 0.475817 0.755556 0.488889
0 0.872727 0.499346 0.882828 0.512418
0 0.927273 0.499346 0.937374 0.512418
0 0.622727 0.517647 0.977273 0.541176
0 0.235455 0.570523 0.245556 0.583595
0 0.235455 0.594052 0.245556 0.607124
0 0.872727 0.593464 0.882828 0.606536
0 0.927273 0.593464 0.937374 0.606536
0 0.872727 0.616993 0.882828 0.630065
0 0.927273 0.616993 0.937374 0.630065
0 0.235455 0.641111 0.245556 0.654183
0 0.618182 0.635294 0.727273 0.658824
0 0.235455 0.664641 0.245556 0.677712
0 0.618182 0.658824 0.727273 0.682353
0 0.235455 0.688170 0.245556 0.701242
0 0.618182 0.682353 0.727273 0.705882
0 0.854444 0.728758 0.864545 0.741830
0 0.022727 0.912941 0.192727 0.934118
0 0.198182 0.912941 0.260909 0.934118
0 0.266364 0.912941 0.324545 0.934118
0 0.330000 0.912941 0.379091 0.934118
0 0.384545 0.912941 0.424545 0.934118
0 0.430000 0.912941 0.474545 0.934118
0 0.480000 0.912941 0.533636 0.934118
0 0.539091 0.912941 0.579091 0.934118
0 0.584545 0.912941 0.642727 0.934118
0 0.648182 0.912941 0.706364 0.934118
0 0.711818 0.912941 0.774545 0.934118
0 0.780000 0.912941 0.833636 0.934118
0 0.839091 0.912941 0.901818 0.934118
0 0.907273 0.912941 0.977273 0.934118
0 0.022727 0.936471 0.192727 0.957647
0 0.198182 0.936471 0.260909 0.957647
0 0.266364 0.936471 0.324545 0.957647
0 0.330000 0.936471 0.379091 0.957647
0 0.384545 0.936471 0.424545 0.957647
0 0.430000 0.936471 0.474545 0.957647
0 0.480000 0.936471 0.533636 0.957647
0 0.539091 0.936471 0.579091 0.957647
0 0.584545 0.936471 0.642727 0.957647
0 0.648182 0.936471 0.706364 0.957647
0 0.711818 0.936471 0.774545 0.957647
0 0.780000 0.936471 0.833636 0.957647
0 0.839091 0.936471 0.901818 0.957647
0 0.907273 0.936471 0.977273 0.957647
