0 0.727273 0.256471 0.977273 0.276471
0 0.645455 0.256471 0.718182 0.276471
0 0.390909 0.256471 0.636364 0.276471
0 0.227273 0.256471 0.381818 0.276471
0 0.204545 0.258758 0.214646 0.271830
0 0.113636 0.258758 0.123737 0.271830
0 0.727273 0.297647 0.977273 0.317647
0 0.645455 0.297647 0.718182 0.317647
0 0.390909 0.297647 0.636364 0.317647
0 0.227273 0.297647 0.381818 0.317647
0 0.204545 0.299935 0.214646 0.313007
0 0.113636 0.299935 0.123737 0.313007
0 0.590909 0.338824 0.977273 0.358824
0 0.472727 0.338824 0.581818 0.358824
0 0.209091 0.338824 0.463636 0.358824
0 0.118182 0.338824 0.200000 0.358824
0 0.022727 0.338824 0.109091 0.358824
0 0.804545 0.380000 0.977273 0.405882
0 0.540909 0.380000 0.795455 0.405882
0 0.113636 0.364052 0.123737 0.377124
0 0.058684 0.364052 0.068785 0.377124
0 0.350000 0.387582 0.360101 0.400654
0 0.295455 0.387582 0.305556 0.400654
0 0.113636 0.387582 0.123737 0.400654
0 0.059091 0.387582 0.069192 0.400654
0 0.804545 0.427059 0.977273 0.452941
0 0.540909 0.427059 0.795455 0.452941
0 0.113636 0.411111 0.123737 0.424183
0 0.059091 0.411111 0.069192 0.424183
0 0.350000 0.434641 0.360101 0.447712
0 0.295455 0.434641 0.305556 0.447712
0 0.113636 0.434641 0.123737 0.447712
0 0.059091 0.434641 0.069192 0.447712
0 0.350000 0.458170 0.360101 0.471242
0 0.295455 0.458170 0.305556 0.471242
0 0.240909 0.458170 0.251010 0.471242
0 0.113636 0.481699 0.123737 0.494771
0 0.059091 0.481699 0.069192 0.494771
0 0.022727 0.500000 0.368683 0.523529
0 0.759091 0.552876 0.769192 0.565948
0 0.759091 0.576405 0.769192 0.589477
0 0.113636 0.575817 0.123737 0.588889
0 0.059091 0.575817 0.069192 0.588889
0 0.113636 0.599346 0.123737 0.612418
0 0.059091 0.599346 0.069192 0.612418
0 0.759091 0.623464 0.769192 0.636536
0 0.131818 0.617647 0.381818 0.641176
0 0.759091 0.646993 0.769192 0.660065
0 0.131818 0.641176 0.381818 0.664706
0 0.759091 0.670523 0.769192 0.683595
0 0.131818 0.664706 0.381818 0.688235
0 0.140808 0.711111 0.150909 0.724183
0 0.804545 0.889412 0.974545 0.910588
0 0.730000 0.889412 0.801818 0.910588
0 0.666364 0.889412 0.724545 0.910588
0 0.611818 0.889412 0.660909 0.910588
0 0.566364 0.889412 0.606364 0.910588
0 0.516364 0.889412 0.560909 0.910588
0 0.457273 0.889412 0.510909 0.910588
0 0.411818 0.889412 0.451818 0.910588
0 0.348182 0.889412 0.406364 0.910588
0 0.289091 0.889412 0.342727 0.910588
0 0.225455 0.889412 0.283636 0.910588
0 0.166364 0.889412 0.220000 0.910588
0 0.098182 0.889412 0.160909 0.910588
0 0.025455 0.889412 0.095455 0.910588
0 0.804545 0.912941 0.974545 0.934118
0 0.730000 0.912941 0.801818 0.934118
0 0.666364 0.912941 0.724545 0.934118
0 0.611818 0.912941 0.660909 0.934118
0 0.566364 0.912941 0.606364 0.934118
0 0.516364 0.912941 0.560909 0.934118
0 0.457273 0.912941 0.510909 0.934118
0 0.411818 0.912941 0.451818 0.934118
0 0.348182 0.912941 0.406364 0.934118
0 0.289091 0.912941 0.342727 0.934118
0 0.225455 0.912941 0.283636 0.934118
0 0.166364 0.912941 0.220000 0.934118
0 0.098182 0.912941 0.160909 0.934118
0 0.025455 0.912941 0.095455 0.934118
0 0.804545 0.936471 0.974545 0.957647
0 0.730000 0.936471 0.801818 0.957647
0 0.666364 0.936471 0.724545 0.957647
0 0.611818 0.936471 0.660909 0.957647
0 0.566364 0.936471 0.606364 0.957647
0 0.516364 0.936471 0.560909 0.957647
0 0.457273 0.936471 0.510909 0.957647
0 0.411818 0.936471 0.451818 0.957647
0 0.348182 0.936471 0.406364 0.957647
0 0.289091 0.936471 0.342727 0.957647
0 0.225455 0.936471 0.283636 0.957647
0 0.166364 0.936471 0.220000 0.957647
0 0.098182 0.936471 0.160909 0.957647
0 0.025455 0.936471 0.095455 0.957647
