0 0.022727 0.280000 0.236364 0.300000
0 0.245455 0.280000 0.372727 0.300000
0 0.381818 0.280000 0.590909 0.300000
0 0.600000 0.280000 0.727273 0.300000
0 0.736364 0.282288 0.746465 0.295359
0 0.827273 0.282288 0.837374 0.295359
0 0.022727 0.321176 0.236364 0.341176
0 0.245455 0.320765 0.372727 0.341176
0 0.381818 0.321176 0.590909 0.341176
0 0.600000 0.321176 0.727273 0.341176
0 0.736364 0.323464 0.746465 0.336536
0 0.827273 0.323464 0.837374 0.336536
0 0.022727 0.362353 0.481818 0.382353
0 0.490909 0.362353 0.531818 0.382353
0 0.540909 0.362353 0.790909 0.382353
0 0.800000 0.362353 0.881818 0.382353
0 0.890909 0.362353 0.977273 0.382353
0 0.022727 0.403529 0.218182 0.429412
0 0.227273 0.403529 0.450000 0.429412
0 0.872727 0.387582 0.882828 0.400654
0 0.927273 0.387582 0.937374 0.400654
0 0.627273 0.411111 0.637374 0.424183
0 0.681818 0.411111 0.691919 0.424183
0 0.872727 0.411111 0.882828 0.424183
0 0.927273 0.411111 0.937374 0.424183
0 0.022727 0.450588 0.218182 0.476471
0 0.227273 0.450588 0.450000 0.476471
0 0.872727 0.434641 0.882828 0.447712
0 0.927273 0.434641 0.937374 0.447712
0 0.627273 0.458170 0.637374 0.471242
0 0.681818 0.458170 0.691919 0.471242
0 0.872727 0.458170 0.882828 0.471242
0 0.927273 0.458170 0.937374 0.471242
0 0.627273 0.481699 0.637374 0.494771
0 0.681818 0.481699 0.691919 0.494771
0 0.736364 0.481699 0.746465 0.494771
0 0.872727 0.505229 0.882828 0.518301
0 0.927273 0.505229 0.937374 0.518301
0 0.550000 0.523529 0.977273 0.547059
0 0.235455 0.576405 0.245556 0.589477
0 0.235455 0.599935 0.245556 0.613007
0 0.872727 0.599346 0.882828 0.612418
0 0.927273 0.599346 0.937374 0.612418
0 0.872727 0.622876 0.882828 0.635948
0 0.927273 0.622876 0.937374 0.635948
0 0.235455 0.646993 0.245556 0.660065
0 0.650000 0.641176 0.759091 0.664706
0 0.235455 0.670523 0.245556 0.683595
0 0.650000 0.664706 0.759091 0.688235
0 0.235455 0.694052 0.245556 0.707124
0 0.650000 0.688235 0.759091 0.711765
0 0.804444 0.722876 0.814545 0.735948
0 0.022727 0.912941 0.170000 0.934118
0 0.175455 0.912941 0.233636 0.934118
0 0.239091 0.912941 0.297273 0.934118
0 0.302727 0.912941 0.360909 0.934118
0 0.366364 0.912941 0.420000 0.934118
0 0.425455 0.912941 0.474545 0.934118
0 0.480000 0.912941 0.529091 0.934118
0 0.534545 0.912941 0.579091 0.934118
0 0.584545 0.912941 0.642727 0.934118
0 0.648182 0.912941 0.706364 0.934118
0 0.711818 0.912941 0.774545 0.934118
0 0.780000 0.912941 0.833636 0.934118
0 0.839091 0.912941 0.901818 0.934118
0 0.907273 0.912941 0.977273 0.934118
0 0.022727 0.936471 0.170000 0.957647
0 0.175455 0.936471 0.233636 0.957647
0 0.239091 0.936471 0.297273 0.957647
0 0.302727 0.936471 0.360909 0.957647
0 0.366364 0.936471 0.420000 0.957647
0 0.425455 0.936471 0.474545 0.957647
0 0.480000 0.936471 0.529091 0.957647
0 0.534545 0.936471 0.579091 0.957647
0 0.584545 0.936471 0.642727 0.957647
0 0.648182 0.936471 0.706364 0.957647
0 0.711818 0.936471 0.774545 0.957647
0 0.780000 0.936471 0.833636 0.957647
0 0.839091 0.936471 0.901818 0.957647
0 0.907273 0.936471 0.977273 0.957647
