0 0.372727 0.058758 0.382828 0.071830
0 0.436364 0.058758 0.446465 0.071830
0 0.695455 0.052941 0.977273 0.076471
0 0.527273 0.105229 0.537374 0.118301
0 0.618182 0.105229 0.628283 0.118301
0 0.436364 0.152876 0.446465 0.165948
0 0.345455 0.152876 0.355556 0.165948
0 0.527273 0.152876 0.537374 0.165948
0 0.618182 0.152876 0.628283 0.165948
0 0.709091 0.152876 0.719192 0.165948
0 0.800000 0.152876 0.810101 0.165948
0 0.436364 0.176405 0.446465 0.189477
0 0.527273 0.176405 0.537374 0.189477
0 0.345455 0.199935 0.355556 0.213007
0 0.436364 0.199935 0.446465 0.213007
0 0.590909 0.194118 0.977273 0.217647
0 0.436364 0.223464 0.446465 0.236536
0 0.527273 0.223464 0.537374 0.236536
0 0.436364 0.246993 0.446465 0.260065
0 0.527273 0.246993 0.537374 0.260065
0 0.345455 0.322876 0.355556 0.335948
0 0.436364 0.322876 0.446465 0.335948
0 0.527273 0.322876 0.537374 0.335948
0 0.618182 0.322876 0.628283 0.335948
0 0.709091 0.322876 0.719192 0.335948
0 0.345455 0.346405 0.355556 0.359477
0 0.436364 0.346405 0.446465 0.359477
0 0.527273 0.346405 0.537374 0.359477
0 0.618182 0.346405 0.628283 0.359477
0 0.709091 0.346405 0.719192 0.359477
0 0.345455 0.369935 0.355556 0.383007
0 0.436364 0.369935 0.446465 0.383007
0 0.527273 0.369935 0.537374 0.383007
0 0.345455 0.393464 0.355556 0.406536
0 0.436364 0.393464 0.446465 0.406536
0 0.527273 0.393464 0.537374 0.406536
0 0.022727 0.440523 0.032828 0.453595
0 0.250000 0.440523 0.260101 0.453595
0 0.345455 0.440523 0.355556 0.453595
0 0.504545 0.440523 0.514646 0.453595
0 0.709091 0.440523 0.719192 0.453595
0 0.800000 0.440523 0.810101 0.453595
0 0.022727 0.487582 0.032828 0.500654
0 0.250000 0.487582 0.260101 0.500654
0 0.345455 0.487582 0.355556 0.500654
0 0.504545 0.487582 0.514646 0.500654
0 0.709091 0.487582 0.719192 0.500654
0 0.800000 0.487582 0.810101 0.500654
0 0.890909 0.487582 0.901010 0.500654
0 0.250000 0.511111 0.260101 0.524183
0 0.395455 0.511111 0.405556 0.524183
0 0.559091 0.511111 0.569192 0.524183
0 0.250000 0.534641 0.260101 0.547712
0 0.395455 0.534641 0.405556 0.547712
0 0.559091 0.534641 0.569192 0.547712
0 0.709091 0.534641 0.719192 0.547712
0 0.022727 0.585882 0.977273 0.808235
