0 0.211765 0.090909 0.464706 0.109091
0 0.517647 0.090909 0.782353 0.109091
0 0.888235 0.090909 0.941176 0.109091
0 0.117647 0.109091 0.464706 0.127273
0 0.558824 0.109091 0.941176 0.127273
0 0.152941 0.127273 0.188235 0.150000
0 0.200000 0.127273 0.235294 0.150000
0 0.247059 0.127273 0.300000 0.150000
0 0.405882 0.127273 0.582353 0.154545
0 0.705882 0.127273 0.941176 0.154545
0 0.458824 0.157955 0.473529 0.169318
0 0.529412 0.157955 0.544118 0.169318
0 0.811765 0.157955 0.826471 0.169318
0 0.882353 0.157955 0.897059 0.169318
0 0.247059 0.172727 0.941176 0.190909
0 0.105882 0.190909 0.464706 0.209091
0 0.529412 0.190909 0.723529 0.209091
0 0.811765 0.190909 0.941176 0.209091
0 0.252941 0.209091 0.941176 0.227273
0 0.176471 0.227273 0.941176 0.245455
0 0.176471 0.245455 0.394118 0.263636
0 0.529412 0.245455 0.723529 0.263636
0 0.823529 0.245455 0.941176 0.263636
0 0.217647 0.263636 0.464706 0.281818
0 0.683201 0.263636 0.941176 0.281818
0 0.188235 0.285227 0.202941 0.296591
0 0.258824 0.285227 0.273529 0.296591
0 0.600000 0.285227 0.614706 0.296591
0 0.670588 0.285227 0.685294 0.296591
0 0.600000 0.303409 0.614706 0.314773
0 0.670588 0.303409 0.685294 0.314773
0 0.152941 0.351136 0.167647 0.362500
0 0.211765 0.351136 0.226471 0.362500
0 0.317647 0.351136 0.332353 0.362500
0 0.376471 0.351136 0.391176 0.362500
0 0.482353 0.351136 0.497059 0.362500
0 0.541176 0.351136 0.555882 0.362500
0 0.647059 0.351136 0.661765 0.362500
0 0.705882 0.351136 0.720588 0.362500
0 0.811765 0.351136 0.826471 0.362500
0 0.882353 0.351136 0.897059 0.362500
0 0.058824 0.463636 0.170588 0.481818
0 0.182353 0.463636 0.300000 0.481818
0 0.311765 0.463636 0.382353 0.481818
0 0.394118 0.463636 0.476471 0.481818
0 0.488235 0.463636 0.547059 0.481818
0 0.558824 0.463636 0.652941 0.481818
0 0.664706 0.463636 0.723529 0.481818
0 0.735294 0.463636 0.794118 0.481818
0 0.805882 0.463636 0.864706 0.481818
0 0.876471 0.463636 0.941176 0.481818
0 0.058824 0.481818 0.170588 0.500000
0 0.182353 0.481818 0.300000 0.500000
0 0.311765 0.481818 0.382353 0.500000
0 0.394118 0.481818 0.476471 0.500000
0 0.488235 0.481818 0.547059 0.500000
0 0.558824 0.481818 0.652941 0.500000
0 0.664706 0.481818 0.723529 0.500000
0 0.735294 0.481818 0.794118 0.500000
0 0.805882 0.481818 0.864706 0.500000
0 0.876471 0.481818 0.941176 0.500000
0 0.058824 0.500000 0.170588 0.518182
0 0.182353 0.500000 0.300000 0.518182
0 0.311765 0.500000 0.382353 0.518182
0 0.394118 0.500000 0.476471 0.518182
0 0.488235 0.500000 0.547059 0.518182
0 0.558824 0.500000 0.652941 0.518182
0 0.664706 0.500000 0.723529 0.518182
0 0.735294 0.500000 0.794118 0.518182
0 0.805882 0.500000 0.864706 0.518182
0 0.876471 0.500000 0.941176 0.518182
0 0.058824 0.518182 0.170588 0.536364
0 0.182353 0.518182 0.300000 0.536364
0 0.311765 0.518182 0.382353 0.536364
0 0.394118 0.518182 0.476471 0.536364
0 0.488235 0.518182 0.547059 0.536364
0 0.558824 0.518182 0.652941 0.536364
0 0.664706 0.518182 0.723529 0.536364
0 0.735294 0.518182 0.794118 0.536364
0 0.805882 0.518182 0.864706 0.536364
0 0.876471 0.518182 0.941176 0.536364
0 0.058824 0.536364 0.170588 0.554545
0 0.182353 0.536364 0.300000 0.554545
0 0.311765 0.536364 0.382353 0.554545
0 0.394118 0.536364 0.476471 0.554545
0 0.488235 0.536364 0.547059 0.554545
0 0.558824 0.536364 0.652941 0.554545
0 0.664706 0.536364 0.723529 0.554545
0 0.735294 0.536364 0.794118 0.554545
0 0.805882 0.536364 0.864706 0.554545
0 0.876471 0.536364 0.941176 0.554545
0 0.058824 0.554545 0.170588 0.572727
0 0.182353 0.554545 0.300000 0.572727
0 0.311765 0.554545 0.382353 0.572727
0 0.394118 0.554545 0.476471 0.572727
0 0.488235 0.554545 0.547059 0.572727
0 0.558824 0.554545 0.652941 0.572727
0 0.664706 0.554545 0.723529 0.572727
0 0.735294 0.554545 0.794118 0.572727
0 0.805882 0.554545 0.864706 0.572727
0 0.876471 0.554545 0.941176 0.572727
0 0.447059 0.572727 0.482353 0.590909
0 0.494118 0.572727 0.529412 0.590909
0 0.541176 0.572727 0.600000 0.590909
0 0.058824 0.617045 0.073529 0.628409
0 0.388235 0.617045 0.402941 0.628409
0 0.623529 0.617045 0.638235 0.628409
0 0.058824 0.635227 0.073529 0.646591
0 0.388235 0.635227 0.402941 0.646591
0 0.623529 0.635227 0.638235 0.646591
0 0.164706 0.650000 0.941176 0.668182
0 0.058824 0.689773 0.073529 0.701136
0 0.388235 0.689773 0.402941 0.701136
0 0.623529 0.689773 0.638235 0.701136
0 0.058824 0.707955 0.073529 0.719318
0 0.388235 0.707955 0.402941 0.719318
0 0.623529 0.707955 0.638235 0.719318
0 0.164706 0.722727 0.941176 0.740909
0 0.505882 0.744318 0.520588 0.755682
0 0.576471 0.744318 0.591176 0.755682
0 0.411765 0.759091 0.447059 0.777273
0 0.458824 0.759091 0.494118 0.777273
0 0.505882 0.759091 0.558824 0.777273
0 0.570588 0.759091 0.941176 0.781818
0 0.100000 0.800000 0.188235 0.818182
0 0.241176 0.800000 0.329412 0.818182
0 0.382353 0.800000 0.470588 0.818182
0 0.523529 0.800000 0.611765 0.818182
0 0.664706 0.800000 0.752941 0.818182
0 0.805882 0.800179 0.894118 0.818361
0 0.058824 0.844318 0.073529 0.855682
0 0.058824 0.862500 0.073529 0.873864
0 0.305882 0.844318 0.320588 0.855682
0 0.505882 0.844318 0.520588 0.855682
0 0.414886 0.859091 0.941176 0.877273
0 0.058824 0.898864 0.073529 0.910227
0 0.058824 0.917045 0.073529 0.928409
0 0.058824 0.935227 0.073529 0.946591
0 0.352941 0.898864 0.367647 0.910227
0 0.352941 0.917045 0.367647 0.928409
0 0.352941 0.935227 0.367647 0.946591
0 0.482353 0.898864 0.497059 0.910227
0 0.482353 0.917045 0.497059 0.928409
0 0.482353 0.935227 0.497059 0.946591
0 0.729412 0.898864 0.744118 0.910227
0 0.729412 0.917045 0.744118 0.928409
0 0.729412 0.935227 0.744118 0.946591
