0 0.022727 0.252941 0.281818 0.276471
0 0.290909 0.252941 0.363636 0.276471
0 0.372727 0.252941 0.627273 0.276471
0 0.636364 0.252941 0.790909 0.276471
0 0.800000 0.258758 0.810101 0.271830
0 0.890909 0.258758 0.901010 0.271830
0 0.022727 0.294118 0.281818 0.317647
0 0.290909 0.294118 0.363636 0.317647
0 0.372727 0.294118 0.627273 0.317647
0 0.636364 0.294118 0.790909 0.317647
0 0.800000 0.299935 0.810101 0.313007
0 0.890909 0.299935 0.901010 0.313007
0 0.022727 0.335294 0.481818 0.358824
0 0.490909 0.335294 0.550000 0.358824
0 0.559091 0.335294 0.790909 0.358824
0 0.800000 0.335294 0.881818 0.358824
0 0.890909 0.335294 0.977273 0.358824
0 0.022727 0.376471 0.195455 0.405882
0 0.204545 0.376471 0.409091 0.405882
0 0.859091 0.364052 0.869192 0.377124
0 0.927273 0.364052 0.937374 0.377124
0 0.622727 0.387582 0.632828 0.400654
0 0.690909 0.387582 0.701010 0.400654
0 0.859091 0.387582 0.869192 0.400654
0 0.927273 0.387582 0.937374 0.400654
0 0.022727 0.423529 0.195455 0.452941
0 0.204545 0.423529 0.409091 0.452941
0 0.859091 0.411111 0.869192 0.424183
0 0.927273 0.411111 0.937374 0.424183
0 0.622727 0.434641 0.632828 0.447712
0 0.690909 0.434641 0.701010 0.447712
0 0.859091 0.434641 0.869192 0.447712
0 0.927273 0.434641 0.937374 0.447712
0 0.622727 0.458170 0.632828 0.471242
0 0.690909 0.458170 0.701010 0.471242
0 0.745455 0.458170 0.755556 0.471242
0 0.859091 0.481699 0.869192 0.494771
0 0.927273 0.481699 0.937374 0.494771
0 0.545455 0.500000 0.977273 0.523529
0 0.235455 0.552876 0.245556 0.565948
0 0.235455 0.576405 0.245556 0.589477
0 0.859091 0.575817 0.869192 0.588889
0 0.927273 0.575817 0.937374 0.588889
0 0.859091 0.599346 0.869192 0.612418
0 0.927273 0.599346 0.937374 0.612418
0 0.235455 0.623464 0.245556 0.636536
0 0.604545 0.617647 0.713636 0.641176
0 0.235455 0.646993 0.245556 0.660065
0 0.604545 0.641176 0.713636 0.664706
0 0.235455 0.670523 0.245556 0.683595
0 0.604545 0.664706 0.713636 0.688235
0 0.813535 0.711111 0.823636 0.724183
0 0.022727 0.889412 0.192727 0.910588
0 0.198182 0.889412 0.260909 0.910588
0 0.266364 0.889412 0.324545 0.910588
0 0.330000 0.889412 0.379091 0.910588
0 0.384545 0.889412 0.424545 0.910588
0 0.430000 0.889412 0.474545 0.910588
0 0.480000 0.889412 0.533636 0.910588
0 0.539091 0.889412 0.579091 0.910588
0 0.584545 0.889412 0.638182 0.910588
0 0.643636 0.889412 0.706364 0.910588
0 0.711818 0.889412 0.765455 0.910588
0 0.770909 0.889412 0.824545 0.910588
0 0.830000 0.889412 0.897273 0.910588
0 0.902727 0.889412 0.977273 0.910588
0 0.022727 0.912941 0.192727 0.934118
0 0.198182 0.912941 0.260909 0.934118
0 0.266364 0.912941 0.324545 0.934118
0 0.330000 0.912941 0.379091 0.934118
0 0.384545 0.912941 0.424545 0.934118
0 0.430000 0.912941 0.474545 0.934118
0 0.480000 0.912941 0.533636 0.934118
0 0.539091 0.912941 0.579091 0.934118
0 0.584545 0.912941 0.638182 0.934118
0 0.643636 0.912941 0.706364 0.934118
0 0.711818 0.912941 0.765455 0.934118
0 0.770909 0.912941 0.824545 0.934118
0 0.830000 0.912941 0.897273 0.934118
0 0.902727 0.912941 0.977273 0.934118
0 0.022727 0.936471 0.192727 0.957647
0 0.198182 0.936471 0.260909 0.957647
0 0.266364 0.936471 0.324545 0.957647
0 0.330000 0.936471 0.379091 0.957647
0 0.384545 0.936471 0.424545 0.957647
0 0.430000 0.936471 0.474545 0.957647
0 0.480000 0.936471 0.533636 0.957647
0 0.539091 0.936471 0.579091 0.957647
0 0.584545 0.936471 0.638182 0.957647
0 0.643636 0.936471 0.706364 0.957647
0 0.711818 0.936471 0.765455 0.957647
0 0.770909 0.936471 0.824545 0.957647
0 0.830000 0.936471 0.897273 0.957647
0 0.902727 0.936471 0.977273 0.957647
