0 0.500000 0.064773 0.514706 0.076136
0 0.570588 0.064773 0.585294 0.076136
0 0.641176 0.064773 0.655882 0.076136
0 0.711765 0.064773 0.726471 0.076136
0 0.782353 0.064773 0.797059 0.076136
0 0.852941 0.064773 0.867647 0.076136
0 0.147059 0.101136 0.161765 0.112500
0 0.205882 0.101136 0.220588 0.112500
0 0.482353 0.100000 0.941176 0.113636
0 0.097422 0.136407 0.176471 0.154588
0 0.239634 0.136407 0.317647 0.154588
0 0.369046 0.136407 0.447059 0.154588
0 0.105882 0.204588 0.282353 0.222770
0 0.282353 0.204588 0.458824 0.222770
0 0.105882 0.222770 0.282353 0.240952
0 0.282353 0.222770 0.458824 0.240952
0 0.105882 0.240952 0.282353 0.259134
0 0.282353 0.240952 0.458824 0.259134
0 0.105882 0.259134 0.282353 0.277316
0 0.282353 0.259134 0.458824 0.277316
0 0.529412 0.204588 0.705882 0.222770
0 0.705882 0.204588 0.882353 0.222770
0 0.529412 0.222770 0.705882 0.240952
0 0.705882 0.222770 0.882353 0.240952
0 0.529412 0.240952 0.705882 0.259134
0 0.705882 0.240952 0.882353 0.259134
0 0.529412 0.259134 0.705882 0.277316
0 0.705882 0.259134 0.882353 0.277316
0 0.494118 0.285270 0.508824 0.296634
0 0.564706 0.285270 0.579412 0.296634
0 0.223529 0.300043 0.258824 0.320245
0 0.270588 0.300043 0.305882 0.320245
0 0.317647 0.300043 0.364706 0.320245
0 0.505882 0.300043 0.941176 0.320245
0 0.752941 0.326136 0.767647 0.337500
0 0.823529 0.326136 0.838235 0.337500
0 0.658824 0.344318 0.673529 0.355682
0 0.729412 0.344318 0.744118 0.355682
0 0.623529 0.362500 0.638235 0.373864
0 0.694118 0.362500 0.708824 0.373864
0 0.058824 0.422727 0.452941 0.440909
0 0.464706 0.422727 0.617647 0.440909
0 0.629412 0.422727 0.770588 0.440909
0 0.782353 0.422727 0.941176 0.440909
0 0.058824 0.440909 0.452941 0.459091
0 0.464706 0.440909 0.617647 0.459091
0 0.629412 0.440909 0.770588 0.459091
0 0.782353 0.440909 0.941176 0.459091
0 0.058824 0.459091 0.452941 0.477273
0 0.464706 0.459091 0.617647 0.477273
0 0.629412 0.459091 0.770588 0.477273
0 0.782353 0.459091 0.941176 0.477273
0 0.058824 0.477273 0.452941 0.495455
0 0.464706 0.477273 0.617647 0.495455
0 0.629412 0.477273 0.770588 0.495455
0 0.782353 0.477273 0.941176 0.495455
0 0.670588 0.498864 0.685294 0.510227
0 0.741176 0.498864 0.755882 0.510227
0 0.111765 0.531818 0.641176 0.550000
0 0.794118 0.531818 0.941176 0.550000
0 0.129412 0.550000 0.941176 0.568182
0 0.423529 0.568182 0.641176 0.586364
0 0.129412 0.586364 0.941176 0.604545
0 0.794118 0.568182 0.941176 0.586364
0 0.435294 0.630682 0.450000 0.642045
0 0.494118 0.630682 0.508824 0.642045
0 0.435294 0.648864 0.450000 0.660227
0 0.494118 0.648864 0.508824 0.660227
0 0.435294 0.667045 0.450000 0.678409
0 0.494118 0.667045 0.508824 0.678409
0 0.435294 0.685227 0.450000 0.696591
0 0.494118 0.685227 0.508824 0.696591
0 0.435294 0.703409 0.450000 0.714773
0 0.494118 0.703409 0.508824 0.714773
0 0.435294 0.721591 0.450000 0.732955
0 0.494118 0.721591 0.508824 0.732955
0 0.435294 0.739773 0.450000 0.751136
0 0.494118 0.739773 0.508824 0.751136
0 0.823529 0.757955 0.838235 0.769318
0 0.882353 0.757955 0.897059 0.769318
0 0.823529 0.639773 0.838235 0.651136
0 0.882353 0.639773 0.897059 0.651136
0 0.823529 0.667045 0.838235 0.678409
0 0.882353 0.667045 0.897059 0.678409
0 0.823529 0.685227 0.838235 0.696591
0 0.882353 0.685227 0.897059 0.696591
0 0.823529 0.703409 0.838235 0.714773
0 0.882353 0.703409 0.897059 0.714773
0 0.823529 0.721591 0.838235 0.732955
0 0.882353 0.721591 0.897059 0.732955
0 0.823529 0.739773 0.838235 0.751136
0 0.882353 0.739773 0.897059 0.751136
0 0.882353 0.794318 0.897059 0.805682
0 0.823529 0.794318 0.838235 0.805682
0 0.823529 0.776136 0.838235 0.787500
0 0.882353 0.776136 0.897059 0.787500
