0 0.033535 0.094052 0.043636 0.107124
0 0.065354 0.094052 0.075455 0.107124
0 0.105354 0.094052 0.115455 0.107124
0 0.589069 0.088235 0.629979 0.111765
0 0.033535 0.117582 0.043636 0.130654
0 0.065354 0.117582 0.075455 0.130654
0 0.105354 0.117582 0.115455 0.130654
0 0.033535 0.141111 0.043636 0.154183
0 0.065354 0.141111 0.075455 0.154183
0 0.105354 0.141111 0.115455 0.154183
0 0.033535 0.164641 0.043636 0.177712
0 0.065354 0.164641 0.075455 0.177712
0 0.105354 0.164641 0.115455 0.177712
0 0.033535 0.188170 0.043636 0.201242
0 0.065354 0.188170 0.075455 0.201242
0 0.105354 0.188170 0.115455 0.201242
0 0.033535 0.211699 0.043636 0.224771
0 0.065354 0.211699 0.075455 0.224771
0 0.105354 0.211699 0.115455 0.224771
0 0.033535 0.235229 0.043636 0.248301
0 0.065354 0.235229 0.075455 0.248301
0 0.105354 0.235229 0.115455 0.248301
0 0.033535 0.258758 0.043636 0.271830
0 0.065354 0.258758 0.075455 0.271830
0 0.105354 0.258758 0.115455 0.271830
0 0.033535 0.282288 0.043636 0.295359
0 0.065354 0.282288 0.075455 0.295359
0 0.105354 0.282288 0.115455 0.295359
0 0.033535 0.305817 0.043636 0.318889
0 0.065354 0.305817 0.075455 0.318889
0 0.105354 0.305817 0.115455 0.318889
0 0.033535 0.329346 0.043636 0.342418
0 0.065354 0.329346 0.075455 0.342418
0 0.105354 0.329346 0.115455 0.342418
0 0.033535 0.352876 0.043636 0.365948
0 0.065354 0.352876 0.075455 0.365948
0 0.105354 0.352876 0.115455 0.365948
0 0.033535 0.376405 0.043636 0.389477
0 0.065354 0.376405 0.075455 0.389477
0 0.105354 0.376405 0.115455 0.389477
0 0.033535 0.399935 0.043636 0.413007
0 0.065354 0.399935 0.075455 0.413007
0 0.105354 0.399935 0.115455 0.413007
0 0.033535 0.423464 0.043636 0.436536
0 0.065354 0.423464 0.075455 0.436536
0 0.105354 0.423464 0.115455 0.436536
0 0.033535 0.476405 0.043636 0.489477
0 0.065354 0.476405 0.075455 0.489477
0 0.105354 0.476405 0.115455 0.489477
0 0.622727 0.475817 0.632828 0.488889
0 0.690909 0.475817 0.701010 0.488889
0 0.033535 0.499935 0.043636 0.513007
0 0.065354 0.499935 0.075455 0.513007
0 0.105354 0.499935 0.115455 0.513007
0 0.326768 0.499346 0.336869 0.512418
0 0.490404 0.499346 0.500505 0.512418
0 0.594950 0.499346 0.605051 0.512418
0 0.690404 0.499346 0.700505 0.512418
0 0.033535 0.523464 0.043636 0.536536
0 0.065354 0.523464 0.075455 0.536536
0 0.105354 0.523464 0.115455 0.536536
0 0.033535 0.547582 0.043636 0.560654
0 0.065354 0.547582 0.075455 0.560654
0 0.105354 0.547582 0.115455 0.560654
0 0.326768 0.546405 0.336869 0.559477
0 0.690203 0.546405 0.700304 0.559477
0 0.326768 0.569935 0.336869 0.583007
0 0.690404 0.569935 0.700505 0.583007
0 0.033535 0.594052 0.043636 0.607124
0 0.065354 0.594052 0.075455 0.607124
0 0.105354 0.594052 0.115455 0.607124
0 0.033535 0.617582 0.043636 0.630654
0 0.065354 0.617582 0.075455 0.630654
0 0.105354 0.617582 0.115455 0.630654
0 0.033535 0.641111 0.043636 0.654183
0 0.065354 0.641111 0.075455 0.654183
0 0.105354 0.641111 0.115455 0.654183
0 0.033535 0.664641 0.043636 0.677712
0 0.065354 0.664641 0.075455 0.677712
0 0.105354 0.664641 0.115455 0.677712
0 0.033535 0.717582 0.043636 0.730654
0 0.065354 0.717582 0.075455 0.730654
0 0.105354 0.717582 0.115455 0.730654
0 0.033535 0.741111 0.043636 0.754183
0 0.065354 0.741111 0.075455 0.754183
0 0.105354 0.741111 0.115455 0.754183
0 0.033535 0.764641 0.043636 0.777712
0 0.065354 0.764641 0.075455 0.777712
0 0.105354 0.764641 0.115455 0.777712
0 0.033535 0.788170 0.043636 0.801242
0 0.065354 0.788170 0.075455 0.801242
0 0.105354 0.788170 0.115455 0.801242
0 0.821352 0.782353 0.871352 0.805882
0 0.033535 0.811699 0.043636 0.824771
0 0.065354 0.811699 0.075455 0.824771
0 0.105354 0.811699 0.115455 0.824771
0 0.033535 0.835229 0.043636 0.848301
0 0.065354 0.835229 0.075455 0.848301
0 0.105354 0.835229 0.115455 0.848301
0 0.033535 0.858758 0.043636 0.871830
0 0.065354 0.858758 0.075455 0.871830
0 0.105354 0.858758 0.115455 0.871830
0 0.654545 0.852941 0.977273 0.876471
0 0.033535 0.882288 0.043636 0.895360
0 0.065354 0.882288 0.075455 0.895360
0 0.105354 0.882288 0.115455 0.895360
0 0.033535 0.905817 0.043636 0.918889
0 0.065354 0.905817 0.075455 0.918889
0 0.105354 0.905817 0.115455 0.918889
