0 0.033535 0.088170 0.043636 0.101242
0 0.065354 0.088170 0.075455 0.101242
0 0.110808 0.088170 0.120909 0.101242
0 0.831818 0.082353 0.888636 0.105882
0 0.033535 0.111699 0.043636 0.124771
0 0.065354 0.111699 0.075455 0.124771
0 0.110808 0.111699 0.120909 0.124771
0 0.033535 0.135229 0.043636 0.148301
0 0.065354 0.135229 0.075455 0.148301
0 0.110808 0.135229 0.120909 0.148301
0 0.033535 0.158758 0.043636 0.171830
0 0.065354 0.158758 0.075455 0.171830
0 0.110808 0.158758 0.120909 0.171830
0 0.033535 0.182288 0.043636 0.195359
0 0.065354 0.182288 0.075455 0.195359
0 0.110808 0.182288 0.120909 0.195359
0 0.033535 0.205817 0.043636 0.218889
0 0.065354 0.205817 0.075455 0.218889
0 0.110808 0.205817 0.120909 0.218889
0 0.033535 0.229346 0.043636 0.242418
0 0.065354 0.229346 0.075455 0.242418
0 0.110808 0.229346 0.120909 0.242418
0 0.033535 0.252876 0.043636 0.265948
0 0.065354 0.252876 0.075455 0.265948
0 0.110808 0.252876 0.120909 0.265948
0 0.033535 0.276993 0.043636 0.290065
0 0.065354 0.276993 0.075455 0.290065
0 0.110808 0.276993 0.120909 0.290065
0 0.033535 0.317582 0.043636 0.330654
0 0.065354 0.317582 0.075455 0.330654
0 0.110808 0.317582 0.120909 0.330654
0 0.033535 0.341111 0.043636 0.354183
0 0.065354 0.341111 0.075455 0.354183
0 0.110808 0.341111 0.120909 0.354183
0 0.033535 0.364641 0.043636 0.377712
0 0.065354 0.364641 0.075455 0.377712
0 0.110808 0.364641 0.120909 0.377712
0 0.033535 0.388170 0.043636 0.401242
0 0.065354 0.388170 0.075455 0.401242
0 0.110808 0.388170 0.120909 0.401242
0 0.033535 0.411699 0.043636 0.424771
0 0.065354 0.411699 0.075455 0.424771
0 0.110808 0.411699 0.120909 0.424771
0 0.033535 0.435817 0.043636 0.448889
0 0.065354 0.435817 0.075455 0.448889
0 0.110808 0.435817 0.120909 0.448889
0 0.033535 0.499935 0.043636 0.513007
0 0.065354 0.499935 0.075455 0.513007
0 0.110808 0.499935 0.120909 0.513007
0 0.831818 0.499346 0.841919 0.512418
0 0.900000 0.499346 0.910101 0.512418
0 0.033535 0.523464 0.043636 0.536536
0 0.065354 0.523464 0.075455 0.536536
0 0.110808 0.523464 0.120909 0.536536
0 0.435859 0.522876 0.445960 0.535948
0 0.658586 0.522876 0.668687 0.535948
0 0.754040 0.522876 0.764141 0.535948
0 0.831313 0.522876 0.841414 0.535948
0 0.033535 0.546993 0.043636 0.560065
0 0.065354 0.546993 0.075455 0.560065
0 0.110808 0.546993 0.120909 0.560065
0 0.033535 0.571111 0.043636 0.584183
0 0.065354 0.571111 0.075455 0.584183
0 0.110808 0.571111 0.120909 0.584183
0 0.335859 0.569935 0.345960 0.583007
0 0.744749 0.569935 0.754850 0.583007
0 0.335859 0.593464 0.345960 0.606536
0 0.744949 0.593464 0.755051 0.606536
0 0.033535 0.617582 0.043636 0.630654
0 0.065354 0.617582 0.075455 0.630654
0 0.110808 0.617582 0.120909 0.630654
0 0.033535 0.641111 0.043636 0.654183
0 0.065354 0.641111 0.075455 0.654183
0 0.110808 0.641111 0.120909 0.654183
0 0.033535 0.664641 0.043636 0.677712
0 0.065354 0.664641 0.075455 0.677712
0 0.110808 0.664641 0.120909 0.677712
0 0.033535 0.688170 0.043636 0.701242
0 0.065354 0.688170 0.075455 0.701242
0 0.110808 0.688170 0.120909 0.701242
0 0.033535 0.735229 0.043636 0.748301
0 0.065354 0.735229 0.075455 0.748301
0 0.110808 0.735229 0.120909 0.748301
0 0.033535 0.758758 0.043636 0.771830
0 0.065354 0.758758 0.075455 0.771830
0 0.110808 0.758758 0.120909 0.771830
0 0.033535 0.782288 0.043636 0.795359
0 0.065354 0.782288 0.075455 0.795359
0 0.110808 0.782288 0.120909 0.795359
0 0.033535 0.806405 0.043636 0.819477
0 0.065354 0.806405 0.075455 0.819477
0 0.110808 0.806405 0.120909 0.819477
0 0.270455 0.817647 0.320455 0.841176
0 0.033535 0.846993 0.043636 0.860065
0 0.065354 0.846993 0.075455 0.860065
0 0.110808 0.846993 0.120909 0.860065
0 0.033535 0.870523 0.043636 0.883595
0 0.065354 0.870523 0.075455 0.883595
0 0.110808 0.870523 0.120909 0.883595
0 0.033535 0.894052 0.043636 0.907124
0 0.065354 0.894052 0.075455 0.907124
0 0.110808 0.894052 0.120909 0.907124
0 0.854545 0.888235 0.977273 0.911765
0 0.033535 0.917582 0.043636 0.930654
0 0.065354 0.917582 0.075455 0.930654
0 0.110808 0.917582 0.120909 0.930654
0 0.033535 0.941111 0.043636 0.954183
0 0.065354 0.941111 0.075455 0.954183
0 0.110808 0.941111 0.120909 0.954183
