0 0.490909 0.058758 0.501010 0.071830
0 0.559091 0.058758 0.569192 0.071830
0 0.777273 0.052941 0.977273 0.076471
0 0.663636 0.105229 0.673737 0.118301
0 0.731818 0.105229 0.741919 0.118301
0 0.286364 0.146993 0.296465 0.160065
0 0.354545 0.146993 0.364646 0.160065
0 0.422727 0.146993 0.432828 0.160065
0 0.490909 0.146993 0.501010 0.160065
0 0.663636 0.146993 0.673737 0.160065
0 0.731818 0.146993 0.741919 0.160065
0 0.559091 0.170523 0.569192 0.183595
0 0.627273 0.170523 0.637374 0.183595
0 0.422727 0.194052 0.432828 0.207124
0 0.490909 0.194052 0.501010 0.207124
0 0.704545 0.188235 0.977273 0.211765
0 0.559091 0.217582 0.569192 0.230654
0 0.627273 0.217582 0.637374 0.230654
0 0.559091 0.241111 0.569192 0.254183
0 0.627273 0.241111 0.637374 0.254183
0 0.022727 0.340523 0.032828 0.353595
0 0.163636 0.340523 0.173737 0.353595
0 0.254545 0.340523 0.264646 0.353595
0 0.368182 0.340523 0.378283 0.353595
0 0.518182 0.340523 0.528283 0.353595
0 0.022727 0.387582 0.032828 0.400654
0 0.163636 0.387582 0.173737 0.400654
0 0.254545 0.387582 0.264646 0.400654
0 0.368182 0.387582 0.378283 0.400654
0 0.518182 0.387582 0.528283 0.400654
0 0.518182 0.411111 0.528283 0.424183
0 0.586364 0.411111 0.596465 0.424183
0 0.654545 0.411111 0.664646 0.424183
0 0.518182 0.434641 0.528283 0.447712
0 0.586364 0.434641 0.596465 0.447712
0 0.654545 0.434641 0.664646 0.447712
0 0.022727 0.481699 0.032828 0.494771
0 0.254545 0.481699 0.264646 0.494771
0 0.368182 0.481699 0.378283 0.494771
0 0.586364 0.481699 0.596465 0.494771
0 0.872727 0.481699 0.882828 0.494771
0 0.022727 0.505229 0.032828 0.518301
0 0.022727 0.552288 0.032828 0.565359
0 0.254545 0.552288 0.264646 0.565359
0 0.368182 0.552288 0.378283 0.565359
0 0.586364 0.552288 0.596465 0.565359
0 0.872727 0.552288 0.882828 0.565359
0 0.022727 0.575817 0.032828 0.588889
0 0.254545 0.575817 0.264646 0.588889
0 0.254764 0.599346 0.264865 0.612418
0 0.400218 0.599346 0.410319 0.612418
0 0.586582 0.599346 0.596683 0.612418
0 0.254764 0.622876 0.264865 0.635948
0 0.400218 0.622876 0.410319 0.635948
0 0.586582 0.622876 0.596683 0.635948
0 0.791128 0.622876 0.801229 0.635948
0 0.022727 0.662353 0.977273 0.758235
