0 0.427273 0.058758 0.437374 0.071830
0 0.495455 0.058758 0.505556 0.071830
0 0.686364 0.052941 0.977273 0.076471
0 0.486364 0.105229 0.496465 0.118301
0 0.554545 0.105229 0.564646 0.118301
0 0.290909 0.146993 0.301010 0.160065
0 0.359091 0.146993 0.369192 0.160065
0 0.427273 0.146993 0.437374 0.160065
0 0.495455 0.146993 0.505556 0.160065
0 0.563636 0.146993 0.573737 0.160065
0 0.631818 0.146993 0.641919 0.160065
0 0.427273 0.170523 0.437374 0.183595
0 0.495455 0.170523 0.505556 0.183595
0 0.427273 0.194052 0.437374 0.207124
0 0.495455 0.194052 0.505556 0.207124
0 0.640909 0.188235 0.977273 0.211765
0 0.427273 0.217582 0.437374 0.230654
0 0.495455 0.217582 0.505556 0.230654
0 0.427273 0.241111 0.437374 0.254183
0 0.495455 0.241111 0.505556 0.254183
0 0.427273 0.311111 0.437374 0.324183
0 0.518182 0.311111 0.528283 0.324183
0 0.595455 0.311111 0.605556 0.324183
0 0.686364 0.311111 0.696465 0.324183
0 0.777273 0.311111 0.787374 0.324183
0 0.427273 0.334641 0.437374 0.347712
0 0.518182 0.334641 0.528283 0.347712
0 0.595455 0.334641 0.605556 0.347712
0 0.686364 0.334641 0.696465 0.347712
0 0.777273 0.334641 0.787374 0.347712
0 0.427273 0.358170 0.437374 0.371242
0 0.518182 0.358170 0.528283 0.371242
0 0.595455 0.358170 0.605556 0.371242
0 0.427273 0.381699 0.437374 0.394771
0 0.518182 0.381699 0.528283 0.394771
0 0.595455 0.381699 0.605556 0.394771
0 0.022727 0.428758 0.032828 0.441830
0 0.218182 0.428758 0.228283 0.441830
0 0.290909 0.428758 0.301010 0.441830
0 0.427273 0.428758 0.437374 0.441830
0 0.618182 0.428758 0.628283 0.441830
0 0.677273 0.428758 0.687374 0.441830
0 0.022727 0.475817 0.032828 0.488889
0 0.218182 0.475817 0.228283 0.488889
0 0.290909 0.475817 0.301010 0.488889
0 0.427273 0.475817 0.437374 0.488889
0 0.618182 0.475817 0.628283 0.488889
0 0.677273 0.475817 0.687374 0.488889
0 0.818182 0.475817 0.828283 0.488889
0 0.218400 0.499346 0.228501 0.512418
0 0.336582 0.499346 0.346683 0.512418
0 0.472946 0.499346 0.483047 0.512418
0 0.218400 0.522876 0.228501 0.535948
0 0.336582 0.522876 0.346683 0.535948
0 0.472946 0.522876 0.483047 0.535948
0 0.618400 0.522876 0.628501 0.535948
0 0.022727 0.562353 0.977273 0.767059
