0 0.033535 0.094052 0.043636 0.107124
0 0.065354 0.094052 0.075455 0.107124
0 0.105354 0.094052 0.115455 0.107124
0 0.577273 0.088235 0.618182 0.111765
0 0.033535 0.117582 0.043636 0.130654
0 0.065354 0.117582 0.075455 0.130654
0 0.105354 0.117582 0.115455 0.130654
0 0.033535 0.141111 0.043636 0.154183
0 0.065354 0.141111 0.075455 0.154183
0 0.105354 0.141111 0.115455 0.154183
0 0.033535 0.164641 0.043636 0.177712
0 0.065354 0.164641 0.075455 0.177712
0 0.105354 0.164641 0.115455 0.177712
0 0.033535 0.188170 0.043636 0.201242
0 0.065354 0.188170 0.075455 0.201242
0 0.105354 0.188170 0.115455 0.201242
0 0.065354 0.211699 0.075455 0.224771
0 0.105354 0.211699 0.115455 0.224771
0 0.033535 0.211699 0.043636 0.224771
0 0.065354 0.235229 0.075455 0.248301
0 0.105354 0.235229 0.115455 0.248301
0 0.033535 0.235229 0.043636 0.248301
0 0.033535 0.258758 0.043636 0.271830
0 0.065354 0.258758 0.075455 0.271830
0 0.105354 0.258758 0.115455 0.271830
0 0.033535 0.282288 0.043636 0.295359
0 0.065354 0.282288 0.075455 0.295359
0 0.105354 0.282288 0.115455 0.295359
0 0.033535 0.305817 0.043636 0.318889
0 0.065354 0.305817 0.075455 0.318889
0 0.105354 0.305817 0.115455 0.318889
0 0.033535 0.329346 0.043636 0.342418
0 0.065354 0.329346 0.075455 0.342418
0 0.105354 0.329346 0.115455 0.342418
0 0.033535 0.352876 0.043636 0.365948
0 0.065354 0.352876 0.075455 0.365948
0 0.105354 0.352876 0.115455 0.365948
0 0.033535 0.376405 0.043636 0.389477
0 0.065354 0.376405 0.075455 0.389477
0 0.105354 0.376405 0.115455 0.389477
0 0.033535 0.399935 0.043636 0.413007
0 0.065354 0.399935 0.075455 0.413007
0 0.105354 0.399935 0.115455 0.413007
0 0.033535 0.423464 0.043636 0.436536
0 0.065354 0.423464 0.075455 0.436536
0 0.105354 0.423464 0.115455 0.436536
0 0.033535 0.476405 0.043636 0.489477
0 0.065354 0.476405 0.075455 0.489477
0 0.105354 0.476405 0.115455 0.489477
0 0.577273 0.475817 0.587374 0.488889
0 0.665455 0.475817 0.675556 0.488889
0 0.033535 0.499935 0.043636 0.513007
0 0.065354 0.499935 0.075455 0.513007
0 0.105354 0.499935 0.115455 0.513007
0 0.338131 0.499346 0.348232 0.512418
0 0.524495 0.499346 0.534596 0.512418
0 0.738131 0.499346 0.748232 0.512418
0 0.903859 0.499346 0.913960 0.512418
0 0.033535 0.523464 0.043636 0.536536
0 0.065354 0.523464 0.075455 0.536536
0 0.105354 0.523464 0.115455 0.536536
0 0.033535 0.546993 0.043636 0.560065
0 0.065354 0.546993 0.075455 0.560065
0 0.105354 0.546993 0.115455 0.560065
0 0.310859 0.546405 0.320960 0.559477
0 0.665404 0.546405 0.675505 0.559477
0 0.310859 0.569935 0.320960 0.583007
0 0.665404 0.569935 0.675505 0.583007
0 0.033535 0.594052 0.043636 0.607124
0 0.065354 0.594052 0.075455 0.607124
0 0.105354 0.594052 0.115455 0.607124
0 0.033535 0.617582 0.043636 0.630654
0 0.065354 0.617582 0.075455 0.630654
0 0.105354 0.617582 0.115455 0.630654
0 0.033535 0.641111 0.043636 0.654183
0 0.065354 0.641111 0.075455 0.654183
0 0.105354 0.641111 0.115455 0.654183
0 0.033535 0.664641 0.043636 0.677712
0 0.065354 0.664641 0.075455 0.677712
0 0.105354 0.664641 0.115455 0.677712
0 0.033535 0.717582 0.043636 0.730654
0 0.065354 0.717582 0.075455 0.730654
0 0.105354 0.717582 0.115455 0.730654
0 0.033535 0.741111 0.043636 0.754183
0 0.065354 0.741111 0.075455 0.754183
0 0.105354 0.741111 0.115455 0.754183
0 0.033535 0.764641 0.043636 0.777712
0 0.065354 0.764641 0.075455 0.777712
0 0.105354 0.764641 0.115455 0.777712
0 0.033535 0.788170 0.043636 0.801242
0 0.065354 0.788170 0.075455 0.801242
0 0.105354 0.788170 0.115455 0.801242
0 0.836364 0.782353 0.895455 0.805882
0 0.033535 0.811699 0.043636 0.824771
0 0.065354 0.811699 0.075455 0.824771
0 0.105354 0.811699 0.115455 0.824771
0 0.033535 0.835229 0.043636 0.848301
0 0.065354 0.835229 0.075455 0.848301
0 0.105354 0.835229 0.115455 0.848301
0 0.033535 0.858758 0.043636 0.871830
0 0.065350 0.858758 0.075451 0.871830
0 0.105350 0.858758 0.115451 0.871830
0 0.654542 0.852941 0.977265 0.876471
0 0.033535 0.882288 0.043636 0.895360
0 0.065354 0.882288 0.075455 0.895360
0 0.105354 0.882288 0.115455 0.895360
0 0.033535 0.905817 0.043636 0.918889
0 0.065354 0.905817 0.075455 0.918889
0 0.105354 0.905817 0.115455 0.918889
