0 0.022727 0.256471 0.277273 0.276471
0 0.286364 0.256471 0.368182 0.276471
0 0.377273 0.256471 0.627273 0.276471
0 0.636364 0.256471 0.781818 0.276471
0 0.790909 0.258758 0.801010 0.271830
0 0.881818 0.258758 0.891919 0.271830
0 0.022727 0.297647 0.277273 0.317647
0 0.286364 0.297647 0.368182 0.317647
0 0.377273 0.297647 0.627273 0.317647
0 0.636364 0.297647 0.781818 0.317647
0 0.790909 0.299935 0.801010 0.313007
0 0.881818 0.299935 0.891919 0.313007
0 0.022727 0.338824 0.472727 0.358824
0 0.481818 0.338824 0.527273 0.358824
0 0.536364 0.338824 0.781818 0.358824
0 0.790909 0.338824 0.863636 0.358824
0 0.872727 0.338824 0.977273 0.358824
0 0.022727 0.380000 0.209091 0.405882
0 0.218182 0.380000 0.409091 0.405882
0 0.872727 0.364052 0.882828 0.377124
0 0.927273 0.364052 0.937374 0.377124
0 0.618182 0.387582 0.628283 0.400654
0 0.672727 0.387582 0.682828 0.400654
0 0.872727 0.387582 0.882828 0.400654
0 0.927273 0.387582 0.937374 0.400654
0 0.022727 0.427059 0.209091 0.452941
0 0.218182 0.427059 0.409091 0.452941
0 0.872727 0.411111 0.882828 0.424183
0 0.927273 0.411111 0.937374 0.424183
0 0.618182 0.434641 0.628283 0.447712
0 0.672727 0.434641 0.682828 0.447712
0 0.872727 0.434641 0.882828 0.447712
0 0.927273 0.434641 0.937374 0.447712
0 0.618182 0.458170 0.628283 0.471242
0 0.672727 0.458170 0.682828 0.471242
0 0.727273 0.458170 0.737374 0.471242
0 0.872727 0.481699 0.882828 0.494771
0 0.927273 0.481699 0.937374 0.494771
0 0.686364 0.500000 0.977273 0.523529
0 0.235455 0.552876 0.245556 0.565948
0 0.235455 0.576405 0.245556 0.589477
0 0.872727 0.575817 0.882828 0.588889
0 0.927273 0.575817 0.937374 0.588889
0 0.872727 0.599346 0.882828 0.612418
0 0.927273 0.599346 0.937374 0.612418
0 0.235455 0.623464 0.245556 0.636536
0 0.759091 0.617647 0.877273 0.641176
0 0.235455 0.646993 0.245556 0.660065
0 0.759091 0.641176 0.877273 0.664706
0 0.235455 0.670523 0.245556 0.683595
0 0.759091 0.664706 0.877273 0.688235
0 0.840808 0.711111 0.850909 0.724183
0 0.022727 0.889412 0.174545 0.910588
0 0.180000 0.889412 0.238182 0.910588
0 0.243636 0.889412 0.301818 0.910588
0 0.307273 0.889412 0.356364 0.910588
0 0.361818 0.889412 0.415455 0.910588
0 0.420909 0.889412 0.474545 0.910588
0 0.480000 0.889412 0.533636 0.910588
0 0.539091 0.889412 0.579091 0.910588
0 0.584545 0.889412 0.638182 0.910588
0 0.643636 0.889412 0.701818 0.910588
0 0.707273 0.889412 0.760909 0.910588
0 0.766364 0.889412 0.820000 0.910588
0 0.825455 0.889412 0.897273 0.910588
0 0.902727 0.889412 0.977273 0.910588
0 0.022727 0.912941 0.174545 0.934118
0 0.180000 0.912941 0.238182 0.934118
0 0.243636 0.912941 0.301818 0.934118
0 0.307273 0.912941 0.356364 0.934118
0 0.361818 0.912941 0.415455 0.934118
0 0.420909 0.912941 0.474545 0.934118
0 0.480000 0.912941 0.533636 0.934118
0 0.539091 0.912941 0.579091 0.934118
0 0.584545 0.912941 0.638182 0.934118
0 0.643636 0.912941 0.701818 0.934118
0 0.707273 0.912941 0.760909 0.934118
0 0.766364 0.912941 0.820000 0.934118
0 0.825455 0.912941 0.897273 0.934118
0 0.902727 0.912941 0.977273 0.934118
0 0.022727 0.936471 0.174545 0.957647
0 0.180000 0.936471 0.238182 0.957647
0 0.243636 0.936471 0.301818 0.957647
0 0.307273 0.936471 0.356364 0.957647
0 0.361818 0.936471 0.415455 0.957647
0 0.420909 0.936471 0.474545 0.957647
0 0.480000 0.936471 0.533636 0.957647
0 0.539091 0.936471 0.579091 0.957647
0 0.584545 0.936471 0.638182 0.957647
0 0.643636 0.936471 0.701818 0.957647
0 0.707273 0.936471 0.760909 0.957647
0 0.766364 0.936471 0.820000 0.957647
0 0.825455 0.936471 0.897273 0.957647
0 0.902727 0.936471 0.977273 0.957647
