0 0.409091 0.058758 0.419192 0.071830
0 0.477273 0.058758 0.487374 0.071830
0 0.745455 0.052941 0.977273 0.076471
0 0.659091 0.105229 0.669192 0.118301
0 0.750000 0.105229 0.760101 0.118301
0 0.409091 0.146993 0.419192 0.160065
0 0.477273 0.146993 0.487374 0.160065
0 0.545455 0.146993 0.555556 0.160065
0 0.613636 0.146993 0.623737 0.160065
0 0.750000 0.146993 0.760101 0.160065
0 0.818182 0.146993 0.828283 0.160065
0 0.409091 0.170523 0.419192 0.183595
0 0.477273 0.170523 0.487374 0.183595
0 0.409091 0.194052 0.419192 0.207124
0 0.477273 0.194052 0.487374 0.207124
0 0.745455 0.188235 0.977273 0.211765
0 0.409091 0.217582 0.419192 0.230654
0 0.477273 0.217582 0.487374 0.230654
0 0.409091 0.241111 0.419192 0.254183
0 0.477273 0.241111 0.487374 0.254183
0 0.409091 0.311111 0.419192 0.324183
0 0.527273 0.311111 0.537374 0.324183
0 0.613636 0.311111 0.623737 0.324183
0 0.740909 0.311111 0.751010 0.324183
0 0.859091 0.311111 0.869192 0.324183
0 0.409091 0.334641 0.419192 0.347712
0 0.527273 0.334641 0.537374 0.347712
0 0.613636 0.334641 0.623737 0.347712
0 0.740909 0.334641 0.751010 0.347712
0 0.859091 0.334641 0.869192 0.347712
0 0.409091 0.358170 0.419192 0.371242
0 0.477273 0.358170 0.487374 0.371242
0 0.545455 0.358170 0.555556 0.371242
0 0.409091 0.381699 0.419192 0.394771
0 0.477273 0.381699 0.487374 0.394771
0 0.545455 0.381699 0.555556 0.394771
0 0.022727 0.428758 0.032828 0.441830
0 0.250000 0.428758 0.260101 0.441830
0 0.331818 0.428758 0.341919 0.441830
0 0.531818 0.428758 0.541919 0.441830
0 0.795455 0.428758 0.805556 0.441830
0 0.859091 0.428758 0.869192 0.441830
0 0.022727 0.475817 0.032828 0.488889
0 0.250000 0.475817 0.260101 0.488889
0 0.331818 0.475817 0.341919 0.488889
0 0.531818 0.475817 0.541919 0.488889
0 0.795455 0.475817 0.805556 0.488889
0 0.859091 0.475817 0.869192 0.488889
0 0.022727 0.499346 0.032828 0.512418
0 0.250218 0.522876 0.260319 0.535948
0 0.432037 0.522876 0.442138 0.535948
0 0.659309 0.522876 0.669410 0.535948
0 0.250218 0.546405 0.260319 0.559477
0 0.432037 0.546405 0.442138 0.559477
0 0.659309 0.546405 0.669410 0.559477
0 0.772946 0.546405 0.783047 0.559477
0 0.022727 0.585882 0.977273 0.790588
