0 0.495455 0.058758 0.505556 0.071830
0 0.559091 0.058758 0.569192 0.071830
0 0.750000 0.052941 0.977273 0.076471
0 0.677273 0.105229 0.687374 0.118301
0 0.768182 0.105229 0.778283 0.118301
0 0.040909 0.176405 0.051010 0.189477
0 0.131818 0.176405 0.141919 0.189477
0 0.322727 0.176405 0.332828 0.189477
0 0.427273 0.176405 0.437374 0.189477
0 0.677273 0.176405 0.687374 0.189477
0 0.768182 0.176405 0.778283 0.189477
0 0.518182 0.199935 0.528283 0.213007
0 0.609091 0.199935 0.619192 0.213007
0 0.518182 0.223464 0.528283 0.236536
0 0.609091 0.223464 0.619192 0.236536
0 0.754545 0.217647 0.977273 0.241176
0 0.518182 0.246993 0.528283 0.260065
0 0.609091 0.246993 0.619192 0.260065
0 0.518182 0.270523 0.528283 0.283595
0 0.609091 0.270523 0.619192 0.283595
0 0.022727 0.381699 0.032828 0.394771
0 0.131818 0.381699 0.141919 0.394771
0 0.245455 0.381699 0.255556 0.394771
0 0.427273 0.381699 0.437374 0.394771
0 0.609091 0.381699 0.619192 0.394771
0 0.427273 0.405229 0.437374 0.418301
0 0.518182 0.405229 0.528283 0.418301
0 0.577273 0.405229 0.587374 0.418301
0 0.690909 0.405229 0.701010 0.418301
0 0.813636 0.405229 0.823737 0.418301
0 0.518182 0.428758 0.528283 0.441830
0 0.609091 0.428758 0.619192 0.441830
0 0.690909 0.428758 0.701010 0.441830
0 0.518182 0.452288 0.528283 0.465359
0 0.609091 0.452288 0.619192 0.465359
0 0.690909 0.452288 0.701010 0.465359
0 0.245455 0.475817 0.255556 0.488889
0 0.518182 0.475817 0.528283 0.488889
0 0.609091 0.475817 0.619192 0.488889
0 0.245455 0.499346 0.255556 0.512418
0 0.518182 0.499346 0.528283 0.512418
0 0.609091 0.499346 0.619192 0.512418
0 0.245455 0.522876 0.255556 0.535948
0 0.518182 0.522876 0.528283 0.535948
0 0.609091 0.522876 0.619192 0.535948
0 0.245455 0.546405 0.255556 0.559477
0 0.518182 0.546405 0.528283 0.559477
0 0.609091 0.546405 0.619192 0.559477
0 0.781818 0.546405 0.791919 0.559477
0 0.245455 0.569935 0.255556 0.583007
0 0.390909 0.569935 0.401010 0.583007
0 0.609091 0.569935 0.619192 0.583007
0 0.245455 0.593464 0.255556 0.606536
0 0.390909 0.593464 0.401010 0.606536
0 0.609091 0.593464 0.619192 0.606536
0 0.781818 0.593464 0.791919 0.606536
0 0.022727 0.627059 0.977273 0.802353
