0 0.022727 0.262353 0.313636 0.282353
0 0.322727 0.262353 0.395455 0.282353
0 0.404545 0.262353 0.690909 0.282353
0 0.700000 0.262353 0.790909 0.282353
0 0.800000 0.264641 0.810101 0.277712
0 0.890909 0.264641 0.901010 0.277712
0 0.022727 0.303529 0.313636 0.323529
0 0.322727 0.303529 0.395455 0.323529
0 0.404545 0.303529 0.690909 0.323529
0 0.700000 0.303529 0.790909 0.323529
0 0.800000 0.305817 0.810101 0.318889
0 0.890909 0.305817 0.901010 0.318889
0 0.022731 0.344706 0.445458 0.364706
0 0.454549 0.344706 0.531822 0.364706
0 0.540913 0.344706 0.790913 0.364706
0 0.800011 0.344706 0.881830 0.364706
0 0.890909 0.344706 0.977273 0.364706
0 0.022739 0.385882 0.250011 0.411765
0 0.259102 0.385882 0.531830 0.411765
0 0.872727 0.370523 0.882828 0.383595
0 0.927273 0.370523 0.937374 0.383595
0 0.654553 0.394052 0.664654 0.407124
0 0.709099 0.394052 0.719200 0.407124
0 0.872727 0.394052 0.882828 0.407124
0 0.927273 0.394052 0.937374 0.407124
0 0.022739 0.432941 0.250011 0.458824
0 0.259102 0.432941 0.531830 0.458824
0 0.872727 0.417582 0.882828 0.430654
0 0.927273 0.417582 0.937374 0.430654
0 0.654553 0.441111 0.664654 0.454183
0 0.709099 0.441111 0.719200 0.454183
0 0.872727 0.441111 0.882828 0.454183
0 0.927273 0.441111 0.937374 0.454183
0 0.654553 0.464640 0.664654 0.477712
0 0.709099 0.464640 0.719200 0.477712
0 0.763640 0.464640 0.773741 0.477712
0 0.654542 0.488170 0.664643 0.501242
0 0.709087 0.488170 0.719188 0.501242
0 0.477273 0.505882 0.977273 0.529412
0 0.267273 0.558758 0.277374 0.571830
0 0.267273 0.582288 0.277374 0.595359
0 0.872577 0.581190 0.882678 0.594261
0 0.927269 0.581190 0.937370 0.594261
0 0.872724 0.605229 0.882825 0.618301
0 0.927269 0.605229 0.937370 0.618301
0 0.267273 0.629346 0.277374 0.642418
0 0.540909 0.623529 0.663636 0.647059
0 0.267273 0.652876 0.277374 0.665948
0 0.540909 0.647059 0.663636 0.670588
0 0.267273 0.676405 0.277374 0.689477
0 0.540909 0.670588 0.663636 0.694118
0 0.799899 0.711111 0.810000 0.724183
0 0.022739 0.891765 0.188193 0.908235
0 0.193648 0.891765 0.251830 0.908235
0 0.257284 0.891765 0.333648 0.908235
0 0.339102 0.891765 0.388193 0.908235
0 0.393648 0.891765 0.438193 0.908235
0 0.443648 0.891765 0.492739 0.908235
0 0.498193 0.891765 0.556375 0.908235
0 0.561830 0.891765 0.601830 0.908235
0 0.607284 0.891765 0.651830 0.908235
0 0.657284 0.891765 0.720011 0.908235
0 0.725466 0.891765 0.779102 0.908235
0 0.784557 0.891765 0.837427 0.908235
0 0.842881 0.891765 0.905609 0.908235
0 0.911063 0.891765 0.976518 0.908235
0 0.022739 0.915294 0.188193 0.931765
0 0.193648 0.915294 0.251830 0.931765
0 0.257284 0.915294 0.333648 0.931765
0 0.339102 0.915294 0.388193 0.931765
0 0.393648 0.915294 0.438193 0.931765
0 0.443648 0.915294 0.492739 0.931765
0 0.498193 0.915294 0.556375 0.931765
0 0.561830 0.915294 0.601830 0.931765
0 0.607284 0.915294 0.651830 0.931765
0 0.657284 0.915294 0.720011 0.931765
0 0.725466 0.915294 0.779102 0.931765
0 0.784557 0.915294 0.837427 0.931765
0 0.842881 0.915294 0.905609 0.931765
0 0.911063 0.915294 0.976518 0.931765
0 0.022739 0.938824 0.188193 0.955294
0 0.193648 0.938824 0.251830 0.955294
0 0.257284 0.938824 0.333648 0.955294
0 0.339102 0.938824 0.388193 0.955294
0 0.393648 0.938824 0.438193 0.955294
0 0.443648 0.938824 0.492739 0.955294
0 0.498193 0.938824 0.556375 0.955294
0 0.561830 0.938824 0.601830 0.955294
0 0.607284 0.938824 0.651830 0.955294
0 0.657284 0.938824 0.720011 0.955294
0 0.725466 0.938824 0.779102 0.955294
0 0.784557 0.938824 0.837427 0.955294
0 0.842881 0.938824 0.905609 0.955294
0 0.911063 0.938824 0.976518 0.955294
