0 0.040808 0.094052 0.050909 0.107124
0 0.078990 0.094052 0.089091 0.107124
0 0.118990 0.094052 0.129091 0.107124
0 0.609091 0.088235 0.650000 0.111765
0 0.040808 0.117582 0.050909 0.130654
0 0.078990 0.117582 0.089091 0.130654
0 0.118990 0.117582 0.129091 0.130654
0 0.040808 0.141111 0.050909 0.154183
0 0.078990 0.141111 0.089091 0.154183
0 0.118990 0.141111 0.129091 0.154183
0 0.040808 0.164641 0.050909 0.177712
0 0.078990 0.164641 0.089091 0.177712
0 0.118990 0.164641 0.129091 0.177712
0 0.040808 0.188170 0.050909 0.201242
0 0.078990 0.188170 0.089091 0.201242
0 0.118990 0.188170 0.129091 0.201242
0 0.040808 0.211699 0.050909 0.224771
0 0.078990 0.211699 0.089091 0.224771
0 0.118990 0.211699 0.129091 0.224771
0 0.040808 0.235229 0.050909 0.248301
0 0.078990 0.235229 0.089091 0.248301
0 0.118990 0.235229 0.129091 0.248301
0 0.040808 0.258758 0.050909 0.271830
0 0.078990 0.258758 0.089091 0.271830
0 0.118990 0.258758 0.129091 0.271830
0 0.040808 0.282288 0.050909 0.295359
0 0.078990 0.282288 0.089091 0.295359
0 0.118990 0.282288 0.129091 0.295359
0 0.040808 0.305817 0.050909 0.318889
0 0.078990 0.305817 0.089091 0.318889
0 0.118990 0.305817 0.129091 0.318889
0 0.040808 0.329346 0.050909 0.342418
0 0.078990 0.329346 0.089091 0.342418
0 0.118990 0.329346 0.129091 0.342418
0 0.040808 0.352876 0.050909 0.365948
0 0.078990 0.352876 0.089091 0.365948
0 0.118990 0.352876 0.129091 0.365948
0 0.040808 0.376405 0.050909 0.389477
0 0.078990 0.376405 0.089091 0.389477
0 0.118990 0.376405 0.129091 0.389477
0 0.040808 0.399935 0.050909 0.413007
0 0.078990 0.399935 0.089091 0.413007
0 0.118990 0.399935 0.129091 0.413007
0 0.040808 0.423464 0.050909 0.436536
0 0.078990 0.423464 0.089091 0.436536
0 0.118990 0.423464 0.129091 0.436536
0 0.040808 0.476405 0.050909 0.489477
0 0.078990 0.476405 0.089091 0.489477
0 0.118990 0.476405 0.129091 0.489477
0 0.627273 0.475817 0.637374 0.488889
0 0.695455 0.475817 0.705556 0.488889
0 0.040808 0.499935 0.050909 0.513007
0 0.078990 0.499935 0.089091 0.513007
0 0.118990 0.499935 0.129091 0.513007
0 0.390404 0.499346 0.400505 0.512418
0 0.463131 0.499346 0.473232 0.512418
0 0.544950 0.499346 0.555051 0.512418
0 0.626768 0.499346 0.636869 0.512418
0 0.040808 0.523464 0.050909 0.536536
0 0.078990 0.523464 0.089091 0.536536
0 0.118990 0.523464 0.129091 0.536536
0 0.040808 0.547582 0.050909 0.560654
0 0.078990 0.547582 0.089091 0.560654
0 0.118990 0.547582 0.129091 0.560654
0 0.340404 0.546405 0.350505 0.559477
0 0.626567 0.546405 0.636668 0.559477
0 0.340404 0.569935 0.350505 0.583007
0 0.626768 0.569935 0.636869 0.583007
0 0.040808 0.594052 0.050909 0.607124
0 0.078990 0.594052 0.089091 0.607124
0 0.118990 0.594052 0.129091 0.607124
0 0.040808 0.617582 0.050909 0.630654
0 0.078990 0.617582 0.089091 0.630654
0 0.118990 0.617582 0.129091 0.630654
0 0.040808 0.641111 0.050909 0.654183
0 0.078990 0.641111 0.089091 0.654183
0 0.118990 0.641111 0.129091 0.654183
0 0.040808 0.664641 0.050909 0.677712
0 0.078990 0.664641 0.089091 0.677712
0 0.118990 0.664641 0.129091 0.677712
0 0.040808 0.717582 0.050909 0.730654
0 0.078990 0.717582 0.089091 0.730654
0 0.118990 0.717582 0.129091 0.730654
0 0.040808 0.741111 0.050909 0.754183
0 0.078990 0.741111 0.089091 0.754183
0 0.118990 0.741111 0.129091 0.754183
0 0.040808 0.764641 0.050909 0.777712
0 0.078990 0.764641 0.089091 0.777712
0 0.118990 0.764641 0.129091 0.777712
0 0.040808 0.788170 0.050909 0.801242
0 0.078990 0.788170 0.089091 0.801242
0 0.118990 0.788170 0.129091 0.801242
0 0.822727 0.782353 0.872727 0.805882
0 0.040808 0.811699 0.050909 0.824771
0 0.078990 0.811699 0.089091 0.824771
0 0.118990 0.811699 0.129091 0.824771
0 0.040808 0.835229 0.050909 0.848301
0 0.078990 0.835229 0.089091 0.848301
0 0.118990 0.835229 0.129091 0.848301
0 0.040808 0.858758 0.050909 0.871830
0 0.078990 0.858758 0.089091 0.871830
0 0.118990 0.858758 0.129091 0.871830
0 0.572727 0.852941 0.686364 0.876471
0 0.040808 0.882288 0.050909 0.895360
0 0.078990 0.882288 0.089091 0.895360
0 0.118990 0.882288 0.129091 0.895360
0 0.040808 0.905817 0.050909 0.918889
0 0.078990 0.905817 0.089091 0.918889
0 0.118990 0.905817 0.129091 0.918889
