0 0.586364 0.058758 0.596465 0.071830
0 0.645455 0.058758 0.655556 0.071830
0 0.827273 0.052941 0.977273 0.076471
0 0.486364 0.105229 0.496465 0.118301
0 0.554545 0.105229 0.564646 0.118301
0 0.281818 0.146993 0.291919 0.160065
0 0.350000 0.146993 0.360101 0.160065
0 0.486364 0.146993 0.496465 0.160065
0 0.554545 0.146993 0.564646 0.160065
0 0.700000 0.146993 0.710101 0.160065
0 0.768182 0.146993 0.778283 0.160065
0 0.577273 0.170523 0.587374 0.183595
0 0.645455 0.170523 0.655556 0.183595
0 0.418182 0.194052 0.428283 0.207124
0 0.486364 0.194052 0.496465 0.207124
0 0.636364 0.188235 0.977273 0.211765
0 0.486364 0.217582 0.496465 0.230654
0 0.554545 0.217582 0.564646 0.230654
0 0.486364 0.241111 0.496465 0.254183
0 0.554545 0.241111 0.564646 0.254183
0 0.559091 0.328758 0.569192 0.341830
0 0.636364 0.328758 0.646465 0.341830
0 0.690909 0.328758 0.701010 0.341830
0 0.763636 0.328758 0.773737 0.341830
0 0.840909 0.328758 0.851010 0.341830
0 0.445455 0.352288 0.455556 0.365359
0 0.536364 0.352288 0.546465 0.365359
0 0.613636 0.352288 0.623737 0.365359
0 0.704545 0.352288 0.714646 0.365359
0 0.818182 0.352288 0.828283 0.365359
0 0.445455 0.375817 0.455556 0.388889
0 0.536364 0.375817 0.546465 0.388889
0 0.613636 0.375817 0.623737 0.388889
0 0.445455 0.399346 0.455556 0.412418
0 0.536364 0.399346 0.546465 0.412418
0 0.613636 0.399346 0.623737 0.412418
0 0.022727 0.446405 0.032828 0.459477
0 0.250000 0.446405 0.260101 0.459477
0 0.318182 0.446405 0.328283 0.459477
0 0.500000 0.446405 0.510101 0.459477
0 0.763636 0.446405 0.773737 0.459477
0 0.836364 0.446405 0.846465 0.459477
0 0.022727 0.493464 0.032828 0.506536
0 0.250000 0.493464 0.260101 0.506536
0 0.318182 0.493464 0.328283 0.506536
0 0.500000 0.493464 0.510101 0.506536
0 0.763636 0.493464 0.773737 0.506536
0 0.836364 0.493464 0.846465 0.506536
0 0.022727 0.516993 0.032828 0.530065
0 0.250218 0.540523 0.260319 0.553595
0 0.395673 0.540523 0.405774 0.553595
0 0.559309 0.540523 0.569410 0.553595
0 0.250218 0.564052 0.260319 0.577124
0 0.395673 0.564052 0.405774 0.577124
0 0.559309 0.564052 0.569410 0.577124
0 0.732037 0.564052 0.742138 0.577124
0 0.022727 0.603529 0.977273 0.814118
