0 0.486364 0.058758 0.496465 0.071830
0 0.554545 0.058758 0.564646 0.071830
0 0.759091 0.052941 0.977273 0.076471
0 0.759091 0.105229 0.769192 0.118301
0 0.827273 0.105229 0.837374 0.118301
0 0.350000 0.146993 0.360101 0.160065
0 0.418182 0.146993 0.428283 0.160065
0 0.486364 0.146993 0.496465 0.160065
0 0.554545 0.146993 0.564646 0.160065
0 0.690909 0.146993 0.701010 0.160065
0 0.759091 0.146993 0.769192 0.160065
0 0.418182 0.170523 0.428283 0.183595
0 0.486364 0.170523 0.496465 0.183595
0 0.486364 0.194052 0.496465 0.207124
0 0.554545 0.194052 0.564646 0.207124
0 0.686364 0.188235 0.977273 0.211765
0 0.622727 0.217582 0.632828 0.230654
0 0.690909 0.217582 0.701010 0.230654
0 0.622727 0.241111 0.632828 0.254183
0 0.690909 0.241111 0.701010 0.254183
0 0.022727 0.352288 0.032828 0.365359
0 0.118182 0.352288 0.128283 0.365359
0 0.209091 0.352288 0.219192 0.365359
0 0.322727 0.352288 0.332828 0.365359
0 0.436364 0.352288 0.446465 0.365359
0 0.436364 0.375817 0.446465 0.388889
0 0.527273 0.375817 0.537374 0.388889
0 0.595455 0.375817 0.605556 0.388889
0 0.709091 0.375817 0.719192 0.388889
0 0.822727 0.375817 0.832828 0.388889
0 0.436364 0.399346 0.446465 0.412418
0 0.527273 0.399346 0.537374 0.412418
0 0.595455 0.399346 0.605556 0.412418
0 0.436364 0.422876 0.446465 0.435948
0 0.527273 0.422876 0.537374 0.435948
0 0.595455 0.422876 0.605556 0.435948
0 0.209091 0.446405 0.219192 0.459477
0 0.527273 0.446405 0.537374 0.459477
0 0.595455 0.446405 0.605556 0.459477
0 0.022727 0.469935 0.032828 0.483007
0 0.322727 0.469935 0.332828 0.483007
0 0.436364 0.469935 0.446465 0.483007
0 0.204545 0.493464 0.214646 0.506536
0 0.527273 0.493464 0.537374 0.506536
0 0.595455 0.493464 0.605556 0.506536
0 0.022727 0.516993 0.032828 0.530065
0 0.322727 0.516993 0.332828 0.530065
0 0.436364 0.516993 0.446465 0.530065
0 0.595455 0.516993 0.605556 0.530065
0 0.282037 0.540523 0.292138 0.553595
0 0.436582 0.540523 0.446683 0.553595
0 0.595673 0.540523 0.605774 0.553595
0 0.282037 0.564052 0.292138 0.577124
0 0.436582 0.564052 0.446683 0.577124
0 0.595673 0.564052 0.605774 0.577124
0 0.754764 0.564052 0.764865 0.577124
0 0.022727 0.597647 0.977273 0.802353
