0 0.779575 0.076388 0.797549 0.090277
0 0.779575 0.091538 0.797549 0.105427
0 0.058824 0.118684 0.751307 0.136362
0 0.752941 0.118684 0.941176 0.136362
0 0.058824 0.148988 0.610131 0.166666
0 0.058824 0.179292 0.610131 0.196970
0 0.058824 0.209593 0.610131 0.287875
0 0.611765 0.148988 0.941176 0.166666
0 0.611765 0.196968 0.776471 0.287875
0 0.776471 0.196968 0.941176 0.287875
0 0.058824 0.318177 0.176471 0.393933
0 0.178105 0.318177 0.386601 0.393933
0 0.389869 0.318177 0.610131 0.393933
0 0.611765 0.318180 0.776471 0.393937
0 0.776471 0.318180 0.941176 0.393937
