0 0.613636 0.058758 0.623737 0.071830
0 0.659091 0.058758 0.669192 0.071830
0 0.854545 0.052941 0.977273 0.076471
0 0.568182 0.105229 0.578283 0.118301
0 0.659091 0.105229 0.669192 0.118301
0 0.227273 0.152876 0.237374 0.165948
0 0.318182 0.152876 0.328283 0.165948
0 0.509091 0.152876 0.519192 0.165948
0 0.622727 0.152876 0.632828 0.165948
0 0.727273 0.152876 0.737374 0.165948
0 0.818182 0.152876 0.828283 0.165948
0 0.568182 0.176405 0.578283 0.189477
0 0.659091 0.176405 0.669192 0.189477
0 0.509091 0.199935 0.519192 0.213007
0 0.568182 0.199935 0.578283 0.213007
0 0.731818 0.194118 0.977273 0.217647
0 0.568182 0.223464 0.578283 0.236536
0 0.659091 0.223464 0.669192 0.236536
0 0.568182 0.246993 0.578283 0.260065
0 0.659091 0.246993 0.669192 0.260065
0 0.459091 0.335229 0.469192 0.348301
0 0.550000 0.335229 0.560101 0.348301
0 0.609091 0.335229 0.619192 0.348301
0 0.700000 0.335229 0.710101 0.348301
0 0.845455 0.335274 0.855556 0.348346
0 0.459091 0.358758 0.469192 0.371830
0 0.550000 0.358758 0.560101 0.371830
0 0.609091 0.358758 0.619192 0.371830
0 0.700000 0.358758 0.710101 0.371830
0 0.845455 0.358758 0.855556 0.371830
0 0.568182 0.381699 0.578283 0.394771
0 0.659091 0.381699 0.669192 0.394771
0 0.750000 0.381699 0.760101 0.394771
0 0.568182 0.405229 0.578283 0.418301
0 0.659091 0.405229 0.669192 0.418301
0 0.750000 0.405229 0.760101 0.418301
0 0.290909 0.428758 0.301010 0.441830
0 0.609177 0.428665 0.619278 0.441737
0 0.700000 0.428758 0.710101 0.441830
0 0.290909 0.452288 0.301010 0.465359
0 0.609091 0.452288 0.619192 0.465359
0 0.700000 0.452288 0.710101 0.465359
0 0.290909 0.475817 0.301010 0.488889
0 0.609091 0.475817 0.619192 0.488889
0 0.700000 0.475817 0.710101 0.488889
0 0.290909 0.499346 0.301010 0.512418
0 0.609091 0.499346 0.619192 0.512418
0 0.700000 0.499346 0.710101 0.512418
0 0.836364 0.499346 0.846465 0.512418
0 0.290909 0.522876 0.301010 0.535948
0 0.468182 0.522876 0.478283 0.535948
0 0.709091 0.522876 0.719192 0.535948
0 0.290909 0.546405 0.301010 0.559477
0 0.468182 0.546405 0.478283 0.559477
0 0.709091 0.546405 0.719192 0.559477
0 0.836364 0.546405 0.846465 0.559477
0 0.022727 0.597647 0.977273 0.790588
