0 0.359091 0.058758 0.369192 0.071830
0 0.413636 0.058758 0.423737 0.071830
0 0.731818 0.052941 0.977273 0.076471
0 0.618182 0.105229 0.628283 0.118301
0 0.709091 0.105229 0.719192 0.118301
0 0.436364 0.152876 0.446465 0.165948
0 0.527273 0.152876 0.537374 0.165948
0 0.618182 0.152876 0.628283 0.165948
0 0.709091 0.152876 0.719192 0.165948
0 0.800000 0.152876 0.810101 0.165948
0 0.890909 0.152876 0.901010 0.165948
0 0.436364 0.176405 0.446465 0.189477
0 0.527273 0.176405 0.537374 0.189477
0 0.436364 0.199935 0.446465 0.213007
0 0.527273 0.199935 0.537374 0.213007
0 0.731818 0.194118 0.977273 0.217647
0 0.436364 0.223464 0.446465 0.236536
0 0.527273 0.223464 0.537374 0.236536
0 0.436364 0.246993 0.446465 0.260065
0 0.527273 0.246993 0.537374 0.260065
0 0.468182 0.316993 0.478283 0.330065
0 0.559091 0.316993 0.569192 0.330065
0 0.650000 0.316993 0.660101 0.330065
0 0.740909 0.316993 0.751010 0.330065
0 0.831818 0.316993 0.841919 0.330065
0 0.468182 0.340523 0.478283 0.353595
0 0.559091 0.340523 0.569192 0.353595
0 0.650000 0.340523 0.660101 0.353595
0 0.740909 0.340523 0.751010 0.353595
0 0.831818 0.340523 0.841919 0.353595
0 0.436364 0.364052 0.446465 0.377124
0 0.527273 0.364052 0.537374 0.377124
0 0.618182 0.364052 0.628283 0.377124
0 0.436364 0.387582 0.446465 0.400654
0 0.527273 0.387582 0.537374 0.400654
0 0.618182 0.387582 0.628283 0.400654
0 0.027273 0.434641 0.037374 0.447712
0 0.263636 0.434641 0.273737 0.447712
0 0.345455 0.434641 0.355556 0.447712
0 0.531818 0.434641 0.541919 0.447712
0 0.786364 0.434641 0.796465 0.447712
0 0.845455 0.434641 0.855556 0.447712
0 0.027273 0.481699 0.037374 0.494771
0 0.263636 0.481699 0.273737 0.494771
0 0.600000 0.481699 0.610101 0.494771
0 0.345455 0.481699 0.355556 0.494771
0 0.786364 0.481699 0.796465 0.494771
0 0.850000 0.481699 0.860101 0.494771
0 0.027273 0.505229 0.037374 0.518301
0 0.263636 0.528758 0.273737 0.541830
0 0.445455 0.528758 0.455556 0.541830
0 0.654545 0.528758 0.664646 0.541830
0 0.263636 0.552288 0.273737 0.565359
0 0.445455 0.552288 0.455556 0.565359
0 0.654545 0.552288 0.664646 0.565359
0 0.804545 0.552288 0.814646 0.565359
0 0.022727 0.597647 0.977273 0.802353
