0 0.495455 0.058758 0.505556 0.071830
0 0.427273 0.058758 0.437374 0.071830
0 0.022727 0.052941 0.290909 0.076471
0 0.427273 0.105229 0.437374 0.118301
0 0.359091 0.105229 0.369192 0.118301
0 0.686364 0.146993 0.696465 0.160065
0 0.618182 0.146993 0.628283 0.160065
0 0.495455 0.146993 0.505556 0.160065
0 0.427273 0.146993 0.437374 0.160065
0 0.222727 0.146993 0.232828 0.160065
0 0.154545 0.146993 0.164646 0.160065
0 0.495455 0.170523 0.505556 0.183595
0 0.427273 0.170523 0.437374 0.183595
0 0.495455 0.194052 0.505556 0.207124
0 0.427273 0.194052 0.437374 0.207124
0 0.022727 0.188235 0.318182 0.211765
0 0.427273 0.217582 0.437374 0.230654
0 0.359091 0.217582 0.369192 0.230654
0 0.427273 0.241111 0.437374 0.254183
0 0.359091 0.241111 0.369192 0.254183
0 0.559091 0.311111 0.569192 0.324183
0 0.468182 0.311111 0.478283 0.324183
0 0.377273 0.311111 0.387374 0.324183
0 0.286364 0.311111 0.296465 0.324183
0 0.195455 0.311111 0.205556 0.324183
0 0.559091 0.334641 0.569192 0.347712
0 0.468182 0.334641 0.478283 0.347712
0 0.377273 0.334641 0.387374 0.347712
0 0.286364 0.334641 0.296465 0.347712
0 0.195455 0.334641 0.205556 0.347712
0 0.559091 0.358170 0.569192 0.371242
0 0.468182 0.358170 0.478283 0.371242
0 0.377273 0.358170 0.387374 0.371242
0 0.559091 0.381699 0.569192 0.394771
0 0.468182 0.381699 0.478283 0.394771
0 0.377273 0.381699 0.387374 0.394771
0 0.966364 0.428758 0.976465 0.441830
0 0.759091 0.428758 0.769192 0.441830
0 0.690909 0.428758 0.701010 0.441830
0 0.468182 0.428758 0.478283 0.441830
0 0.245455 0.428758 0.255556 0.441830
0 0.154545 0.428758 0.164646 0.441830
0 0.966364 0.475817 0.976465 0.488889
0 0.758727 0.475817 0.768828 0.488889
0 0.690909 0.475817 0.701010 0.488889
0 0.468182 0.475817 0.478283 0.488889
0 0.245455 0.475817 0.255556 0.488889
0 0.154545 0.475817 0.164646 0.488889
0 0.966364 0.499346 0.976465 0.512418
0 0.759091 0.522876 0.769192 0.535948
0 0.613636 0.522876 0.623737 0.535948
0 0.450000 0.522876 0.460101 0.535948
0 0.759091 0.546405 0.769192 0.559477
0 0.613636 0.546405 0.623737 0.559477
0 0.450000 0.546405 0.460101 0.559477
0 0.286364 0.546405 0.296465 0.559477
0 0.022727 0.585882 0.977273 0.790588
