0 0.033535 0.104346 0.043636 0.117418
0 0.065354 0.104346 0.075455 0.117418
0 0.114444 0.104346 0.124545 0.117418
0 0.686364 0.100000 0.727273 0.120588
0 0.033535 0.124935 0.043636 0.138007
0 0.065354 0.124935 0.075455 0.138007
0 0.114444 0.124935 0.124545 0.138007
0 0.033535 0.145523 0.043636 0.158595
0 0.065354 0.145523 0.075455 0.158595
0 0.114444 0.145523 0.124545 0.158595
0 0.033535 0.166111 0.043636 0.179183
0 0.065354 0.166111 0.075455 0.179183
0 0.114444 0.166111 0.124545 0.179183
0 0.033535 0.186699 0.043636 0.199771
0 0.065354 0.186699 0.075455 0.199771
0 0.114444 0.186699 0.124545 0.199771
0 0.033535 0.207288 0.043636 0.220359
0 0.065354 0.207288 0.075455 0.220359
0 0.114444 0.207288 0.124545 0.220359
0 0.033535 0.227876 0.043636 0.240948
0 0.065354 0.227876 0.075455 0.240948
0 0.114444 0.227876 0.124545 0.240948
0 0.033535 0.248464 0.043636 0.261536
0 0.065354 0.248464 0.075455 0.261536
0 0.114444 0.248464 0.124545 0.261536
0 0.033535 0.269052 0.043636 0.282124
0 0.065354 0.269052 0.075455 0.282124
0 0.114444 0.269052 0.124545 0.282124
0 0.033535 0.289641 0.043636 0.302712
0 0.065354 0.289641 0.075455 0.302712
0 0.114444 0.289641 0.124545 0.302712
0 0.033535 0.310229 0.043636 0.323301
0 0.065354 0.310229 0.075455 0.323301
0 0.114444 0.310229 0.124545 0.323301
0 0.033535 0.330817 0.043636 0.343889
0 0.065354 0.330817 0.075455 0.343889
0 0.114444 0.330817 0.124545 0.343889
0 0.033535 0.351405 0.043636 0.364477
0 0.065354 0.351405 0.075455 0.364477
0 0.114444 0.351405 0.124545 0.364477
0 0.033535 0.373464 0.043636 0.386536
0 0.065354 0.373464 0.075455 0.386536
0 0.114444 0.373464 0.124545 0.386536
0 0.033535 0.396993 0.043636 0.410065
0 0.065354 0.396993 0.075455 0.410065
0 0.114444 0.396993 0.124545 0.410065
0 0.114444 0.461699 0.124545 0.474771
0 0.065354 0.461699 0.075455 0.474771
0 0.033535 0.461699 0.043636 0.474771
0 0.759091 0.461111 0.769192 0.474183
0 0.850000 0.461111 0.860101 0.474183
0 0.033535 0.485229 0.043636 0.498301
0 0.065354 0.485229 0.075455 0.498301
0 0.114444 0.485229 0.124545 0.498301
0 0.567677 0.484641 0.577778 0.497712
0 0.758586 0.484641 0.768687 0.497712
0 0.658586 0.484641 0.668687 0.497712
0 0.849495 0.484641 0.859596 0.497712
0 0.033535 0.508758 0.043636 0.521830
0 0.065354 0.508758 0.075455 0.521830
0 0.114444 0.508758 0.124545 0.521830
0 0.033535 0.532876 0.043636 0.545948
0 0.065354 0.532876 0.075455 0.545948
0 0.114444 0.532876 0.124545 0.545948
0 0.326768 0.531699 0.336869 0.544771
0 0.658385 0.531699 0.668486 0.544771
0 0.326768 0.555229 0.336869 0.568301
0 0.658586 0.555229 0.668687 0.568301
0 0.033535 0.579346 0.043636 0.592418
0 0.065354 0.579346 0.075455 0.592418
0 0.114444 0.579346 0.124545 0.592418
0 0.033535 0.602876 0.043636 0.615948
0 0.065354 0.602876 0.075455 0.615948
0 0.114444 0.602876 0.124545 0.615948
0 0.033535 0.626405 0.043636 0.639477
0 0.065354 0.626405 0.075455 0.639477
0 0.114444 0.626405 0.124545 0.639477
0 0.033535 0.649935 0.043636 0.663007
0 0.065354 0.649935 0.075455 0.663007
0 0.114444 0.649935 0.124545 0.663007
0 0.033535 0.714640 0.043636 0.727712
0 0.065354 0.714640 0.075455 0.727712
0 0.114444 0.714640 0.124545 0.727712
0 0.033535 0.738170 0.043636 0.751242
0 0.065354 0.738170 0.075455 0.751242
0 0.114444 0.738170 0.124545 0.751242
0 0.033535 0.779346 0.043636 0.792418
0 0.065354 0.779346 0.075455 0.792418
0 0.114444 0.779346 0.124545 0.792418
0 0.033535 0.802876 0.043636 0.815948
0 0.065354 0.802876 0.075455 0.815948
0 0.114444 0.802876 0.124545 0.815948
0 0.352273 0.817647 0.402273 0.835294
0 0.033535 0.844052 0.043636 0.857124
0 0.065354 0.844052 0.075455 0.857124
0 0.114444 0.844052 0.124545 0.857124
0 0.033535 0.867582 0.043636 0.880654
0 0.065354 0.867582 0.075455 0.880654
0 0.114444 0.867582 0.124545 0.880654
0 0.033535 0.891126 0.043636 0.904198
0 0.065350 0.891126 0.075451 0.904198
0 0.114441 0.891126 0.124542 0.904198
0 0.900000 0.885309 0.972727 0.905897
0 0.033535 0.914655 0.043636 0.927727
0 0.065354 0.914655 0.075455 0.927727
0 0.114444 0.914655 0.124545 0.927727
0 0.033535 0.938185 0.043636 0.951257
0 0.065354 0.938185 0.075455 0.951257
0 0.114444 0.938185 0.124545 0.951257
