0 0.033535 0.088170 0.043636 0.101242
0 0.065354 0.088170 0.075455 0.101242
0 0.110808 0.088170 0.120909 0.101242
0 0.690909 0.082353 0.731818 0.105882
0 0.033535 0.111699 0.043636 0.124771
0 0.065354 0.111699 0.075455 0.124771
0 0.110808 0.111699 0.120909 0.124771
0 0.033535 0.135229 0.043636 0.148301
0 0.065354 0.135229 0.075455 0.148301
0 0.110808 0.135229 0.120909 0.148301
0 0.033535 0.158758 0.043636 0.171830
0 0.065354 0.158758 0.075455 0.171830
0 0.110808 0.158758 0.120909 0.171830
0 0.033535 0.182288 0.043636 0.195359
0 0.065354 0.182288 0.075455 0.195359
0 0.110808 0.182288 0.120909 0.195359
0 0.033535 0.205817 0.043636 0.218889
0 0.065354 0.205817 0.075455 0.218889
0 0.110808 0.205817 0.120909 0.218889
0 0.033535 0.229346 0.043636 0.242418
0 0.065354 0.229346 0.075455 0.242418
0 0.110808 0.229346 0.120909 0.242418
0 0.033535 0.252876 0.043636 0.265948
0 0.065354 0.252876 0.075455 0.265948
0 0.110808 0.252876 0.120909 0.265948
0 0.033535 0.274052 0.043636 0.287124
0 0.065354 0.274052 0.075455 0.287124
0 0.110808 0.274052 0.120909 0.287124
0 0.033535 0.311699 0.043636 0.324771
0 0.065354 0.311699 0.075455 0.324771
0 0.110808 0.311699 0.120909 0.324771
0 0.033535 0.335229 0.043636 0.348301
0 0.065354 0.335229 0.075455 0.348301
0 0.110808 0.335229 0.120909 0.348301
0 0.033535 0.358758 0.043636 0.371830
0 0.065354 0.358758 0.075455 0.371830
0 0.110808 0.358758 0.120909 0.371830
0 0.033535 0.382288 0.043636 0.395359
0 0.065354 0.382288 0.075455 0.395359
0 0.110808 0.382288 0.120909 0.395359
0 0.033535 0.405817 0.043636 0.418889
0 0.065354 0.405817 0.075455 0.418889
0 0.110808 0.405817 0.120909 0.418889
0 0.033535 0.429346 0.043636 0.442418
0 0.065354 0.429346 0.075455 0.442418
0 0.110808 0.429346 0.120909 0.442418
0 0.033535 0.476405 0.043636 0.489477
0 0.065354 0.476405 0.075455 0.489477
0 0.110808 0.476405 0.120909 0.489477
0 0.845455 0.475817 0.855556 0.488889
0 0.913636 0.475817 0.923737 0.488889
0 0.033535 0.501111 0.043636 0.514183
0 0.065354 0.501111 0.075455 0.514183
0 0.110808 0.501111 0.120909 0.514183
0 0.499495 0.499346 0.509596 0.512418
0 0.590404 0.499346 0.600505 0.512418
0 0.499495 0.522876 0.509596 0.535948
0 0.913131 0.499346 0.923232 0.512418
0 0.033535 0.546993 0.043636 0.560065
0 0.065354 0.546993 0.075455 0.560065
0 0.110808 0.546993 0.120909 0.560065
0 0.033535 0.571111 0.043636 0.584183
0 0.065354 0.571111 0.075455 0.584183
0 0.110808 0.571111 0.120909 0.584183
0 0.335859 0.569935 0.345960 0.583007
0 0.699294 0.569935 0.709395 0.583007
0 0.335859 0.593464 0.345960 0.606536
0 0.699495 0.593464 0.709596 0.606536
0 0.033535 0.616993 0.043636 0.630065
0 0.065354 0.616993 0.075455 0.630065
0 0.110808 0.616993 0.120909 0.630065
0 0.033535 0.639346 0.043636 0.652418
0 0.065354 0.639346 0.075455 0.652418
0 0.110808 0.639346 0.120909 0.652418
0 0.033535 0.661699 0.043636 0.674771
0 0.065354 0.661699 0.075455 0.674771
0 0.110808 0.661699 0.120909 0.674771
0 0.033535 0.684641 0.043636 0.697712
0 0.065354 0.684641 0.075455 0.697712
0 0.110808 0.684641 0.120909 0.697712
0 0.033535 0.731699 0.043636 0.744771
0 0.065354 0.731699 0.075455 0.744771
0 0.110808 0.731699 0.120909 0.744771
0 0.033535 0.752876 0.043636 0.765948
0 0.065354 0.752876 0.075455 0.765948
0 0.110808 0.752876 0.120909 0.765948
0 0.033535 0.790523 0.043636 0.803595
0 0.065354 0.790523 0.075455 0.803595
0 0.110808 0.790523 0.120909 0.803595
0 0.033535 0.811699 0.043636 0.824771
0 0.065354 0.811699 0.075455 0.824771
0 0.110808 0.811699 0.120909 0.824771
0 0.663636 0.823529 0.713636 0.843529
0 0.033535 0.848758 0.043636 0.861830
0 0.065354 0.848758 0.075455 0.861830
0 0.110808 0.848758 0.120909 0.861830
0 0.033535 0.871111 0.043636 0.884183
0 0.065354 0.871111 0.075455 0.884183
0 0.110808 0.871111 0.120909 0.884183
0 0.033535 0.893464 0.043636 0.906536
0 0.065354 0.893464 0.075455 0.906536
0 0.110808 0.893464 0.120909 0.906536
0 0.827273 0.888235 0.977273 0.910588
0 0.033535 0.916405 0.043636 0.929477
0 0.065354 0.916405 0.075455 0.929477
0 0.110808 0.916405 0.120909 0.929477
0 0.033535 0.939935 0.043636 0.953007
0 0.065354 0.939935 0.075455 0.953007
0 0.110808 0.939935 0.120909 0.953007
