0 0.750000 0.269412 0.977273 0.288235
0 0.545455 0.269412 0.740909 0.288235
0 0.313636 0.269412 0.536364 0.288235
0 0.222727 0.269412 0.304545 0.288235
0 0.200000 0.270523 0.210101 0.283595
0 0.109091 0.270523 0.119192 0.283595
0 0.750000 0.310588 0.977273 0.329412
0 0.545455 0.310588 0.740909 0.329412
0 0.313636 0.310588 0.536364 0.329412
0 0.222727 0.310588 0.304545 0.329412
0 0.200000 0.311699 0.210101 0.324771
0 0.109051 0.311699 0.119152 0.324771
0 0.536364 0.351765 0.977265 0.370588
0 0.472720 0.351765 0.527273 0.370588
0 0.209083 0.351765 0.463629 0.370588
0 0.118174 0.351765 0.199992 0.370588
0 0.022727 0.351765 0.109091 0.370588
0 0.750000 0.392941 0.977273 0.417647
0 0.431818 0.392941 0.740902 0.417647
0 0.113636 0.376405 0.123737 0.389477
0 0.059091 0.376405 0.069192 0.389477
0 0.309091 0.399935 0.319192 0.413007
0 0.254545 0.399935 0.264646 0.413007
0 0.113636 0.399935 0.123737 0.413007
0 0.059091 0.399935 0.069192 0.413007
0 0.750000 0.440000 0.977273 0.464706
0 0.431818 0.440000 0.740909 0.464706
0 0.113636 0.423464 0.123737 0.436536
0 0.059091 0.423464 0.069192 0.436536
0 0.309091 0.446993 0.319192 0.460065
0 0.254545 0.446993 0.264646 0.460065
0 0.113636 0.446993 0.123737 0.460065
0 0.059091 0.446993 0.069192 0.460065
0 0.309091 0.470523 0.319192 0.483595
0 0.254545 0.470523 0.264646 0.483595
0 0.200000 0.470523 0.210101 0.483595
0 0.309091 0.494052 0.319192 0.507124
0 0.254545 0.494052 0.264646 0.507124
0 0.022727 0.511765 0.540909 0.535294
0 0.695455 0.564641 0.705556 0.577712
0 0.695455 0.588170 0.705556 0.601242
0 0.113163 0.588170 0.123264 0.601242
0 0.059091 0.588170 0.069192 0.601242
0 0.113636 0.611699 0.123737 0.624771
0 0.059091 0.611699 0.069192 0.624771
0 0.695455 0.635229 0.705556 0.648301
0 0.300000 0.632941 0.418182 0.649412
0 0.300000 0.655294 0.418182 0.674118
0 0.300000 0.678824 0.418182 0.700000
0 0.695455 0.658758 0.705556 0.671830
0 0.695455 0.682288 0.705556 0.695359
0 0.154444 0.716993 0.164545 0.730065
0 0.022727 0.891765 0.092727 0.908235
0 0.098182 0.891765 0.160909 0.908235
0 0.166364 0.891765 0.220000 0.908235
0 0.225455 0.891765 0.274545 0.908235
0 0.280000 0.891765 0.333636 0.908235
0 0.339091 0.891765 0.383636 0.908235
0 0.389091 0.891765 0.433636 0.908235
0 0.439091 0.891765 0.501818 0.908235
0 0.507273 0.891765 0.570000 0.908235
0 0.575455 0.891765 0.615455 0.908235
0 0.620909 0.891765 0.670000 0.908235
0 0.675455 0.891765 0.742727 0.908235
0 0.748182 0.891765 0.792727 0.908235
0 0.798182 0.891765 0.977273 0.908235
0 0.022727 0.915294 0.092727 0.931765
0 0.098182 0.915294 0.160909 0.931765
0 0.166364 0.915294 0.220000 0.931765
0 0.225455 0.915294 0.274545 0.931765
0 0.280000 0.915294 0.333636 0.931765
0 0.339091 0.915294 0.383636 0.931765
0 0.389091 0.915294 0.433636 0.931765
0 0.439091 0.915294 0.501818 0.931765
0 0.507273 0.915294 0.570000 0.931765
0 0.575455 0.915294 0.615455 0.931765
0 0.620909 0.915294 0.670000 0.931765
0 0.675455 0.915294 0.742727 0.931765
0 0.748182 0.915294 0.792727 0.931765
0 0.798182 0.915294 0.977273 0.931765
0 0.022727 0.938824 0.092727 0.955294
0 0.098182 0.938824 0.160909 0.955294
0 0.166364 0.938824 0.220000 0.955294
0 0.225455 0.938824 0.274545 0.955294
0 0.280000 0.938824 0.333636 0.955294
0 0.339091 0.938824 0.383636 0.955294
0 0.389091 0.938824 0.433636 0.955294
0 0.439091 0.938824 0.501818 0.955294
0 0.507273 0.938824 0.570000 0.955294
0 0.575455 0.938824 0.615455 0.955294
0 0.620909 0.938824 0.670000 0.955294
0 0.675455 0.938824 0.742727 0.955294
0 0.748182 0.938824 0.792727 0.955294
0 0.798182 0.938824 0.977273 0.955294
