0 0.527273 0.058758 0.537374 0.071830
0 0.609091 0.058758 0.619192 0.071830
0 0.800000 0.052941 0.977273 0.076471
0 0.797727 0.102288 0.807828 0.115359
0 0.872727 0.102288 0.882828 0.115359
0 0.127273 0.170523 0.137374 0.183595
0 0.218182 0.170523 0.228283 0.183595
0 0.368182 0.170523 0.378283 0.183595
0 0.459091 0.170523 0.469192 0.183595
0 0.672727 0.170523 0.682828 0.183595
0 0.763636 0.170523 0.773737 0.183595
0 0.672727 0.194052 0.682828 0.207124
0 0.763636 0.194052 0.773737 0.207124
0 0.513636 0.217582 0.523737 0.230654
0 0.595455 0.217582 0.605556 0.230654
0 0.745455 0.211765 0.977273 0.235294
0 0.513636 0.241111 0.523737 0.254183
0 0.595455 0.241111 0.605556 0.254183
0 0.595455 0.264641 0.605556 0.277712
0 0.672727 0.264641 0.682828 0.277712
0 0.390909 0.352288 0.401010 0.365359
0 0.504545 0.352288 0.514646 0.365359
0 0.581818 0.352288 0.591919 0.365359
0 0.700000 0.352288 0.710101 0.365359
0 0.790909 0.352288 0.801010 0.365359
0 0.390909 0.375817 0.401010 0.388889
0 0.504545 0.375817 0.514646 0.388889
0 0.581818 0.375817 0.591919 0.388889
0 0.700000 0.375817 0.710101 0.388889
0 0.790909 0.375817 0.801010 0.388889
0 0.581818 0.399346 0.591919 0.412418
0 0.672727 0.399346 0.682828 0.412418
0 0.763636 0.399346 0.773737 0.412418
0 0.581818 0.422876 0.591919 0.435948
0 0.672727 0.422876 0.682828 0.435948
0 0.763636 0.422876 0.773737 0.435948
0 0.309091 0.446405 0.319192 0.459477
0 0.581818 0.446405 0.591919 0.459477
0 0.672727 0.446405 0.682828 0.459477
0 0.309091 0.469935 0.319192 0.483007
0 0.581818 0.469935 0.591919 0.483007
0 0.672727 0.469935 0.682828 0.483007
0 0.309091 0.493464 0.319192 0.506536
0 0.581818 0.493464 0.591919 0.506536
0 0.672727 0.493464 0.682828 0.506536
0 0.309091 0.516993 0.319192 0.530065
0 0.581818 0.516993 0.591919 0.530065
0 0.672727 0.516993 0.682828 0.530065
0 0.818182 0.516993 0.828283 0.530065
0 0.309091 0.540523 0.319192 0.553595
0 0.581818 0.540523 0.591919 0.553595
0 0.309091 0.564052 0.319192 0.577124
0 0.309091 0.587582 0.319192 0.600654
0 0.581818 0.587582 0.591919 0.600654
0 0.309091 0.611111 0.319192 0.624183
0 0.445455 0.611111 0.455556 0.624183
0 0.022727 0.653529 0.977273 0.799412
