0 0.059419 0.136308 0.941415 0.253965
0 0.139263 0.268313 0.936067 0.383098
0 0.661033 0.416100 0.677745 0.429014
0 0.768730 0.416100 0.785441 0.429014
0 0.661033 0.439057 0.677745 0.451971
0 0.768730 0.439057 0.785441 0.451971
0 0.661033 0.462014 0.677745 0.474928
0 0.768730 0.462014 0.785441 0.474928
0 0.551480 0.480667 0.690742 0.497885
0 0.661033 0.507929 0.677745 0.520842
0 0.768730 0.506494 0.785441 0.519408
0 0.423358 0.525146 0.562621 0.542365
0 0.661033 0.568192 0.677745 0.581105
0 0.768730 0.568192 0.785441 0.581105
0 0.090985 0.602628 0.941415 0.675803
0 0.661033 0.707370 0.677745 0.720283
0 0.768730 0.705936 0.785441 0.718848
0 0.661033 0.730327 0.677745 0.743240
0 0.768730 0.730327 0.785441 0.743240
0 0.661033 0.753284 0.677745 0.766198
0 0.768730 0.753284 0.785441 0.766198
0 0.557051 0.769067 0.696314 0.787720
0 0.661033 0.799198 0.677745 0.812112
0 0.768730 0.799198 0.785441 0.812112
0 0.427072 0.816417 0.566335 0.832199
0 0.090985 0.856592 0.941415 0.936942
