0 0.820721 0.140614 0.839289 0.153527
0 0.894995 0.140614 0.913562 0.153527
0 0.124408 0.186528 0.941415 0.278356
0 0.820721 0.311357 0.839289 0.324271
0 0.894995 0.311357 0.913562 0.324271
0 0.306377 0.330010 0.324946 0.342924
0 0.679601 0.331446 0.698170 0.344359
0 0.820721 0.348663 0.839289 0.361577
0 0.894995 0.348663 0.913562 0.361577
0 0.820721 0.368751 0.839289 0.381664
0 0.894995 0.368751 0.913562 0.381664
0 0.124408 0.398883 0.941415 0.490711
0 0.089128 0.563888 0.941415 0.664325
0 0.820721 0.711674 0.839289 0.724588
0 0.894995 0.711674 0.913562 0.724588
0 0.820721 0.731761 0.839289 0.744676
0 0.894995 0.731761 0.913562 0.744676
0 0.159688 0.760458 0.941415 0.820721
0 0.089128 0.836504 0.941415 0.935507
