0 0.058824 0.098485 0.941176 0.113636
0 0.058824 0.147727 0.941176 0.276515
0 0.658497 0.297980 0.939542 0.313131
0 0.058824 0.391414 0.150327 0.406566
0 0.150327 0.391414 0.307190 0.406566
0 0.307190 0.391414 0.433007 0.406566
0 0.433007 0.391414 0.601307 0.406566
0 0.601307 0.391414 0.777778 0.406566
0 0.777778 0.391414 0.941176 0.406566
0 0.058824 0.409091 0.150327 0.424242
0 0.150327 0.409091 0.307190 0.424242
0 0.307190 0.409091 0.433007 0.424242
0 0.433007 0.409091 0.601307 0.424242
0 0.601307 0.409091 0.777778 0.424242
0 0.777778 0.409091 0.941176 0.424242
0 0.058824 0.426768 0.150327 0.443182
0 0.150327 0.426768 0.307190 0.443182
0 0.307190 0.426768 0.433007 0.443182
0 0.433007 0.426768 0.601307 0.443182
0 0.601307 0.426768 0.777778 0.443182
0 0.777778 0.426768 0.941176 0.443182
0 0.058824 0.445707 0.150327 0.460859
0 0.150327 0.445707 0.307190 0.460859
0 0.307190 0.445707 0.433007 0.460859
0 0.433007 0.445707 0.601307 0.460859
0 0.601307 0.445707 0.777778 0.460859
0 0.777778 0.445707 0.941176 0.460859
0 0.058824 0.463384 0.150327 0.478535
0 0.150327 0.463384 0.307190 0.478535
0 0.307190 0.463384 0.433007 0.478535
0 0.433007 0.463384 0.601307 0.478535
0 0.601307 0.463384 0.777778 0.478535
0 0.777778 0.463384 0.941176 0.478535
0 0.058824 0.482323 0.150327 0.497475
0 0.150327 0.482323 0.307190 0.497475
0 0.307190 0.482323 0.433007 0.497475
0 0.433007 0.482323 0.601307 0.497475
0 0.601307 0.482323 0.777778 0.497475
0 0.777778 0.482323 0.941176 0.497475
0 0.058824 0.590909 0.150327 0.606061
0 0.150327 0.590909 0.308824 0.606061
0 0.308824 0.590909 0.433007 0.606061
0 0.433007 0.590909 0.715686 0.606061
0 0.715686 0.590909 0.841503 0.606061
0 0.841503 0.590909 0.941176 0.606061
0 0.058824 0.608586 0.150327 0.625000
0 0.150327 0.608586 0.308824 0.625000
0 0.308824 0.608586 0.433007 0.625000
0 0.433007 0.608586 0.715686 0.625000
0 0.715686 0.608586 0.841503 0.625000
0 0.841503 0.608586 0.941176 0.625000
0 0.058824 0.627525 0.150327 0.642677
0 0.150327 0.627525 0.308824 0.642677
0 0.308824 0.627525 0.433007 0.642677
0 0.433007 0.627525 0.715686 0.642677
0 0.715686 0.627525 0.841503 0.642677
0 0.841503 0.627525 0.941176 0.642677
0 0.058824 0.645202 0.150327 0.661616
0 0.150327 0.645202 0.308824 0.661616
0 0.308824 0.645202 0.433007 0.661616
0 0.433007 0.645202 0.715686 0.661616
0 0.715686 0.645202 0.841503 0.661616
0 0.841503 0.645202 0.941176 0.661616
0 0.058824 0.664141 0.150327 0.679293
0 0.150327 0.664141 0.308824 0.679293
0 0.308824 0.664141 0.433007 0.679293
0 0.433007 0.664141 0.715686 0.679293
0 0.715686 0.664141 0.841503 0.679293
0 0.841503 0.664141 0.941176 0.679293
0 0.058824 0.681818 0.150327 0.696970
0 0.150327 0.681818 0.308824 0.696970
0 0.308824 0.681818 0.433007 0.696970
0 0.433007 0.681818 0.715686 0.696970
0 0.715686 0.681818 0.841503 0.696970
0 0.841503 0.681818 0.941176 0.696970
0 0.058824 0.755051 0.308824 0.770202
0 0.308824 0.755051 0.433007 0.770202
0 0.433007 0.755051 0.774510 0.770202
0 0.774510 0.755051 0.941176 0.770202
0 0.058824 0.772727 0.308824 0.787879
0 0.308824 0.772727 0.433007 0.787879
0 0.433007 0.772727 0.774510 0.787879
0 0.774510 0.772727 0.941176 0.787879
0 0.058824 0.790404 0.308824 0.806818
0 0.308824 0.790404 0.433007 0.806818
0 0.433007 0.790404 0.774510 0.806818
0 0.774510 0.790404 0.941176 0.806818
0 0.058824 0.809343 0.308824 0.824495
0 0.308824 0.809343 0.433007 0.824495
0 0.433007 0.809343 0.774510 0.824495
0 0.774510 0.809343 0.941176 0.824495
0 0.058824 0.827020 0.308824 0.842172
0 0.308824 0.827020 0.433007 0.842172
0 0.433007 0.827020 0.774510 0.842172
0 0.774510 0.827020 0.941176 0.842172
0 0.764706 0.869949 0.782680 0.883838
0 0.846405 0.869949 0.864379 0.883838
0 0.764706 0.901515 0.782680 0.915404
0 0.846405 0.901515 0.864379 0.915404
0 0.764706 0.933081 0.782680 0.946970
0 0.846405 0.933081 0.864379 0.946970
