0 0.168025 0.150000 0.388235 0.168182
0 0.282353 0.171591 0.297059 0.182955
0 0.341176 0.171591 0.355882 0.182955
0 0.141176 0.190909 0.388235 0.218182
0 0.141176 0.218182 0.388235 0.236364
0 0.141176 0.238182 0.388235 0.263636
0 0.170588 0.263636 0.388235 0.295455
0 0.170588 0.295455 0.388235 0.313636
0 0.170588 0.313636 0.264706 0.340909
0 0.285294 0.313636 0.388235 0.340909
0 0.170588 0.345455 0.388235 0.377273
0 0.282353 0.380682 0.297059 0.392045
0 0.341176 0.380682 0.355882 0.392045
0 0.282353 0.398864 0.297059 0.410227
0 0.341176 0.398864 0.355882 0.410227
0 0.172941 0.413636 0.388235 0.459091
0 0.282353 0.462500 0.297059 0.473864
0 0.341176 0.462500 0.355882 0.473864
0 0.847059 0.153409 0.861765 0.164773
0 0.905882 0.153409 0.920588 0.164773
0 0.847059 0.171616 0.861765 0.182980
0 0.905882 0.171616 0.920588 0.182980
0 0.847059 0.189823 0.861765 0.201187
0 0.905882 0.189823 0.920588 0.201187
0 0.423529 0.216364 0.952941 0.231818
0 0.400000 0.262500 0.414706 0.273864
0 0.535294 0.262500 0.550000 0.273864
0 0.794118 0.262500 0.808824 0.273864
0 0.400000 0.280682 0.414706 0.292045
0 0.682353 0.280682 0.697059 0.292045
0 0.400000 0.298864 0.414706 0.310227
0 0.682353 0.298864 0.697059 0.310227
0 0.400000 0.317045 0.414706 0.328409
0 0.558824 0.313636 0.952941 0.330909
0 0.847059 0.339318 0.861765 0.350682
0 0.905882 0.339318 0.920588 0.350682
0 0.847059 0.367049 0.861765 0.378413
0 0.905882 0.367049 0.920588 0.378413
0 0.847059 0.407551 0.861765 0.418914
0 0.905882 0.407551 0.920588 0.418914
0 0.847059 0.434848 0.861765 0.446212
0 0.905882 0.434848 0.920588 0.446212
0 0.529412 0.462500 0.544118 0.473864
0 0.588235 0.462500 0.602941 0.473864
0 0.847059 0.462607 0.861765 0.473971
0 0.905882 0.462607 0.920588 0.473971
0 0.132941 0.531818 0.214118 0.545455
0 0.221176 0.531818 0.302353 0.545455
0 0.132941 0.545455 0.214118 0.559091
0 0.221176 0.545455 0.302353 0.559091
0 0.311765 0.532727 0.952941 0.559091
0 0.132941 0.559091 0.214118 0.572727
0 0.221176 0.559091 0.302353 0.572727
0 0.132941 0.572727 0.214118 0.586364
0 0.221176 0.572727 0.302353 0.586364
0 0.311765 0.560000 0.952941 0.586364
0 0.132941 0.586364 0.214118 0.600000
0 0.221176 0.586364 0.302353 0.600000
0 0.132941 0.600000 0.214118 0.613636
0 0.221176 0.600000 0.302353 0.613636
0 0.311765 0.587273 0.952941 0.613636
0 0.132941 0.613636 0.214118 0.627273
0 0.221176 0.613636 0.302353 0.627273
0 0.132941 0.627273 0.214118 0.640909
0 0.221176 0.627273 0.302353 0.640909
0 0.311765 0.614545 0.952941 0.640909
0 0.132941 0.640909 0.214118 0.654545
0 0.221176 0.640909 0.302353 0.654545
0 0.132941 0.654545 0.214118 0.668182
0 0.221176 0.654545 0.302353 0.668182
0 0.311765 0.641818 0.952941 0.668182
0 0.132941 0.668182 0.214118 0.681818
0 0.221176 0.668182 0.302353 0.681818
0 0.132941 0.681818 0.214118 0.695455
0 0.221176 0.681818 0.302353 0.695455
0 0.311765 0.669091 0.952941 0.695455
0 0.132941 0.695455 0.214118 0.709091
0 0.221176 0.695455 0.302353 0.709091
0 0.132941 0.709091 0.214118 0.722727
0 0.221176 0.709091 0.302353 0.722727
0 0.311765 0.696364 0.952941 0.722727
0 0.047059 0.757273 0.494118 0.772727
0 0.047059 0.789091 0.494118 0.804545
0 0.505882 0.757273 0.676471 0.772727
0 0.682353 0.757273 0.829412 0.772727
0 0.835294 0.757955 0.850000 0.769318
0 0.894118 0.757955 0.908824 0.769318
0 0.505882 0.789091 0.952941 0.804545
0 0.047059 0.836364 0.488235 0.854545
0 0.500000 0.836364 0.952941 0.854545
0 0.047059 0.868182 0.952941 0.886364
