0 0.058824 0.140909 0.211765 0.154545
0 0.058824 0.202727 0.482353 0.227273
0 0.494118 0.202727 0.717647 0.227273
0 0.729412 0.202727 0.941176 0.227273
0 0.058824 0.243636 0.717647 0.268182
0 0.729412 0.243636 0.941176 0.268182
0 0.058824 0.284545 0.482353 0.309091
0 0.494118 0.284545 0.717647 0.309091
0 0.729412 0.284545 0.941176 0.309091
0 0.058824 0.325455 0.347059 0.350000
0 0.358824 0.325455 0.641176 0.350000
0 0.652941 0.325455 0.941176 0.350000
0 0.058824 0.366364 0.941176 0.390909
0 0.058824 0.407273 0.641176 0.431818
0 0.652941 0.407273 0.941176 0.431818
0 0.058824 0.448182 0.482353 0.472727
0 0.494118 0.448182 0.717647 0.472727
0 0.729412 0.448182 0.941176 0.472727
0 0.058824 0.489091 0.347059 0.513636
0 0.358824 0.489091 0.641176 0.513636
0 0.652941 0.489091 0.941176 0.513636
0 0.058824 0.536869 0.075163 0.549495
0 0.270588 0.536869 0.286928 0.549495
0 0.458824 0.536869 0.475163 0.549495
0 0.647059 0.536869 0.663399 0.549495
0 0.058824 0.559596 0.075163 0.572222
0 0.270588 0.559596 0.286928 0.572222
0 0.458824 0.559596 0.475163 0.572222
0 0.647059 0.559596 0.663399 0.572222
