0 0.058824 0.068182 0.323529 0.154545
0 0.352941 0.068182 0.941176 0.154545
0 0.058824 0.177273 0.323529 0.263636
0 0.352941 0.177273 0.941176 0.263636
0 0.058824 0.286364 0.323529 0.372727
0 0.352941 0.286364 0.941176 0.372727
0 0.058824 0.395455 0.323529 0.481818
0 0.352941 0.395455 0.941176 0.481818
0 0.058824 0.504545 0.323529 0.590909
0 0.352941 0.504545 0.941176 0.590909
0 0.058824 0.613636 0.323529 0.700000
0 0.352941 0.613636 0.941176 0.700000
0 0.058824 0.722727 0.323529 0.809091
0 0.352941 0.722727 0.941176 0.809091
0 0.058824 0.831818 0.323529 0.918182
0 0.352941 0.831818 0.941176 0.918182
