0 0.805866 0.100438 0.822578 0.113351
0 0.881997 0.100438 0.898707 0.113351
0 0.805866 0.120525 0.822578 0.133439
0 0.881997 0.121961 0.898707 0.134874
0 0.087271 0.147788 0.939559 0.231008
0 0.805866 0.256835 0.822578 0.269747
0 0.881997 0.258269 0.898707 0.269747
0 0.805866 0.289835 0.822578 0.302749
0 0.881997 0.289835 0.898707 0.302749
0 0.813294 0.304183 0.915420 0.321401
0 0.805866 0.342924 0.822578 0.355837
0 0.881997 0.342924 0.898707 0.355837
0 0.805866 0.363011 0.822578 0.375924
0 0.881997 0.363011 0.898707 0.375924
0 0.087271 0.390273 0.939559 0.472058
0 0.805866 0.513668 0.822578 0.526582
0 0.881997 0.515104 0.898707 0.526582
0 0.805866 0.532321 0.822578 0.545235
0 0.881997 0.532321 0.898707 0.545235
0 0.805866 0.552409 0.822578 0.565322
0 0.881997 0.552409 0.898707 0.565322
0 0.805866 0.571062 0.822578 0.583975
0 0.881997 0.572496 0.898707 0.583975
0 0.805866 0.604062 0.822578 0.616976
0 0.881997 0.604062 0.898707 0.616976
0 0.087271 0.647107 0.939559 0.730327
0 0.805866 0.756154 0.822578 0.769067
0 0.881997 0.757588 0.898707 0.770503
0 0.805866 0.774807 0.822578 0.787720
0 0.881997 0.774807 0.898707 0.787720
0 0.805866 0.794894 0.822578 0.807808
0 0.881997 0.794894 0.898707 0.807808
0 0.805866 0.812112 0.822578 0.825025
0 0.881997 0.813547 0.898707 0.826461
0 0.805866 0.832199 0.822578 0.845114
0 0.881997 0.833635 0.898707 0.845114
0 0.109553 0.860896 0.939559 0.941247
