0 0.058824 0.136364 0.347059 0.159091
0 0.358824 0.136364 0.464706 0.159091
0 0.476471 0.136364 0.582353 0.159091
0 0.594118 0.136364 0.758824 0.159091
0 0.770588 0.136364 0.817647 0.159091
0 0.846013 0.141414 0.862353 0.154040
0 0.904837 0.141414 0.921176 0.154040
0 0.058824 0.159091 0.347059 0.181818
0 0.358824 0.159091 0.464706 0.181818
0 0.476471 0.159091 0.582353 0.181818
0 0.594118 0.159091 0.758824 0.181818
0 0.770588 0.159091 0.817647 0.181818
0 0.846013 0.164141 0.862353 0.176768
0 0.904837 0.164141 0.921176 0.176768
0 0.058824 0.181818 0.347059 0.204545
0 0.358824 0.181818 0.464706 0.204545
0 0.476471 0.181818 0.582353 0.204545
0 0.594118 0.181818 0.758824 0.204545
0 0.770588 0.181818 0.817647 0.204545
0 0.846013 0.186869 0.862353 0.199495
0 0.904837 0.186869 0.921176 0.199495
0 0.058824 0.204545 0.347059 0.227273
0 0.358824 0.204545 0.464706 0.227273
0 0.476471 0.204545 0.582353 0.227273
0 0.594118 0.204545 0.758824 0.227273
0 0.770588 0.204545 0.817647 0.227273
0 0.846013 0.209596 0.862353 0.222222
0 0.904837 0.209596 0.921176 0.222222
0 0.058824 0.227273 0.347059 0.250000
0 0.358824 0.227273 0.464706 0.250000
0 0.476471 0.227273 0.582353 0.250000
0 0.594118 0.227273 0.758824 0.250000
0 0.770588 0.227273 0.817647 0.250000
0 0.846013 0.232323 0.862353 0.244949
0 0.904837 0.232323 0.921176 0.244949
0 0.058824 0.250000 0.347059 0.272727
0 0.358824 0.250000 0.464706 0.272727
0 0.476471 0.250000 0.582353 0.272727
0 0.594118 0.250000 0.758824 0.272727
0 0.770588 0.250000 0.817647 0.272727
0 0.846013 0.255051 0.862353 0.267677
0 0.904837 0.255051 0.921176 0.267677
0 0.058824 0.272727 0.347059 0.295455
0 0.358824 0.272727 0.464706 0.295455
0 0.476471 0.272727 0.582353 0.295455
0 0.594118 0.272727 0.758824 0.295455
0 0.770588 0.272727 0.817647 0.295455
0 0.846013 0.277778 0.862353 0.290404
0 0.904837 0.277778 0.921176 0.290404
0 0.058824 0.295455 0.347059 0.318182
0 0.358824 0.295455 0.464706 0.318182
0 0.476471 0.295455 0.582353 0.318182
0 0.594118 0.295455 0.758824 0.318182
0 0.770588 0.295455 0.817647 0.318182
0 0.846013 0.300505 0.862353 0.313131
0 0.904837 0.300505 0.921176 0.313131
0 0.058824 0.318182 0.347059 0.340909
0 0.358824 0.318182 0.464706 0.340909
0 0.476471 0.318182 0.582353 0.340909
0 0.594118 0.318182 0.758824 0.340909
0 0.770588 0.318182 0.817647 0.340909
0 0.846013 0.323232 0.862353 0.335859
0 0.904837 0.323232 0.921176 0.335859
0 0.058824 0.340909 0.347059 0.363636
0 0.358824 0.340909 0.464706 0.363636
0 0.476471 0.340909 0.582353 0.363636
0 0.594118 0.340909 0.758824 0.363636
0 0.770588 0.340909 0.817647 0.363636
0 0.846013 0.345960 0.862353 0.358586
0 0.904837 0.345960 0.921176 0.358586
0 0.058824 0.363636 0.347059 0.386364
0 0.358824 0.363636 0.464706 0.386364
0 0.476471 0.363636 0.582353 0.386364
0 0.594118 0.363636 0.758824 0.386364
0 0.770588 0.363636 0.817647 0.386364
0 0.846013 0.368687 0.862353 0.381313
0 0.904837 0.368687 0.921176 0.381313
0 0.058824 0.386364 0.347059 0.409091
0 0.358824 0.386364 0.464706 0.409091
0 0.476471 0.386364 0.582353 0.409091
0 0.594118 0.386364 0.758824 0.409091
0 0.770588 0.386364 0.817647 0.409091
0 0.846013 0.391414 0.862353 0.404040
0 0.904837 0.391414 0.921176 0.404040
0 0.058824 0.409091 0.347059 0.431818
0 0.358824 0.409091 0.464706 0.431818
0 0.476471 0.409091 0.582353 0.431818
0 0.594118 0.409091 0.758824 0.431818
0 0.770588 0.409091 0.817647 0.431818
0 0.846013 0.414141 0.862353 0.426768
0 0.904837 0.414141 0.921176 0.426768
0 0.058824 0.431818 0.347059 0.454545
0 0.358824 0.431818 0.464706 0.454545
0 0.476471 0.431818 0.582353 0.454545
0 0.594118 0.431818 0.758824 0.454545
0 0.770588 0.431818 0.817647 0.454545
0 0.846013 0.436869 0.862353 0.449495
0 0.904837 0.436869 0.921176 0.449495
0 0.058824 0.454545 0.347059 0.477273
0 0.358824 0.454545 0.464706 0.477273
0 0.476471 0.454545 0.582353 0.477273
0 0.594118 0.454545 0.758824 0.477273
0 0.770588 0.454545 0.817647 0.477273
0 0.846013 0.459596 0.862353 0.472222
0 0.904837 0.459596 0.921176 0.472222
0 0.058824 0.477273 0.347059 0.500000
0 0.358824 0.477273 0.464706 0.500000
0 0.476471 0.477273 0.582353 0.500000
0 0.594118 0.477273 0.758824 0.500000
0 0.770588 0.477273 0.817647 0.500000
0 0.846013 0.482323 0.862353 0.494949
0 0.904837 0.482323 0.921176 0.494949
0 0.058824 0.500000 0.347059 0.522727
0 0.358824 0.500000 0.464706 0.522727
0 0.476471 0.500000 0.582353 0.522727
0 0.594118 0.500000 0.758824 0.522727
0 0.770588 0.500000 0.817647 0.522727
0 0.846013 0.505051 0.862353 0.517677
0 0.904837 0.505051 0.921176 0.517677
0 0.058824 0.522727 0.347059 0.545455
0 0.358824 0.522727 0.464706 0.545455
0 0.476471 0.522727 0.582353 0.545455
0 0.594118 0.522727 0.758824 0.545455
0 0.770588 0.522727 0.817647 0.545455
0 0.846013 0.527778 0.862353 0.540404
0 0.904837 0.527778 0.921176 0.540404
0 0.058824 0.545455 0.347059 0.568182
0 0.358824 0.545455 0.464706 0.568182
0 0.476471 0.545455 0.582353 0.568182
0 0.594118 0.545455 0.758824 0.568182
0 0.770588 0.545455 0.817647 0.568182
0 0.846013 0.550505 0.862353 0.563131
0 0.904837 0.550505 0.921176 0.563131
0 0.058824 0.568182 0.347059 0.590909
0 0.358824 0.568182 0.464706 0.590909
0 0.476471 0.568182 0.582353 0.590909
0 0.594118 0.568182 0.758824 0.590909
0 0.770588 0.568182 0.817647 0.590909
0 0.846013 0.573232 0.862353 0.585859
0 0.904837 0.573232 0.921176 0.585859
0 0.058824 0.590909 0.347059 0.613636
0 0.358824 0.590909 0.464706 0.613636
0 0.476471 0.590909 0.582353 0.613636
0 0.594118 0.590909 0.758824 0.613636
0 0.770588 0.590909 0.817647 0.613636
0 0.846013 0.595960 0.862353 0.608586
0 0.904837 0.595960 0.921176 0.608586
0 0.058824 0.613636 0.347059 0.636364
0 0.358824 0.613636 0.464706 0.636364
0 0.476471 0.613636 0.582353 0.636364
0 0.594118 0.613636 0.758824 0.636364
0 0.770588 0.613636 0.817647 0.636364
0 0.846013 0.618687 0.862353 0.631313
0 0.904837 0.618687 0.921176 0.631313
0 0.058824 0.636364 0.347059 0.659091
0 0.358824 0.636364 0.464706 0.659091
0 0.476471 0.636364 0.582353 0.659091
0 0.594118 0.636364 0.758824 0.659091
0 0.770588 0.636364 0.817647 0.659091
0 0.846013 0.641414 0.862353 0.654040
0 0.904837 0.641414 0.921176 0.654040
0 0.058824 0.659091 0.347059 0.681818
0 0.358824 0.659091 0.464706 0.681818
0 0.476471 0.659091 0.582353 0.681818
0 0.594118 0.659091 0.758824 0.681818
0 0.770588 0.659091 0.817647 0.681818
0 0.846013 0.664141 0.862353 0.676768
0 0.904837 0.664141 0.921176 0.676768
0 0.058824 0.681818 0.347059 0.704545
0 0.358824 0.681818 0.464706 0.704545
0 0.476471 0.681818 0.582353 0.704545
0 0.594118 0.681818 0.758824 0.704545
0 0.770588 0.681818 0.817647 0.704545
0 0.846013 0.686869 0.862353 0.699495
0 0.904837 0.686869 0.921176 0.699495
0 0.058824 0.704545 0.347059 0.727273
0 0.358824 0.704545 0.464706 0.727273
0 0.476471 0.704545 0.582353 0.727273
0 0.594118 0.704545 0.758824 0.727273
0 0.770588 0.704545 0.817647 0.727273
0 0.846013 0.709596 0.862353 0.722222
0 0.904837 0.709596 0.921176 0.722222
0 0.058824 0.727273 0.347059 0.750000
0 0.358824 0.727273 0.464706 0.750000
0 0.476471 0.727273 0.582353 0.750000
0 0.594118 0.727273 0.758824 0.750000
0 0.770588 0.727273 0.817647 0.750000
0 0.846013 0.732323 0.862353 0.744949
0 0.904837 0.732323 0.921176 0.744949
0 0.058824 0.750000 0.347059 0.772727
0 0.358824 0.750000 0.464706 0.772727
0 0.476471 0.750000 0.582353 0.772727
0 0.594118 0.750000 0.758824 0.772727
0 0.770588 0.750000 0.817647 0.772727
0 0.846013 0.755051 0.862353 0.767677
0 0.904837 0.755051 0.921176 0.767677
0 0.058824 0.772727 0.347059 0.795455
0 0.358824 0.772727 0.464706 0.795455
0 0.476471 0.772727 0.582353 0.795455
0 0.594118 0.772727 0.758824 0.795455
0 0.770588 0.772727 0.817647 0.795455
0 0.846013 0.777778 0.862353 0.790404
0 0.904837 0.777778 0.921176 0.790404
0 0.058824 0.795455 0.347059 0.818182
0 0.358824 0.795455 0.464706 0.818182
0 0.476471 0.795455 0.582353 0.818182
0 0.594118 0.795455 0.758824 0.818182
0 0.770588 0.795455 0.817647 0.818182
0 0.846013 0.800505 0.862353 0.813131
0 0.904837 0.800505 0.921176 0.813131
0 0.058824 0.818182 0.347059 0.840909
0 0.358824 0.818182 0.464706 0.840909
0 0.476471 0.818182 0.582353 0.840909
0 0.594118 0.818182 0.758824 0.840909
0 0.770588 0.818182 0.817647 0.840909
0 0.846013 0.823232 0.862353 0.835859
0 0.904837 0.823232 0.921176 0.835859
0 0.058824 0.840909 0.347059 0.863636
0 0.358824 0.840909 0.464706 0.863636
0 0.476471 0.840909 0.582353 0.863636
0 0.594118 0.840909 0.758824 0.863636
0 0.770588 0.840909 0.817647 0.863636
0 0.846013 0.845960 0.862353 0.858586
0 0.904837 0.845960 0.921176 0.858586
0 0.058824 0.863636 0.347059 0.886364
0 0.358824 0.863636 0.464706 0.886364
0 0.476471 0.863636 0.582353 0.886364
0 0.594118 0.863636 0.758824 0.886364
0 0.770588 0.863636 0.817647 0.886364
0 0.846013 0.868687 0.862353 0.881313
0 0.904837 0.868687 0.921176 0.881313
0 0.058824 0.886364 0.347059 0.909091
0 0.358824 0.886364 0.464706 0.909091
0 0.476471 0.886364 0.582353 0.909091
0 0.594118 0.886364 0.758824 0.909091
0 0.770588 0.886364 0.817647 0.909091
0 0.846013 0.891414 0.862353 0.904040
0 0.904837 0.891414 0.921176 0.904040
0 0.058824 0.909091 0.347059 0.931818
0 0.358824 0.909091 0.464706 0.931818
0 0.476471 0.909091 0.582353 0.931818
0 0.594118 0.909091 0.758824 0.931818
0 0.770588 0.909091 0.817647 0.931818
0 0.846013 0.914141 0.862353 0.926768
0 0.904837 0.914141 0.921176 0.926768
0 0.058824 0.931818 0.347059 0.954545
0 0.358824 0.931818 0.464706 0.954545
0 0.476471 0.931818 0.582353 0.954545
0 0.594118 0.931818 0.758824 0.954545
0 0.770588 0.931818 0.817647 0.954545
0 0.846013 0.936869 0.862353 0.949495
0 0.904837 0.936869 0.921176 0.949495
