0 0.694118 0.068182 0.929412 0.090909
0 0.692886 0.111869 0.709225 0.124495
0 0.787003 0.111869 0.803343 0.124495
0 0.881121 0.111869 0.897461 0.124495
0 0.658824 0.131818 0.752941 0.154545
0 0.835294 0.131818 0.929412 0.154545
0 0.682353 0.163636 0.929412 0.186364
0 0.240185 0.228475 0.941176 0.251202
0 0.158824 0.283020 0.941176 0.305747
0 0.058824 0.310293 0.941176 0.333020
0 0.088235 0.337566 0.441176 0.360293
0 0.511765 0.337566 0.670588 0.360293
0 0.758824 0.337566 0.941176 0.360293
0 0.149995 0.364838 0.332348 0.387566
0 0.352936 0.364838 0.535289 0.387566
0 0.555882 0.364838 0.738235 0.387566
0 0.758824 0.365607 0.941176 0.388335
0 0.149995 0.395129 0.332348 0.417856
0 0.352936 0.395129 0.535289 0.417856
0 0.555882 0.395129 0.738235 0.417856
0 0.758824 0.395129 0.941176 0.417856
0 0.270588 0.446657 0.941176 0.469384
0 0.241176 0.473929 0.941176 0.496657
0 0.058824 0.501202 0.941176 0.523929
0 0.088235 0.528475 0.441176 0.551202
0 0.511765 0.528475 0.670588 0.551202
0 0.758824 0.528475 0.941176 0.551202
0 0.188235 0.555747 0.441176 0.578475
0 0.582353 0.555747 0.941176 0.578475
0 0.066031 0.610798 0.082371 0.623424
0 0.311765 0.603475 0.629412 0.626202
0 0.695425 0.610798 0.711765 0.623424
0 0.058824 0.678278 0.941176 0.860841
0 0.624804 0.865966 0.641144 0.878592
0 0.506985 0.865966 0.523325 0.878592
0 0.360131 0.892415 0.376471 0.905042
0 0.507190 0.892415 0.523529 0.905042
0 0.624837 0.892415 0.641176 0.905042
0 0.736601 0.892415 0.752941 0.905042
0 0.871895 0.892415 0.888235 0.905042
0 0.212891 0.916910 0.940654 0.935092
