0 0.058824 0.089091 0.494118 0.109091
0 0.505882 0.089091 0.941176 0.109091
0 0.058824 0.125455 0.494118 0.181818
0 0.505882 0.125455 0.941176 0.145455
0 0.505882 0.161818 0.941176 0.181818
0 0.058824 0.198182 0.494118 0.218182
0 0.505882 0.198182 0.941176 0.218182
0 0.058824 0.234545 0.494118 0.290909
0 0.505882 0.234545 0.941176 0.254545
0 0.505882 0.270909 0.941176 0.290909
0 0.058824 0.307273 0.494118 0.327273
0 0.505882 0.307273 0.941176 0.327273
0 0.058824 0.343636 0.494118 0.400000
0 0.505882 0.343636 0.941176 0.363636
0 0.505882 0.380000 0.941176 0.400000
0 0.058824 0.416364 0.494118 0.436364
0 0.505882 0.416364 0.941176 0.436364
0 0.058824 0.452727 0.494118 0.509091
0 0.505882 0.452727 0.941176 0.472727
0 0.505882 0.489091 0.941176 0.509091
0 0.058824 0.525455 0.494118 0.545455
0 0.505882 0.525455 0.941176 0.545455
0 0.058824 0.561818 0.494118 0.618182
0 0.505882 0.561818 0.941176 0.581818
0 0.505882 0.598182 0.941176 0.618182
0 0.058824 0.634545 0.494118 0.654545
0 0.505882 0.634545 0.941176 0.654545
0 0.058824 0.670909 0.494118 0.727273
0 0.505882 0.670909 0.941176 0.690909
0 0.505882 0.707273 0.941176 0.727273
0 0.058824 0.743636 0.494118 0.763636
0 0.505882 0.743636 0.941176 0.763636
0 0.058824 0.780000 0.494118 0.836364
0 0.505882 0.780000 0.941176 0.800000
0 0.505882 0.816364 0.941176 0.836364
0 0.058824 0.852727 0.494118 0.872727
0 0.505882 0.852727 0.941176 0.872727
0 0.058824 0.889091 0.494118 0.945455
0 0.505882 0.889091 0.941176 0.909091
0 0.505882 0.925455 0.941176 0.945455
