0 0.058824 0.116364 0.494118 0.136364
0 0.505882 0.116364 0.717647 0.136364
0 0.729412 0.116364 0.941176 0.136364
0 0.058824 0.152727 0.494118 0.172727
0 0.505882 0.152727 0.941176 0.172727
0 0.058824 0.189091 0.494118 0.245455
0 0.505882 0.189091 0.941176 0.209091
0 0.505882 0.225455 0.941176 0.245455
0 0.058824 0.261818 0.494118 0.281818
0 0.505882 0.264596 0.522222 0.277222
0 0.729412 0.264596 0.745752 0.277222
0 0.058824 0.298182 0.494118 0.318182
0 0.505882 0.298182 0.941176 0.318182
0 0.058824 0.334545 0.494118 0.354545
0 0.505882 0.337323 0.522222 0.349949
0 0.729412 0.337323 0.745752 0.349949
0 0.058824 0.370909 0.494118 0.390909
0 0.505882 0.370909 0.941176 0.390909
0 0.058824 0.407273 0.347059 0.427273
0 0.358824 0.407273 0.641176 0.427273
0 0.652941 0.407273 0.941176 0.427273
0 0.557848 0.430000 0.941176 0.450000
0 0.058824 0.466364 0.494118 0.486364
0 0.505882 0.466364 0.717647 0.486364
0 0.729412 0.466364 0.941176 0.486364
0 0.058824 0.502727 0.494118 0.522727
0 0.058824 0.539091 0.494118 0.559091
0 0.058824 0.575455 0.494118 0.631818
0 0.505882 0.502727 0.941176 0.522727
0 0.505882 0.539091 0.941176 0.559091
0 0.505882 0.575455 0.941176 0.595455
0 0.729412 0.637323 0.745752 0.649950
0 0.835294 0.637323 0.851634 0.649950
0 0.058824 0.673687 0.075163 0.686313
0 0.182353 0.673687 0.198693 0.686313
0 0.300000 0.673687 0.316340 0.686313
0 0.417647 0.673687 0.433987 0.686313
0 0.500000 0.670909 0.941176 0.690909
0 0.058824 0.743636 0.717647 0.772727
0 0.729412 0.743636 0.941176 0.772727
0 0.058824 0.848182 0.494118 0.868182
0 0.505882 0.848182 0.941176 0.868182
0 0.058824 0.884545 0.494118 0.940909
0 0.505882 0.884545 0.941176 0.904545
0 0.505882 0.920909 0.941176 0.940909
