0 0.058824 0.175455 0.547059 0.195455
0 0.558824 0.198182 0.747059 0.218182
0 0.758824 0.198182 0.941176 0.218182
0 0.558824 0.220909 0.747059 0.250000
0 0.758824 0.220909 0.941176 0.250000
0 0.558824 0.252727 0.747059 0.272727
0 0.758824 0.252727 0.941176 0.272727
0 0.558824 0.275455 0.747059 0.295455
0 0.758824 0.275455 0.941176 0.295455
0 0.558824 0.298182 0.747059 0.318182
0 0.758824 0.298182 0.941176 0.318182
0 0.558824 0.320909 0.747059 0.340909
0 0.758824 0.320909 0.941176 0.340909
0 0.558824 0.343636 0.747059 0.363636
0 0.758824 0.343636 0.941176 0.363636
0 0.558824 0.366364 0.747059 0.386364
0 0.758824 0.366364 0.941176 0.386364
0 0.558824 0.389091 0.747059 0.409091
0 0.758824 0.389091 0.941176 0.409091
0 0.294118 0.391414 0.310458 0.404040
0 0.558824 0.411818 0.747059 0.431818
0 0.758824 0.411818 0.941176 0.431818
0 0.558824 0.434545 0.747059 0.454545
0 0.758824 0.434545 0.941176 0.454545
0 0.558824 0.457273 0.747059 0.477273
0 0.758824 0.457273 0.941176 0.477273
0 0.558824 0.480000 0.747059 0.500000
0 0.758824 0.480000 0.941176 0.500000
0 0.558824 0.502727 0.747059 0.522727
0 0.758824 0.502727 0.941176 0.522727
0 0.558824 0.525455 0.747059 0.545455
0 0.758824 0.525455 0.941176 0.545455
0 0.558824 0.548182 0.747059 0.568182
0 0.758824 0.548182 0.941176 0.568182
0 0.558824 0.570909 0.747059 0.590909
0 0.758824 0.570909 0.941176 0.590909
0 0.558824 0.593636 0.747059 0.613636
0 0.758824 0.593636 0.941176 0.613636
0 0.082353 0.620050 0.098693 0.632677
0 0.258824 0.618687 0.275163 0.631313
0 0.558824 0.616364 0.747059 0.636364
0 0.758824 0.616364 0.941176 0.636364
0 0.558824 0.639091 0.747059 0.659091
0 0.758824 0.639091 0.941176 0.659091
0 0.382353 0.664141 0.398693 0.676768
0 0.470588 0.664141 0.486928 0.676768
0 0.558824 0.659091 0.747059 0.681818
0 0.758824 0.659091 0.941176 0.681818
0 0.382353 0.686869 0.398693 0.699495
0 0.470588 0.686869 0.486928 0.699495
0 0.558824 0.681818 0.747059 0.704545
0 0.758824 0.681818 0.941176 0.704545
0 0.382353 0.709596 0.398693 0.722222
0 0.470588 0.709596 0.486928 0.722222
0 0.558824 0.704545 0.747059 0.727273
0 0.758824 0.704545 0.941176 0.727273
0 0.058824 0.743636 0.941176 0.954545
