0 0.058824 0.154040 0.411765 0.170455
0 0.411765 0.154040 0.694444 0.170455
0 0.694444 0.154040 0.941176 0.170455
0 0.058824 0.189394 0.413399 0.207071
0 0.413399 0.189394 0.647059 0.207071
0 0.647059 0.189394 0.821895 0.207071
0 0.821895 0.189394 0.941176 0.207071
0 0.058824 0.227273 0.411765 0.243687
0 0.411765 0.227273 0.941176 0.243687
0 0.058824 0.294192 0.413399 0.311869
0 0.413399 0.294192 0.941176 0.311869
0 0.058824 0.330808 0.413399 0.347222
0 0.413399 0.330808 0.941176 0.347222
0 0.106209 0.398990 0.459150 0.415404
0 0.459150 0.398351 0.694444 0.414765
0 0.694444 0.398990 0.941176 0.415404
0 0.106242 0.435606 0.459150 0.452020
0 0.460784 0.435606 0.648693 0.452020
0 0.648693 0.435606 0.821895 0.452020
0 0.821895 0.435606 0.941176 0.452020
0 0.343137 0.462121 0.361111 0.474747
0 0.405229 0.461497 0.421569 0.475386
0 0.106209 0.503788 0.459150 0.520202
0 0.459150 0.503788 0.694444 0.520202
0 0.694444 0.503788 0.941176 0.520202
0 0.106902 0.539141 0.459150 0.556818
0 0.460784 0.539141 0.648693 0.556818
0 0.648693 0.539141 0.821895 0.556818
0 0.821895 0.539141 0.941176 0.556818
0 0.343137 0.566919 0.361111 0.580808
0 0.405229 0.566919 0.421569 0.579545
0 0.106209 0.608586 0.459150 0.626263
0 0.459150 0.608586 0.694444 0.625000
0 0.694444 0.608586 0.941176 0.626263
0 0.106242 0.645202 0.459150 0.661616
0 0.459150 0.645202 0.648693 0.661616
0 0.648693 0.645202 0.821895 0.661616
0 0.821895 0.645202 0.941176 0.661616
0 0.343137 0.671717 0.361111 0.685606
0 0.408497 0.670455 0.426471 0.684343
0 0.106209 0.747475 0.459150 0.763889
0 0.459150 0.747475 0.694444 0.763889
0 0.694444 0.747475 0.941176 0.763889
0 0.106209 0.782828 0.459150 0.800505
0 0.459150 0.782828 0.694444 0.800505
0 0.694444 0.782828 0.869281 0.800505
0 0.869281 0.782828 0.941176 0.800505
0 0.106209 0.819444 0.459150 0.837121
0 0.459150 0.819444 0.941176 0.837121
0 0.106190 0.866785 0.633967 0.952644
0 0.635621 0.866162 0.941176 0.953283
