0 0.570588 0.195455 0.923529 0.218182
0 0.570588 0.222727 0.923529 0.245455
0 0.570588 0.250702 0.923529 0.273429
0 0.570588 0.277975 0.923529 0.300702
0 0.570588 0.305247 0.923529 0.327975
0 0.574835 0.336364 0.592482 0.354545
0 0.603043 0.336364 0.620690 0.354545
0 0.635766 0.336364 0.653413 0.354545
0 0.663974 0.336364 0.681621 0.354545
0 0.692181 0.336364 0.709828 0.354545
0 0.724516 0.336364 0.742163 0.354545
0 0.752941 0.336364 0.770588 0.354545
0 0.235294 0.768182 0.588235 0.790909
0 0.235294 0.795455 0.588235 0.819446
0 0.235294 0.822727 0.588235 0.846718
0 0.235294 0.850000 0.588235 0.873991
0 0.239541 0.881818 0.257188 0.900000
0 0.267748 0.881818 0.285395 0.900000
0 0.300472 0.881818 0.318119 0.900000
0 0.328680 0.881818 0.346327 0.900000
0 0.356887 0.881818 0.374534 0.900000
0 0.389222 0.881818 0.406869 0.900000
0 0.416998 0.881818 0.434645 0.900000
