0 0.058824 0.157273 0.494118 0.177273
0 0.578675 0.159091 0.641176 0.177273
0 0.771067 0.159091 0.835294 0.177273
0 0.735294 0.195455 0.941176 0.213636
0 0.735294 0.213636 0.941176 0.231818
0 0.735294 0.231818 0.941176 0.250000
0 0.735294 0.250000 0.941176 0.268182
0 0.735294 0.286364 0.941176 0.304545
0 0.735294 0.304545 0.941176 0.322727
0 0.735294 0.322727 0.941176 0.340909
0 0.735294 0.340909 0.941176 0.359091
0 0.523529 0.390909 0.723529 0.409091
0 0.735294 0.390909 0.941176 0.409091
0 0.523529 0.409091 0.723529 0.427273
0 0.735294 0.409091 0.941176 0.427273
0 0.523529 0.427273 0.723529 0.445455
0 0.735294 0.427273 0.941176 0.445455
0 0.523529 0.445455 0.723529 0.463636
0 0.735294 0.445455 0.941176 0.463636
0 0.523529 0.463636 0.723529 0.481818
0 0.735294 0.463636 0.941176 0.481818
0 0.403660 0.534596 0.420000 0.547222
0 0.615425 0.534596 0.631765 0.547222
0 0.735294 0.531818 0.941176 0.550000
0 0.403660 0.552778 0.420000 0.565404
0 0.615425 0.552778 0.631765 0.565404
0 0.735294 0.550000 0.941176 0.568182
0 0.403660 0.570960 0.420000 0.583586
0 0.615425 0.570960 0.631765 0.583586
0 0.735294 0.568182 0.941176 0.586364
0 0.403660 0.589141 0.420000 0.601768
0 0.615425 0.589141 0.631765 0.601768
0 0.735294 0.586364 0.941176 0.604545
0 0.403660 0.607323 0.420000 0.619949
0 0.615425 0.607323 0.631765 0.619949
0 0.735294 0.604545 0.941176 0.622727
0 0.403660 0.625505 0.420000 0.638131
0 0.615425 0.625505 0.631765 0.638131
0 0.735294 0.622727 0.941176 0.640909
0 0.058824 0.660909 0.941176 0.936364
