0 0.058824 0.134545 0.941176 0.154545
0 0.058824 0.170909 0.941176 0.190909
0 0.058824 0.207273 0.494118 0.227273
0 0.505882 0.207273 0.582353 0.227273
0 0.594118 0.207273 0.700000 0.227273
0 0.711765 0.207273 0.941176 0.227273
0 0.058824 0.243636 0.941176 0.263636
0 0.058824 0.302727 0.941176 0.331818
0 0.058824 0.348182 0.941176 0.377273
0 0.058824 0.393636 0.494118 0.413636
0 0.505882 0.393636 0.941176 0.413636
0 0.058824 0.443636 0.941176 0.690909
0 0.058824 0.730000 0.941176 0.750000
0 0.058824 0.766364 0.941176 0.786364
0 0.058824 0.802727 0.941176 0.822727
0 0.058824 0.839091 0.494118 0.859091
0 0.505882 0.839091 0.582353 0.859091
0 0.594118 0.839091 0.700000 0.859091
0 0.711765 0.839091 0.941176 0.859091
0 0.058824 0.864141 0.075163 0.876768
0 0.423529 0.922727 0.535294 0.936364
