0 0.047059 0.098182 0.811765 0.113636
0 0.816471 0.098182 0.952941 0.113636
0 0.047059 0.154040 0.060131 0.164141
0 0.047059 0.185859 0.060131 0.195960
0 0.047059 0.217677 0.060131 0.227778
0 0.370588 0.256313 0.383660 0.266414
0 0.447059 0.256313 0.460131 0.266414
0 0.635294 0.256313 0.648366 0.266414
0 0.705882 0.254545 0.952941 0.268182
0 0.047516 0.272222 0.060588 0.282323
0 0.111765 0.336364 0.376471 0.354545
0 0.047059 0.358586 0.060131 0.368687
0 0.370588 0.397222 0.383660 0.407323
0 0.111765 0.410859 0.124837 0.420960
0 0.652941 0.397222 0.666013 0.407323
0 0.652941 0.410859 0.666013 0.420960
0 0.723529 0.409091 0.952941 0.422727
0 0.105882 0.440909 0.382353 0.459091
0 0.500000 0.440909 0.723529 0.459091
0 0.905882 0.440909 0.952941 0.459091
0 0.047059 0.475455 0.952941 0.490909
0 0.047059 0.507273 0.952941 0.522727
0 0.058824 0.681818 0.441176 0.695455
