0 0.105882 0.111818 0.176471 0.127273
0 0.252941 0.111818 0.405882 0.127273
0 0.417647 0.114773 0.432353 0.126136
0 0.488235 0.114773 0.502941 0.126136
0 0.570588 0.114773 0.585294 0.126136
0 0.652941 0.114773 0.667647 0.126136
0 0.723529 0.111818 0.817647 0.127273
0 0.829412 0.111818 0.941176 0.131818
0 0.058824 0.148182 0.494118 0.168182
0 0.058824 0.184545 0.276471 0.204545
0 0.288235 0.184545 0.494118 0.204545
0 0.058824 0.220909 0.494118 0.240909
0 0.058824 0.257273 0.276471 0.277273
0 0.288235 0.257273 0.382353 0.277273
0 0.394118 0.257273 0.494118 0.277273
0 0.058824 0.293636 0.276471 0.313636
0 0.288235 0.293636 0.494118 0.313636
0 0.505882 0.148182 0.941176 0.168182
0 0.505882 0.184545 0.941176 0.204545
0 0.505882 0.220909 0.941176 0.240909
0 0.505882 0.257273 0.717647 0.277273
0 0.729412 0.257273 0.823529 0.277273
0 0.835294 0.257273 0.941176 0.277273
0 0.505882 0.293636 0.717647 0.313636
0 0.729412 0.293636 0.941176 0.313636
0 0.058824 0.330000 0.717647 0.350000
0 0.729412 0.330000 0.941176 0.350000
0 0.058824 0.366364 0.276471 0.386364
0 0.288235 0.366364 0.382353 0.386364
0 0.394118 0.366364 0.494118 0.386364
0 0.505882 0.366364 0.717647 0.386364
0 0.729412 0.366364 0.941176 0.386364
0 0.058824 0.427273 0.347059 0.445455
0 0.358824 0.427273 0.641176 0.445455
0 0.652941 0.427273 0.941176 0.445455
0 0.058824 0.445455 0.347059 0.463636
0 0.358824 0.445455 0.641176 0.463636
0 0.652941 0.445455 0.941176 0.463636
0 0.058824 0.463636 0.347059 0.481818
0 0.358824 0.463636 0.641176 0.481818
0 0.652941 0.463636 0.941176 0.481818
0 0.058824 0.670909 0.717647 0.690909
0 0.729412 0.670909 0.941176 0.690909
0 0.058824 0.707273 0.717647 0.727273
0 0.729407 0.707273 0.941172 0.727273
0 0.058824 0.743636 0.717647 0.763636
0 0.729407 0.743636 0.941172 0.763636
0 0.058824 0.780000 0.717647 0.800000
0 0.729407 0.780000 0.941172 0.800000
0 0.058824 0.816364 0.717647 0.836364
0 0.729407 0.816364 0.941172 0.836364
0 0.058824 0.852727 0.717647 0.872727
0 0.729407 0.852727 0.941172 0.872727
0 0.058824 0.889091 0.717647 0.909091
0 0.729407 0.889091 0.941172 0.909091
0 0.094118 0.911818 0.200000 0.927273
0 0.247059 0.911818 0.347059 0.927273
0 0.547059 0.914773 0.561765 0.926136
0 0.611765 0.914773 0.626471 0.926136
0 0.817647 0.914773 0.832353 0.926136
0 0.882353 0.914773 0.897059 0.926136
0 0.205882 0.934545 0.347059 0.950000
0 0.547059 0.934545 0.664706 0.950000
0 0.817647 0.934545 0.941176 0.950000
