0 0.047059 0.163131 0.060131 0.173232
0 0.047059 0.190404 0.060131 0.200505
0 0.047059 0.217677 0.060131 0.227778
0 0.370588 0.242677 0.383660 0.252778
0 0.447059 0.242677 0.460131 0.252778
0 0.635294 0.242677 0.648366 0.252778
0 0.705882 0.240909 0.952941 0.254545
0 0.047516 0.258586 0.060588 0.268687
0 0.111765 0.309091 0.376471 0.327273
0 0.047059 0.331313 0.060131 0.341414
0 0.370588 0.369949 0.383660 0.380051
0 0.111765 0.383586 0.124837 0.393687
0 0.582353 0.369949 0.595425 0.380051
0 0.582353 0.383586 0.595425 0.393687
0 0.652941 0.381818 0.952941 0.395455
0 0.129412 0.418182 0.423529 0.436364
0 0.517647 0.418182 0.805882 0.436364
0 0.911765 0.418182 0.952941 0.436364
0 0.047059 0.452727 0.952941 0.468182
0 0.047059 0.484545 0.952941 0.500000
0 0.047059 0.102727 0.811765 0.122727
0 0.816471 0.102727 0.952941 0.122727
0 0.058828 0.659091 0.370593 0.672727
