0 0.058954 0.114141 0.075294 0.126768
0 0.647059 0.127273 0.794118 0.140909
0 0.341176 0.145455 0.635294 0.168182
0 0.058824 0.191414 0.075163 0.204040
0 0.058824 0.284545 0.529412 0.304545
0 0.541176 0.284545 0.764706 0.304545
0 0.776471 0.284545 0.941176 0.304545
0 0.058824 0.320909 0.941176 0.340909
0 0.058824 0.357273 0.588235 0.377273
0 0.600010 0.357273 0.764716 0.377273
0 0.776471 0.357790 0.941176 0.377273
0 0.058824 0.393636 0.494118 0.413636
0 0.505882 0.393636 0.941176 0.413636
0 0.058824 0.430000 0.941176 0.450000
0 0.058824 0.472222 0.071895 0.482323
0 0.058824 0.490404 0.071895 0.500505
0 0.729412 0.486364 0.941176 0.501818
0 0.911765 0.509596 0.928105 0.522222
0 0.058824 0.585859 0.071895 0.595960
0 0.582353 0.586023 0.595425 0.596124
0 0.058824 0.604040 0.071895 0.614141
0 0.582353 0.604205 0.595425 0.614306
0 0.058824 0.622386 0.071895 0.632487
0 0.582353 0.622222 0.595425 0.632323
0 0.058824 0.640568 0.071895 0.650669
0 0.058824 0.658750 0.071895 0.668851
0 0.217647 0.654710 0.941176 0.670164
0 0.058824 0.693636 0.494118 0.713636
0 0.505882 0.693636 0.941176 0.713636
0 0.058824 0.730000 0.941176 0.759091
0 0.058824 0.777273 0.588235 0.800000
0 0.369338 0.763586 0.382410 0.773687
0 0.451691 0.763586 0.464763 0.773687
0 0.534044 0.763586 0.547116 0.773687
0 0.600000 0.777273 0.941176 0.799885
0 0.058824 0.839091 0.941176 0.954545
