0 0.066731 0.188986 0.676207 0.206663
0 0.066731 0.231915 0.676207 0.249592
0 0.066731 0.277370 0.676207 0.295047
0 0.805292 0.188986 0.940913 0.206663
0 0.805292 0.231915 0.940913 0.249592
0 0.681021 0.277370 0.940913 0.295047
0 0.066731 0.321562 0.411502 0.339239
0 0.426207 0.321562 0.676207 0.339239
0 0.676207 0.321562 0.940913 0.339239
0 0.066731 0.365754 0.419672 0.383431
0 0.426207 0.367016 0.940913 0.383431
0 0.373920 0.389744 0.391894 0.403633
0 0.067351 0.432672 0.624539 0.450348
0 0.632090 0.432672 0.940913 0.450348
0 0.066731 0.471813 0.623920 0.489490
0 0.066731 0.514742 0.411502 0.532419
0 0.426207 0.514742 0.676207 0.532419
0 0.682743 0.514742 0.940913 0.532419
0 0.066731 0.556409 0.419672 0.574086
0 0.426207 0.556409 0.940913 0.574086
0 0.066731 0.600601 0.599410 0.641005
0 0.628822 0.581662 0.646796 0.595550
0 0.605946 0.620624 0.940913 0.641005
0 0.628822 0.648581 0.646796 0.662470
0 0.708887 0.648581 0.726861 0.662470
0 0.066731 0.692773 0.599410 0.713095
0 0.605946 0.692773 0.940913 0.713095
0 0.066731 0.738227 0.940913 0.758549
0 0.066731 0.782419 0.411502 0.802741
0 0.426207 0.782419 0.669672 0.802741
0 0.682743 0.782419 0.940913 0.802741
0 0.066731 0.825349 0.419672 0.845670
0 0.426207 0.825349 0.940913 0.845670
0 0.065097 0.889743 0.411502 0.910064
0 0.426207 0.889743 0.669672 0.910064
0 0.682743 0.889743 0.940913 0.910064
0 0.065097 0.935198 0.940913 0.952874
