0 0.576797 0.063131 0.941176 0.095960
0 0.576797 0.095960 0.941176 0.127525
0 0.576797 0.127525 0.941176 0.159091
0 0.081699 0.215909 0.099673 0.229798
0 0.081699 0.255051 0.099673 0.268939
0 0.308824 0.320707 0.326797 0.334596
0 0.429739 0.320707 0.447712 0.334596
0 0.078075 0.381313 0.941176 0.613636
0 0.086995 0.663357 0.939936 0.679772
0 0.088235 0.704545 0.411765 0.720960
0 0.426471 0.704545 0.625817 0.720960
0 0.632353 0.704545 0.941176 0.720960
0 0.606209 0.734848 0.624183 0.748737
0 0.725490 0.734848 0.741830 0.748737
0 0.606209 0.791667 0.624183 0.805556
0 0.606209 0.857323 0.624183 0.871212
0 0.606209 0.880051 0.624183 0.893939
0 0.606209 0.902778 0.624183 0.916667
0 0.135621 0.926768 0.485294 0.944444
0 0.606209 0.925505 0.624183 0.939394
