0 0.076471 0.227778 0.092810 0.240404
0 0.076471 0.250505 0.092810 0.263131
0 0.352941 0.227778 0.369281 0.240404
0 0.647059 0.227778 0.663399 0.240404
0 0.352941 0.250505 0.369281 0.263131
0 0.058824 0.284545 0.494118 0.340909
0 0.505882 0.284545 0.941176 0.340909
0 0.058824 0.357273 0.494118 0.377273
0 0.505882 0.357273 0.941176 0.377273
0 0.058824 0.393636 0.494118 0.413636
0 0.505882 0.393636 0.941176 0.413636
0 0.058824 0.430000 0.494118 0.450000
0 0.505882 0.430000 0.941176 0.450000
0 0.058824 0.489091 0.941176 0.509091
0 0.088366 0.605051 0.104706 0.617677
0 0.088366 0.627778 0.104706 0.640404
0 0.088366 0.650505 0.104706 0.663131
0 0.088366 0.686869 0.104706 0.699495
0 0.088366 0.723232 0.104706 0.735859
0 0.088366 0.759596 0.104706 0.772222
0 0.088366 0.782323 0.104706 0.794949
0 0.088366 0.818687 0.104706 0.831313
0 0.117647 0.840909 0.941176 0.896364
0 0.058824 0.527778 0.075163 0.540404
0 0.276471 0.527778 0.292810 0.540404
0 0.505882 0.525455 0.941176 0.545455
0 0.058824 0.561818 0.941176 0.581818
