0 0.576685 0.062384 0.941064 0.099000
0 0.576685 0.099000 0.941064 0.135616
0 0.081586 0.178545 0.099560 0.192434
0 0.081586 0.213899 0.099560 0.226525
0 0.081586 0.273242 0.099560 0.287131
0 0.081586 0.295970 0.099560 0.309859
0 0.081586 0.319960 0.099560 0.333849
0 0.058711 0.400768 0.941064 0.540919
0 0.081586 0.593949 0.941064 0.610364
0 0.081586 0.634354 0.411652 0.652030
0 0.426358 0.634354 0.625704 0.652030
0 0.632240 0.634354 0.941064 0.652030
0 0.606096 0.665919 0.624070 0.678545
0 0.718842 0.665919 0.736815 0.678545
0 0.606096 0.705061 0.624070 0.717687
0 0.718842 0.705061 0.736815 0.717687
0 0.606096 0.774505 0.624070 0.787131
0 0.606096 0.831323 0.624070 0.843950
0 0.606096 0.854051 0.624070 0.866677
0 0.606096 0.876777 0.624070 0.889404
0 0.138776 0.900767 0.509691 0.917182
0 0.606096 0.899505 0.624070 0.912131
