0 0.058824 0.068182 0.941176 0.196364
0 0.588235 0.210050 0.604575 0.222677
0 0.658824 0.210050 0.675163 0.222677
0 0.058824 0.280000 0.941176 0.300057
0 0.058824 0.316420 0.494118 0.372899
0 0.505882 0.316420 0.941176 0.336477
0 0.505882 0.352842 0.941176 0.372899
0 0.058824 0.389263 0.670588 0.409319
0 0.682353 0.389263 0.941176 0.409319
0 0.058824 0.470909 0.670588 0.490891
0 0.682353 0.470909 0.941176 0.490891
0 0.058824 0.507255 0.494118 0.563583
0 0.505882 0.507255 0.941176 0.527237
0 0.505882 0.543601 0.941176 0.563583
0 0.083529 0.586804 0.099869 0.599431
0 0.083529 0.609532 0.099869 0.622158
0 0.083529 0.632259 0.099869 0.644885
0 0.500000 0.586804 0.516340 0.599431
0 0.500000 0.609596 0.516340 0.622222
0 0.500000 0.632323 0.516340 0.644949
0 0.635294 0.631818 0.941176 0.645455
