0 0.058824 0.068182 0.941176 0.177273
0 0.741176 0.182778 0.757516 0.195404
0 0.841176 0.182778 0.857516 0.195404
0 0.058824 0.252727 0.941176 0.272784
0 0.058824 0.289148 0.494118 0.345626
0 0.505882 0.289148 0.941176 0.309205
0 0.505882 0.325569 0.941176 0.345626
0 0.058824 0.361990 0.670588 0.382047
0 0.682353 0.361990 0.941176 0.382047
0 0.058824 0.443636 0.670588 0.463619
0 0.682353 0.443636 0.941176 0.463619
0 0.058824 0.479982 0.494118 0.536311
0 0.505882 0.479982 0.941176 0.499965
0 0.505882 0.516328 0.941176 0.536311
0 0.058824 0.559532 0.075163 0.572158
0 0.058824 0.582259 0.075163 0.594885
0 0.058824 0.604986 0.075163 0.617612
0 0.500000 0.559532 0.516340 0.572158
0 0.500000 0.582323 0.516340 0.594950
0 0.500000 0.605051 0.516340 0.617677
0 0.635294 0.604545 0.941176 0.618182
