0 0.058824 0.148182 0.941176 0.177273
0 0.058824 0.193636 0.941176 0.222727
0 0.058824 0.239091 0.494118 0.263636
0 0.505882 0.239091 0.941176 0.263636
0 0.058824 0.280000 0.494118 0.304545
0 0.505882 0.280000 0.941176 0.304545
0 0.058824 0.320909 0.941176 0.345455
0 0.264706 0.377273 0.370588 0.395455
0 0.782353 0.375960 0.798693 0.388586
0 0.864706 0.375960 0.881046 0.388586
0 0.782353 0.405505 0.798693 0.418131
0 0.864706 0.405505 0.881046 0.418131
0 0.782353 0.435051 0.798693 0.447677
0 0.864706 0.435051 0.881046 0.447677
0 0.058824 0.591414 0.075163 0.604040
0 0.058824 0.614141 0.075163 0.626768
0 0.058824 0.636869 0.075163 0.649495
0 0.058824 0.659596 0.075163 0.672222
0 0.058824 0.682323 0.075163 0.694950
0 0.058824 0.705051 0.075163 0.717677
0 0.058824 0.727778 0.075163 0.740404
0 0.058824 0.750505 0.075163 0.763131
0 0.058824 0.773232 0.075163 0.785859
0 0.058824 0.795960 0.075163 0.808586
