0 0.688235 0.140909 0.823529 0.154545
0 0.188235 0.195455 0.323529 0.209091
0 0.729412 0.222727 0.864706 0.236364
0 0.058824 0.353636 0.641176 0.372727
0 0.652941 0.353636 0.794118 0.372727
0 0.835294 0.352727 0.941176 0.372727
0 0.058824 0.390000 0.941176 0.409091
0 0.058824 0.426364 0.700000 0.445455
0 0.711765 0.426364 0.817647 0.445455
0 0.829412 0.426364 0.941176 0.445455
0 0.058824 0.462727 0.347059 0.481818
0 0.358824 0.462727 0.641176 0.481818
0 0.652941 0.462727 0.941176 0.481818
0 0.058824 0.525455 0.941176 0.783636
0 0.058824 0.826364 0.641176 0.845455
0 0.652941 0.826364 0.794118 0.845455
0 0.835294 0.825455 0.941176 0.845455
0 0.058824 0.862727 0.941176 0.881818
0 0.058824 0.899091 0.276471 0.918182
0 0.288235 0.899091 0.394118 0.918182
0 0.405882 0.899091 0.511765 0.918182
0 0.523529 0.899091 0.941176 0.918182
0 0.063456 0.938586 0.076528 0.948687
0 0.175221 0.938586 0.188292 0.948687
0 0.563897 0.935455 0.941176 0.950000
