0 0.058824 0.111818 0.611765 0.131818
0 0.058824 0.148182 0.941176 0.177273
0 0.623524 0.111818 0.941172 0.131818
0 0.058824 0.193636 0.494118 0.213636
0 0.505877 0.193636 0.941172 0.213636
0 0.058824 0.275455 0.347059 0.295455
0 0.358819 0.275455 0.941172 0.295455
0 0.058824 0.311818 0.200000 0.331818
0 0.211765 0.311818 0.347059 0.331818
0 0.358824 0.311818 0.494118 0.331818
0 0.505877 0.311818 0.941172 0.331818
0 0.800000 0.338131 0.813072 0.348232
0 0.876471 0.338131 0.889543 0.348232
0 0.058824 0.407273 0.347059 0.427273
0 0.358819 0.407273 0.941172 0.427273
0 0.058824 0.443636 0.200000 0.463636
0 0.211765 0.443636 0.347059 0.463636
0 0.358824 0.443636 0.494118 0.463636
0 0.505877 0.443636 0.941172 0.463636
0 0.800000 0.469950 0.813072 0.480051
0 0.876471 0.469950 0.889543 0.480051
0 0.058824 0.539091 0.347059 0.559091
0 0.358819 0.539091 0.941172 0.559091
0 0.058824 0.575455 0.200000 0.595455
0 0.211765 0.575455 0.347059 0.595455
0 0.358824 0.575455 0.494118 0.595455
0 0.505877 0.575455 0.941172 0.595455
0 0.800000 0.601768 0.813072 0.611869
0 0.876471 0.601768 0.889543 0.611869
0 0.058824 0.670909 0.347059 0.690909
0 0.358819 0.670909 0.941176 0.690909
0 0.058824 0.707273 0.200000 0.727273
0 0.211765 0.707273 0.347059 0.727273
0 0.358824 0.707273 0.494118 0.727273
0 0.505877 0.707273 0.941172 0.727273
0 0.058824 0.766364 0.347059 0.786364
0 0.358819 0.766364 0.941176 0.786364
0 0.058824 0.802727 0.200000 0.822727
0 0.211765 0.802727 0.347059 0.822727
0 0.358824 0.802727 0.494118 0.822727
0 0.505877 0.802727 0.941172 0.822727
0 0.447059 0.822727 0.941176 0.845455
0 0.058824 0.861818 0.347059 0.881818
0 0.358819 0.861818 0.941172 0.881818
0 0.058824 0.898182 0.200000 0.918182
0 0.211765 0.898182 0.347059 0.918182
0 0.358824 0.898182 0.494118 0.918182
0 0.505877 0.898182 0.941172 0.918182
0 0.800000 0.924495 0.813072 0.934596
0 0.876471 0.924495 0.889543 0.934596
