0 0.059056 0.130000 0.288467 0.150000
0 0.300232 0.130000 0.759056 0.150000
0 0.770588 0.130000 0.941176 0.150000
0 0.075224 0.203582 0.095364 0.219145
0 0.104636 0.203582 0.124776 0.219145
0 0.134047 0.203582 0.154188 0.219145
0 0.163459 0.203582 0.183600 0.219145
0 0.192871 0.203582 0.213011 0.219145
0 0.222283 0.203582 0.242423 0.219145
0 0.251694 0.203582 0.271835 0.219145
0 0.281106 0.203582 0.301247 0.219145
0 0.358824 0.172677 0.371895 0.182778
0 0.363456 0.203580 0.383603 0.219148
0 0.392868 0.203580 0.413015 0.219148
0 0.422279 0.203580 0.442426 0.219148
0 0.451691 0.203580 0.471838 0.219148
0 0.481103 0.203580 0.501250 0.219148
0 0.510515 0.203580 0.530662 0.219148
0 0.539926 0.203580 0.560074 0.219148
0 0.569338 0.203580 0.589485 0.219148
0 0.358824 0.243131 0.371895 0.253232
0 0.451691 0.243131 0.464763 0.253232
0 0.564706 0.240000 0.641176 0.254545
0 0.652941 0.172677 0.666013 0.182778
0 0.657574 0.203580 0.677721 0.219148
0 0.686985 0.203580 0.707132 0.219148
0 0.716397 0.203580 0.736544 0.219148
0 0.745809 0.203580 0.765956 0.219148
0 0.775221 0.203580 0.795368 0.219148
0 0.804632 0.203580 0.824779 0.219148
0 0.834044 0.203580 0.854191 0.219148
0 0.863456 0.203580 0.883603 0.219148
0 0.652941 0.243131 0.666013 0.253232
0 0.745809 0.243131 0.758881 0.253232
0 0.858823 0.240000 0.935294 0.254545
0 0.059056 0.275455 0.641408 0.295455
0 0.652941 0.275455 0.941176 0.295455
0 0.059056 0.311818 0.170820 0.331818
0 0.182585 0.311818 0.288467 0.331818
0 0.300232 0.311818 0.523761 0.331818
0 0.535526 0.311818 0.759056 0.331818
0 0.770588 0.311818 0.941176 0.331818
0 0.058824 0.359040 0.071895 0.369141
0 0.058828 0.376307 0.941181 0.460057
0 0.058824 0.468131 0.071895 0.478232
0 0.058828 0.485398 0.941181 0.569148
0 0.058824 0.577222 0.071895 0.587323
0 0.058828 0.594489 0.941181 0.655511
0 0.058824 0.663586 0.071895 0.673687
0 0.058828 0.680852 0.941181 0.741875
0 0.058824 0.765540 0.071895 0.775641
0 0.175221 0.765540 0.188292 0.775641
0 0.282353 0.761818 0.582353 0.781818
0 0.592871 0.765540 0.605943 0.775641
0 0.781103 0.765859 0.794175 0.775960
0 0.058824 0.852727 0.394118 0.872727
0 0.405882 0.852727 0.735294 0.872727
0 0.747059 0.852727 0.941176 0.872727
0 0.204131 0.902222 0.217203 0.912323
0 0.315892 0.902222 0.328964 0.912323
0 0.058824 0.934545 0.394118 0.954545
0 0.405882 0.934545 0.735294 0.954545
0 0.747059 0.934545 0.941176 0.954545
