0 0.058824 0.115152 0.941176 0.145455
0 0.058824 0.160609 0.941176 0.190909
0 0.058824 0.206063 0.941176 0.236364
0 0.058824 0.251518 0.941176 0.281818
0 0.058824 0.296972 0.941176 0.327273
0 0.670588 0.406918 0.700000 0.429645
0 0.715294 0.406918 0.744706 0.429645
0 0.760000 0.406918 0.789412 0.429645
0 0.804706 0.406918 0.834118 0.429645
0 0.849412 0.406918 0.878824 0.429645
0 0.894118 0.406918 0.923529 0.429645
0 0.670588 0.443182 0.700000 0.465909
0 0.715294 0.443182 0.744706 0.465909
0 0.760000 0.443182 0.789412 0.465909
0 0.804706 0.443182 0.834118 0.465909
0 0.849412 0.443182 0.878824 0.465909
0 0.894118 0.443182 0.923529 0.465909
0 0.670588 0.479545 0.700000 0.502273
0 0.715294 0.479545 0.744706 0.502273
0 0.760000 0.479545 0.789412 0.502273
0 0.804706 0.479545 0.834118 0.502273
0 0.849412 0.479545 0.878824 0.502273
0 0.894118 0.479545 0.923529 0.502273
0 0.670588 0.515909 0.700000 0.538636
0 0.715294 0.515909 0.744706 0.538636
0 0.760000 0.515909 0.789412 0.538636
0 0.804706 0.515909 0.834118 0.538636
0 0.849412 0.515909 0.878824 0.538636
0 0.894118 0.515909 0.923529 0.538636
0 0.670588 0.552273 0.700000 0.575000
0 0.715294 0.552273 0.744706 0.575000
0 0.760000 0.552273 0.789412 0.575000
0 0.804706 0.552273 0.834118 0.575000
0 0.849412 0.552273 0.878824 0.575000
0 0.894118 0.552273 0.923529 0.575000
0 0.670588 0.588636 0.700000 0.611364
0 0.715294 0.588636 0.744706 0.611364
0 0.760000 0.588636 0.789412 0.611364
0 0.804706 0.588636 0.834118 0.611364
0 0.849412 0.588636 0.878824 0.611364
0 0.894118 0.588636 0.923529 0.611364
0 0.670588 0.625000 0.700000 0.647727
0 0.715294 0.625000 0.744706 0.647727
0 0.760000 0.625000 0.789412 0.647727
0 0.804706 0.625000 0.834118 0.647727
0 0.849412 0.625000 0.878824 0.647727
0 0.894118 0.625000 0.923529 0.647727
0 0.058824 0.670909 0.941176 0.792727
