0 0.447059 0.045455 0.941176 0.068182
0 0.058824 0.084545 0.347059 0.104545
0 0.358819 0.084545 0.941172 0.104545
0 0.058824 0.120909 0.200000 0.140909
0 0.211765 0.120909 0.347059 0.140909
0 0.358824 0.120909 0.494118 0.140909
0 0.505877 0.120909 0.941172 0.140909
0 0.800000 0.147222 0.813072 0.157323
0 0.876471 0.147222 0.889543 0.157323
0 0.447059 0.177273 0.941176 0.200000
0 0.058824 0.216364 0.347059 0.236364
0 0.358819 0.216364 0.941172 0.236364
0 0.058824 0.252727 0.200000 0.272727
0 0.211765 0.252727 0.347059 0.272727
0 0.358824 0.252727 0.494118 0.272727
0 0.505877 0.252727 0.941172 0.272727
0 0.800000 0.279040 0.813072 0.289141
0 0.876471 0.279040 0.889543 0.289141
