0 0.058833 0.189091 0.494127 0.218182
0 0.505887 0.189091 0.941181 0.218182
0 0.058833 0.234545 0.494127 0.263636
0 0.505887 0.236364 0.711770 0.263636
0 0.852946 0.236364 0.941181 0.263636
0 0.058833 0.280000 0.494127 0.309091
0 0.505887 0.280000 0.776475 0.309091
0 0.788240 0.280000 0.941181 0.309091
0 0.058833 0.350000 0.494127 0.377273
0 0.505892 0.350000 0.776480 0.377273
0 0.788240 0.350000 0.941181 0.377273
0 0.058828 0.393636 0.941181 0.422727
0 0.788240 0.425505 0.804580 0.438131
0 0.870593 0.425505 0.886933 0.438131
0 0.058828 0.468687 0.075168 0.481313
0 0.505887 0.468687 0.522227 0.481313
0 0.058828 0.491414 0.075168 0.504040
0 0.505887 0.491414 0.522227 0.504040
0 0.058828 0.532323 0.075168 0.544950
0 0.358824 0.532323 0.375163 0.544950
0 0.652941 0.532323 0.669281 0.544950
0 0.058833 0.555051 0.075173 0.567677
0 0.358824 0.555051 0.375163 0.567677
0 0.094123 0.572727 0.376475 0.590909
0 0.788240 0.593687 0.804580 0.606313
0 0.870593 0.593687 0.886933 0.606313
0 0.788240 0.655050 0.804580 0.667677
0 0.870593 0.655050 0.886933 0.667677
0 0.058828 0.711818 0.941181 0.740909
0 0.058828 0.757273 0.494123 0.786364
0 0.505897 0.757273 0.776485 0.786364
0 0.788240 0.757273 0.941181 0.786364
0 0.788240 0.789141 0.804580 0.801768
0 0.870583 0.789141 0.886923 0.801768
0 0.788240 0.807323 0.804580 0.819950
0 0.870583 0.807323 0.886923 0.819950
0 0.788240 0.825505 0.804580 0.838131
0 0.870588 0.825505 0.886928 0.838131
