0 0.064706 0.070960 0.081046 0.083586
0 0.358824 0.070960 0.375163 0.083586
0 0.652941 0.070960 0.669281 0.083586
0 0.064706 0.116414 0.081046 0.129040
0 0.358824 0.116414 0.375163 0.129040
0 0.100000 0.152727 0.941176 0.236364
0 0.064706 0.307323 0.081046 0.319950
0 0.358824 0.307323 0.375163 0.319950
0 0.652941 0.307323 0.669281 0.319950
0 0.064706 0.325505 0.081046 0.338131
0 0.358824 0.325505 0.375163 0.338131
0 0.064706 0.370960 0.081046 0.383586
0 0.358824 0.370960 0.375163 0.383586
0 0.652941 0.370960 0.669281 0.383586
0 0.064706 0.389141 0.081046 0.401768
0 0.358824 0.389141 0.375163 0.401768
0 0.064706 0.448232 0.081046 0.460859
0 0.358824 0.448232 0.375163 0.460859
0 0.652941 0.448232 0.669281 0.460859
0 0.064706 0.466414 0.081046 0.479040
0 0.358824 0.466414 0.375163 0.479040
0 0.064706 0.511869 0.081046 0.524495
0 0.358824 0.511869 0.375163 0.524495
0 0.652941 0.511869 0.669281 0.524495
0 0.064706 0.530050 0.081046 0.542677
0 0.358824 0.530050 0.375163 0.542677
0 0.100000 0.566414 0.116340 0.579040
0 0.100000 0.584596 0.116340 0.597222
0 0.100000 0.602778 0.116340 0.615404
0 0.100000 0.620960 0.116340 0.633586
0 0.100000 0.639141 0.116340 0.651768
0 0.100000 0.657323 0.116340 0.669949
0 0.100000 0.675577 0.116340 0.688203
0 0.117647 0.675454 0.941176 0.709091
0 0.422484 0.773232 0.438824 0.785859
0 0.554248 0.773232 0.570588 0.785859
0 0.716601 0.773232 0.732941 0.785859
0 0.815425 0.773232 0.831765 0.785859
0 0.884837 0.773232 0.901177 0.785859
0 0.422484 0.795960 0.438824 0.808586
0 0.554248 0.795960 0.570588 0.808586
0 0.716601 0.795960 0.732941 0.808586
0 0.815425 0.795960 0.831765 0.808586
0 0.884837 0.795960 0.901177 0.808586
0 0.422484 0.818687 0.438824 0.831313
0 0.554248 0.818687 0.570588 0.831313
0 0.716601 0.818687 0.732941 0.831313
0 0.815425 0.818687 0.831765 0.831313
0 0.884837 0.818687 0.901177 0.831313
0 0.422484 0.841414 0.438824 0.854040
0 0.554248 0.841414 0.570588 0.854040
0 0.716601 0.841414 0.732941 0.854040
0 0.815425 0.841414 0.831765 0.854040
0 0.884837 0.841414 0.901177 0.854040
0 0.422484 0.864141 0.438824 0.876768
0 0.554248 0.864141 0.570588 0.876768
0 0.716601 0.864141 0.732941 0.876768
0 0.815425 0.864141 0.831765 0.876768
0 0.884837 0.864141 0.901177 0.876768
