0 0.064706 0.084596 0.081046 0.097222
0 0.282353 0.084596 0.298693 0.097222
0 0.500000 0.084596 0.516340 0.097222
0 0.717647 0.084596 0.733987 0.097222
0 0.100000 0.143687 0.116340 0.156313
0 0.100000 0.161869 0.116340 0.174495
0 0.100000 0.180050 0.116340 0.192677
0 0.100000 0.198304 0.116340 0.210931
0 0.117647 0.198182 0.941176 0.231818
0 0.064706 0.275505 0.081046 0.288131
0 0.282353 0.275505 0.298693 0.288131
0 0.523529 0.275505 0.539869 0.288131
0 0.729412 0.275505 0.745752 0.288131
0 0.262353 0.390909 0.494118 0.413636
0 0.262353 0.413636 0.494118 0.436364
0 0.262353 0.436364 0.494118 0.459091
0 0.262353 0.459091 0.494118 0.481818
0 0.262353 0.481818 0.494118 0.504545
0 0.262353 0.504545 0.494118 0.527273
0 0.262353 0.527273 0.494118 0.550000
0 0.064706 0.607323 0.081046 0.619949
0 0.064706 0.625505 0.081046 0.638131
0 0.064706 0.643759 0.081046 0.656385
0 0.082353 0.643636 0.941176 0.677273
0 0.064706 0.707323 0.081046 0.719950
0 0.358824 0.707323 0.375163 0.719950
0 0.100000 0.743636 0.941176 0.827273
