0 0.058824 0.235227 0.073529 0.246591
0 0.141176 0.235227 0.155882 0.246591
0 0.729412 0.422727 0.876471 0.436364
0 0.794118 0.503409 0.808824 0.514773
0 0.870588 0.503409 0.885294 0.514773
0 0.058828 0.534545 0.494123 0.559091
0 0.058824 0.575455 0.270588 0.600000
0 0.282353 0.575455 0.494118 0.600000
0 0.058824 0.616364 0.494123 0.640909
0 0.058824 0.657273 0.494118 0.681818
0 0.058824 0.698182 0.494118 0.722727
0 0.058824 0.757273 0.494118 0.781818
0 0.505882 0.534545 0.941176 0.559091
0 0.505882 0.575455 0.717647 0.600000
0 0.729412 0.575455 0.935294 0.600000
0 0.505882 0.616364 0.941176 0.640909
0 0.505882 0.657273 0.941176 0.681818
0 0.505882 0.698182 0.941176 0.722727
0 0.505882 0.757273 0.941176 0.781818
