0 0.141176 0.217045 0.155882 0.228409
0 0.058824 0.217045 0.073529 0.228409
0 0.058824 0.409091 0.235294 0.422727
0 0.794118 0.476136 0.808824 0.487500
0 0.870588 0.476136 0.885294 0.487500
0 0.058824 0.507273 0.494118 0.531818
0 0.058824 0.548182 0.270588 0.572727
0 0.282353 0.548182 0.494118 0.572727
0 0.058824 0.589091 0.494118 0.613636
0 0.058824 0.629893 0.494118 0.654545
0 0.058824 0.670909 0.494118 0.695455
0 0.058824 0.730000 0.494118 0.754545
0 0.505882 0.507273 0.941176 0.531818
0 0.505892 0.548182 0.717657 0.572727
0 0.729412 0.548182 0.935294 0.572727
0 0.505892 0.589091 0.941176 0.613636
0 0.505882 0.630000 0.941176 0.654545
0 0.505882 0.670909 0.941176 0.695455
0 0.505882 0.730000 0.941176 0.754545
