0 0.058824 0.207955 0.073529 0.219318
0 0.141176 0.207955 0.155882 0.219318
0 0.447059 0.345455 0.641176 0.359091
0 0.794118 0.430682 0.808824 0.442045
0 0.870588 0.430682 0.885294 0.442045
0 0.058824 0.461818 0.494118 0.486364
0 0.058824 0.502727 0.270588 0.527273
0 0.282353 0.502727 0.494118 0.527273
0 0.058824 0.543636 0.494118 0.568182
0 0.058824 0.584545 0.494118 0.609091
0 0.058824 0.625455 0.494118 0.650000
0 0.058824 0.684545 0.494118 0.709091
0 0.505882 0.461818 0.941176 0.486364
0 0.505882 0.502727 0.717647 0.527273
0 0.729412 0.502727 0.935294 0.527273
0 0.505882 0.543636 0.941176 0.568182
0 0.505882 0.584545 0.941176 0.609091
0 0.505882 0.625455 0.941176 0.650000
0 0.505882 0.684545 0.941176 0.709091
