0 0.058824 0.226136 0.073529 0.237500
0 0.141176 0.226136 0.155882 0.237500
0 0.058824 0.454545 0.235294 0.468182
0 0.788235 0.521591 0.802941 0.532955
0 0.864706 0.521591 0.879412 0.532955
0 0.058824 0.567273 0.494118 0.590909
0 0.058824 0.607273 0.270588 0.631818
0 0.058824 0.789091 0.494118 0.813636
0 0.058824 0.648182 0.494118 0.672727
0 0.282353 0.607273 0.494118 0.631818
0 0.058824 0.689091 0.494118 0.713636
0 0.058824 0.730000 0.494118 0.754545
0 0.505882 0.566364 0.941176 0.590909
0 0.505882 0.789091 0.941176 0.813636
0 0.505882 0.607273 0.717647 0.631818
0 0.505882 0.648182 0.941176 0.672727
0 0.729412 0.607273 0.935294 0.631818
0 0.505882 0.689091 0.941176 0.713636
0 0.505882 0.730000 0.941176 0.754545
