0 0.058824 0.212500 0.073529 0.223864
0 0.141176 0.212500 0.155882 0.223864
0 0.323529 0.404545 0.500000 0.418182
0 0.800000 0.462500 0.814706 0.473864
0 0.870588 0.462500 0.885294 0.473864
0 0.058828 0.493636 0.494123 0.518182
0 0.058824 0.534545 0.270588 0.559091
0 0.282353 0.534545 0.494118 0.559091
0 0.058824 0.575455 0.494118 0.600000
0 0.058824 0.616364 0.494118 0.640909
0 0.058824 0.657273 0.494118 0.681818
0 0.058824 0.716364 0.494118 0.740909
0 0.505882 0.493636 0.941176 0.518182
0 0.505882 0.534545 0.717647 0.559091
0 0.729412 0.534545 0.941176 0.559091
0 0.505882 0.575455 0.941176 0.600000
0 0.505882 0.616364 0.941176 0.640909
0 0.505882 0.657273 0.941176 0.681818
0 0.505882 0.716364 0.941176 0.740909
