0 0.058824 0.235227 0.073529 0.246591
0 0.141176 0.235227 0.155882 0.246591
0 0.058824 0.463636 0.235294 0.477273
0 0.794118 0.530682 0.808824 0.542045
0 0.870588 0.530682 0.885294 0.542045
0 0.058828 0.561818 0.494123 0.586364
0 0.058824 0.602727 0.270588 0.627999
0 0.282358 0.602727 0.494123 0.627999
0 0.058824 0.643636 0.494118 0.668182
0 0.058824 0.684545 0.494118 0.709091
0 0.058824 0.725455 0.494118 0.750000
0 0.058824 0.784545 0.494118 0.809091
0 0.505882 0.561818 0.941176 0.586364
0 0.505882 0.602727 0.717647 0.627999
0 0.729412 0.602727 0.941176 0.627999
0 0.505882 0.643636 0.941176 0.668182
0 0.505882 0.684545 0.941176 0.709091
0 0.505882 0.725455 0.941176 0.750000
0 0.505882 0.784545 0.941176 0.809091
