0 0.058824 0.212500 0.073529 0.223864
0 0.141176 0.212500 0.155882 0.223864
0 0.135294 0.386364 0.317647 0.400000
0 0.794118 0.453409 0.808824 0.464773
0 0.870588 0.453409 0.885294 0.464773
0 0.058828 0.484545 0.494123 0.509091
0 0.058824 0.525455 0.270588 0.550000
0 0.282353 0.525455 0.494118 0.550000
0 0.058824 0.566364 0.494123 0.590909
0 0.058824 0.607273 0.494118 0.631818
0 0.058824 0.648182 0.494118 0.672727
0 0.058824 0.707273 0.494118 0.731818
0 0.505882 0.484545 0.941176 0.509091
0 0.505882 0.525455 0.717647 0.550000
0 0.729412 0.525455 0.941176 0.550000
0 0.505882 0.566364 0.941028 0.590909
0 0.505882 0.607273 0.941176 0.631818
0 0.505882 0.648182 0.941176 0.672727
0 0.505882 0.707273 0.941176 0.731818
