0 0.058824 0.226136 0.073529 0.237500
0 0.141176 0.226136 0.155882 0.237500
0 0.058824 0.440909 0.235294 0.454545
0 0.794118 0.507955 0.808824 0.519318
0 0.870588 0.507955 0.885294 0.519318
0 0.058828 0.539091 0.494123 0.563636
0 0.058824 0.580000 0.270588 0.604545
0 0.282353 0.580000 0.494118 0.604545
0 0.058824 0.620909 0.494123 0.645455
0 0.058824 0.661818 0.494118 0.686364
0 0.058824 0.702727 0.494118 0.727273
0 0.058824 0.761818 0.494118 0.786364
0 0.505882 0.539091 0.941176 0.563636
0 0.505882 0.580000 0.717647 0.604545
0 0.729412 0.580000 0.941176 0.604545
0 0.505882 0.620909 0.941028 0.645455
0 0.505882 0.661818 0.941176 0.686364
0 0.505882 0.702727 0.941176 0.727273
0 0.505882 0.761818 0.941176 0.786364
