0 0.064706 0.098232 0.081046 0.110859
0 0.358824 0.098232 0.375163 0.110859
0 0.100000 0.139091 0.352941 0.154545
0 0.064706 0.180050 0.081046 0.192677
0 0.358824 0.180050 0.375163 0.192677
0 0.652941 0.180050 0.669281 0.192677
0 0.064706 0.198232 0.081046 0.210859
0 0.358824 0.198232 0.375163 0.210859
0 0.652941 0.198232 0.669281 0.210859
0 0.064706 0.216414 0.081046 0.229040
0 0.358824 0.216414 0.375163 0.229040
0 0.652941 0.216414 0.669281 0.229040
0 0.064706 0.234596 0.081046 0.247222
0 0.358824 0.234596 0.375163 0.247222
0 0.064706 0.252778 0.081046 0.265404
0 0.200000 0.252727 0.941176 0.268182
0 0.064706 0.311869 0.081046 0.324495
0 0.064706 0.348232 0.081046 0.360859
0 0.652941 0.330051 0.669281 0.342677
0 0.358824 0.330051 0.375163 0.342677
0 0.064706 0.330051 0.081046 0.342677
0 0.652941 0.311869 0.669281 0.324495
0 0.358824 0.311869 0.375163 0.324495
0 0.200000 0.348182 0.941176 0.363636
0 0.064706 0.407323 0.081046 0.419950
0 0.358824 0.407323 0.375163 0.419950
0 0.652941 0.407323 0.669281 0.419950
0 0.064706 0.425505 0.081046 0.438131
0 0.358824 0.425505 0.375163 0.438131
0 0.652941 0.425505 0.669281 0.438131
0 0.064706 0.443687 0.081046 0.456313
0 0.064706 0.502778 0.081046 0.515404
0 0.358824 0.502778 0.375163 0.515404
0 0.652941 0.502778 0.669281 0.515404
0 0.064706 0.520960 0.081046 0.533586
0 0.358824 0.520960 0.375163 0.533586
0 0.064706 0.580050 0.081046 0.592677
0 0.358824 0.580050 0.375163 0.592677
0 0.652941 0.580050 0.669281 0.592677
0 0.064706 0.598232 0.081046 0.610859
0 0.358824 0.598232 0.375163 0.610859
0 0.064706 0.643687 0.081046 0.656313
0 0.358824 0.643687 0.375163 0.656313
0 0.652941 0.643687 0.669281 0.656313
0 0.088235 0.680000 0.941176 0.713636
0 0.064706 0.743687 0.081046 0.756313
0 0.358824 0.743687 0.375163 0.756313
0 0.652941 0.743687 0.669281 0.756313
0 0.088235 0.780000 0.941176 0.813636
0 0.064706 0.843687 0.081046 0.856313
0 0.358824 0.843687 0.375163 0.856313
0 0.652941 0.843687 0.669281 0.856313
0 0.064706 0.884596 0.081046 0.897222
0 0.358824 0.884596 0.375163 0.897222
0 0.064706 0.930050 0.081046 0.942677
0 0.358824 0.930050 0.375163 0.942677
0 0.652941 0.930050 0.669281 0.942677
