0 0.058824 0.189773 0.073529 0.201136
0 0.141176 0.189773 0.155882 0.201136
0 0.288235 0.313636 0.482353 0.327273
0 0.794118 0.367045 0.808824 0.378409
0 0.870588 0.367045 0.885294 0.378409
0 0.058824 0.398182 0.494118 0.422727
0 0.058824 0.439091 0.270588 0.463636
0 0.282353 0.439673 0.494118 0.463636
0 0.058824 0.480000 0.494118 0.504545
0 0.058824 0.520909 0.494118 0.545455
0 0.058824 0.561818 0.494118 0.586364
0 0.058824 0.620909 0.494118 0.645455
0 0.505882 0.398182 0.941176 0.422727
0 0.505882 0.439091 0.717647 0.463636
0 0.729412 0.439091 0.935294 0.463636
0 0.505882 0.480000 0.941176 0.504545
0 0.505882 0.520909 0.941176 0.545455
0 0.505882 0.561818 0.941176 0.586364
0 0.505882 0.620909 0.941176 0.645455
