0 0.058824 0.080000 0.941176 0.163636
0 0.064706 0.207323 0.081046 0.219950
0 0.358824 0.207323 0.375163 0.219950
0 0.652941 0.207323 0.669281 0.219950
0 0.064706 0.225505 0.081046 0.238131
0 0.358824 0.225505 0.375163 0.238131
0 0.064706 0.270960 0.081046 0.283586
0 0.358824 0.270960 0.375163 0.283586
0 0.652941 0.270960 0.669281 0.283586
0 0.064706 0.289141 0.081046 0.301768
0 0.358824 0.289141 0.375163 0.301768
0 0.064706 0.334596 0.081046 0.347222
0 0.358824 0.334596 0.375163 0.347222
0 0.652941 0.334596 0.669281 0.347222
0 0.064706 0.352778 0.081046 0.365404
0 0.358824 0.352778 0.375163 0.365404
0 0.100000 0.407323 0.116340 0.419950
0 0.358824 0.407323 0.375163 0.419950
0 0.652941 0.407323 0.669281 0.419950
0 0.100000 0.425505 0.116340 0.438131
0 0.358824 0.425505 0.375163 0.438131
0 0.064706 0.470960 0.081046 0.483586
0 0.358824 0.470960 0.375163 0.483586
0 0.652941 0.470960 0.669281 0.483586
0 0.064706 0.489141 0.081046 0.501768
0 0.358824 0.489141 0.375163 0.501768
0 0.100000 0.530050 0.116340 0.542677
0 0.358824 0.530050 0.375163 0.542677
0 0.652941 0.530050 0.669281 0.542677
0 0.100000 0.548232 0.116340 0.560859
0 0.358824 0.548232 0.375163 0.560859
0 0.064706 0.593687 0.081046 0.606313
0 0.358824 0.593687 0.375163 0.606313
0 0.652941 0.593687 0.669281 0.606313
0 0.064706 0.611869 0.081046 0.624495
0 0.358824 0.611869 0.375163 0.624495
0 0.100000 0.652778 0.116340 0.665404
0 0.358824 0.652778 0.375163 0.665404
0 0.652941 0.652778 0.669281 0.665404
0 0.100000 0.670960 0.116340 0.683586
0 0.358824 0.670960 0.375163 0.683586
0 0.064706 0.730051 0.081046 0.742677
0 0.358824 0.730051 0.375163 0.742677
0 0.100000 0.766364 0.941176 0.850000
0 0.064706 0.907323 0.081046 0.919949
0 0.358824 0.907323 0.375163 0.919949
0 0.652941 0.907323 0.669281 0.919949
0 0.064706 0.925505 0.081046 0.938131
0 0.358824 0.925505 0.375163 0.938131
