0 0.926471 0.212500 0.941176 0.223864
0 0.850000 0.212500 0.864706 0.223864
0 0.120588 0.417045 0.135294 0.428409
0 0.197059 0.417045 0.211765 0.428409
0 0.505882 0.448182 0.941176 0.472727
0 0.729412 0.489091 0.941176 0.513636
0 0.505882 0.489091 0.717647 0.513636
0 0.505882 0.530000 0.941176 0.554545
0 0.505882 0.570909 0.941176 0.595455
0 0.505882 0.611818 0.941176 0.636364
0 0.505882 0.670909 0.941176 0.695455
0 0.058824 0.448182 0.494118 0.472727
0 0.282353 0.489091 0.494118 0.513636
0 0.064706 0.489091 0.270588 0.513636
0 0.058824 0.530000 0.494118 0.554545
0 0.058824 0.570909 0.494118 0.595455
0 0.058824 0.611818 0.494118 0.636364
0 0.058824 0.670909 0.494118 0.695455
0 0.176475 0.345455 0.352946 0.359091
