0 0.058824 0.226136 0.073529 0.237500
0 0.135294 0.226136 0.150000 0.237500
0 0.194118 0.450000 0.370588 0.463636
0 0.817647 0.526136 0.832353 0.537500
0 0.894118 0.526136 0.908824 0.537500
0 0.058824 0.570909 0.494118 0.595455
0 0.058824 0.611818 0.270588 0.636364
0 0.282353 0.611818 0.494118 0.636364
0 0.058824 0.652727 0.494118 0.677273
0 0.058824 0.693636 0.494118 0.718182
0 0.058824 0.734545 0.500000 0.759091
0 0.058824 0.793636 0.494118 0.818182
0 0.505882 0.570909 0.941176 0.595455
0 0.505882 0.611818 0.717647 0.636364
0 0.729412 0.611818 0.935294 0.636364
0 0.505882 0.652727 0.941176 0.677273
0 0.505882 0.693636 0.941176 0.718182
0 0.505882 0.734545 0.941176 0.759091
0 0.505882 0.793636 0.941176 0.818182
