0 0.064706 0.070960 0.081046 0.083586
0 0.358824 0.070960 0.375163 0.083586
0 0.652941 0.070960 0.669281 0.083586
0 0.064706 0.089141 0.081046 0.101768
0 0.358824 0.089141 0.375163 0.101768
0 0.064706 0.134596 0.081046 0.147222
0 0.358824 0.134596 0.375163 0.147222
0 0.652941 0.134596 0.669281 0.147222
0 0.064706 0.152778 0.081046 0.165404
0 0.358824 0.152778 0.375163 0.165404
0 0.064706 0.198232 0.081046 0.210859
0 0.358824 0.198232 0.375163 0.210859
0 0.652941 0.198232 0.669281 0.210859
0 0.064706 0.216414 0.081046 0.229040
0 0.358824 0.216414 0.375163 0.229040
0 0.100000 0.252727 0.941176 0.336364
0 0.064706 0.366414 0.081046 0.379040
0 0.358824 0.366414 0.375163 0.379040
0 0.652941 0.366414 0.669281 0.379040
0 0.064706 0.384596 0.081046 0.397222
0 0.358824 0.384596 0.375163 0.397222
0 0.064706 0.430051 0.081046 0.442677
0 0.358824 0.430051 0.375163 0.442677
0 0.652941 0.430051 0.669281 0.442677
0 0.064706 0.448232 0.081046 0.460859
0 0.358824 0.448232 0.375163 0.460859
0 0.064706 0.520960 0.081046 0.533586
0 0.358824 0.520960 0.375163 0.533586
0 0.652941 0.520960 0.669281 0.533586
0 0.100000 0.557323 0.116340 0.569949
0 0.100000 0.575505 0.116340 0.588131
0 0.100000 0.593687 0.116340 0.606313
0 0.100000 0.611869 0.116340 0.624495
0 0.100000 0.630051 0.116340 0.642677
0 0.100000 0.648232 0.116340 0.660859
0 0.100000 0.666414 0.116340 0.679040
0 0.100000 0.684596 0.116340 0.697222
0 0.100000 0.702778 0.116340 0.715404
0 0.100000 0.721032 0.116340 0.733658
0 0.117647 0.720909 0.941176 0.754545
0 0.064706 0.784596 0.081046 0.797222
0 0.358824 0.784596 0.375163 0.797222
0 0.652941 0.784596 0.669281 0.797222
0 0.100000 0.825505 0.116340 0.838131
0 0.358824 0.825505 0.375163 0.838131
0 0.652941 0.825505 0.669281 0.838131
0 0.064706 0.870960 0.081046 0.883586
0 0.358824 0.870960 0.375163 0.883586
0 0.652941 0.870960 0.669281 0.883586
0 0.285866 0.934545 0.494118 0.950000
0 0.751765 0.934545 0.941176 0.950000
