0 0.064706 0.084596 0.081046 0.097222
0 0.358824 0.084596 0.375163 0.097222
0 0.652941 0.084596 0.669281 0.097222
0 0.064706 0.143687 0.081046 0.156313
0 0.358824 0.143687 0.375163 0.156313
0 0.652941 0.143687 0.669281 0.156313
0 0.064706 0.161869 0.081046 0.174495
0 0.358824 0.161869 0.375163 0.174495
0 0.064706 0.180050 0.081046 0.192677
0 0.088235 0.180000 0.941176 0.213636
0 0.064706 0.266414 0.081046 0.279040
0 0.505882 0.266414 0.522222 0.279040
0 0.064706 0.284596 0.081046 0.297222
0 0.505882 0.284596 0.522222 0.297222
0 0.064706 0.302778 0.081046 0.315404
0 0.505882 0.302778 0.522222 0.315404
0 0.064706 0.320960 0.081046 0.333586
0 0.505882 0.320960 0.522222 0.333586
0 0.064706 0.339141 0.081046 0.351768
0 0.505882 0.339141 0.522222 0.351768
0 0.064706 0.357395 0.081046 0.370021
0 0.088235 0.357345 0.941176 0.390981
0 0.058824 0.434545 0.347059 0.450000
0 0.358824 0.434596 0.375163 0.447222
0 0.064706 0.480051 0.081046 0.492677
0 0.358824 0.480051 0.375163 0.492677
0 0.064706 0.525505 0.081046 0.538131
0 0.505882 0.525505 0.522222 0.538131
0 0.161212 0.584545 0.352941 0.600000
0 0.058824 0.625527 0.941176 0.659163
0 0.064706 0.689141 0.081046 0.701768
0 0.358824 0.689141 0.375163 0.701768
0 0.652941 0.689141 0.669281 0.701768
0 0.064706 0.707323 0.081046 0.719950
0 0.358824 0.707323 0.375163 0.719950
0 0.100000 0.748232 0.116340 0.760859
0 0.329412 0.748232 0.345752 0.760859
0 0.652941 0.748232 0.669281 0.760859
0 0.100000 0.766486 0.116340 0.779112
0 0.123529 0.766364 0.941176 0.800000
0 0.064706 0.843687 0.081046 0.856313
0 0.358824 0.843687 0.375163 0.856313
0 0.652941 0.843687 0.669281 0.856313
0 0.064706 0.916414 0.081046 0.929040
0 0.358824 0.916414 0.375163 0.929040
0 0.652941 0.916414 0.669281 0.929040
