0 0.058824 0.212500 0.073529 0.223864
0 0.141176 0.212500 0.155882 0.223864
0 0.058824 0.418182 0.235294 0.431818
0 0.805882 0.480682 0.820588 0.492045
0 0.882353 0.480682 0.897059 0.492045
0 0.058824 0.511818 0.494118 0.536364
0 0.058824 0.552727 0.270588 0.577273
0 0.282353 0.552727 0.494118 0.577273
0 0.058824 0.593636 0.494118 0.618182
0 0.058824 0.634545 0.494118 0.659091
0 0.058824 0.675454 0.494118 0.700000
0 0.058824 0.734545 0.494118 0.759091
0 0.505729 0.511818 0.941023 0.536364
0 0.505882 0.552727 0.717647 0.577273
0 0.729412 0.552727 0.935294 0.577273
0 0.505882 0.593636 0.941176 0.618182
0 0.505882 0.634545 0.941176 0.659091
0 0.505729 0.675454 0.941023 0.700000
0 0.505729 0.734545 0.941023 0.759091
