0 0.058824 0.177273 0.582353 0.195455
0 0.594118 0.177273 0.941176 0.195455
0 0.058824 0.213636 0.582353 0.231818
0 0.594118 0.213636 0.941176 0.231818
0 0.058824 0.259091 0.582353 0.345455
0 0.594118 0.259091 0.941176 0.277273
0 0.617647 0.294318 0.632353 0.305682
0 0.688235 0.294318 0.702941 0.305682
0 0.594118 0.327273 0.941176 0.345455
0 0.058824 0.372727 0.941176 0.436364
0 0.058824 0.463636 0.941176 0.527273
0 0.241176 0.548864 0.255882 0.560227
0 0.311765 0.548864 0.326471 0.560227
0 0.241176 0.567045 0.255882 0.578409
0 0.311765 0.567045 0.326471 0.578409
0 0.241176 0.585227 0.255882 0.596591
0 0.311765 0.585227 0.326471 0.596591
0 0.176466 0.600000 0.941172 0.618182
0 0.241176 0.644318 0.255882 0.655682
0 0.311765 0.644318 0.326471 0.655682
0 0.241176 0.662500 0.255882 0.673864
0 0.311765 0.662500 0.326471 0.673864
0 0.241176 0.680682 0.255882 0.692045
0 0.311765 0.680682 0.326471 0.692045
0 0.317647 0.695455 0.941176 0.713636
0 0.241176 0.757955 0.255882 0.769318
0 0.311765 0.757955 0.326471 0.769318
0 0.241176 0.776136 0.255882 0.787500
0 0.311765 0.776136 0.326471 0.787500
0 0.241176 0.794318 0.255882 0.805682
0 0.311765 0.794318 0.326471 0.805682
0 0.241176 0.839773 0.255882 0.851136
0 0.311765 0.839773 0.326471 0.851136
0 0.241176 0.857955 0.255882 0.869318
0 0.311765 0.857955 0.326471 0.869318
0 0.241176 0.876136 0.255882 0.887500
0 0.311765 0.876136 0.326471 0.887500
0 0.081176 0.909091 0.941176 0.954545
