0 0.058824 0.226136 0.073529 0.237500
0 0.141176 0.226136 0.155882 0.237500
0 0.058824 0.404545 0.229412 0.418182
0 0.794118 0.467045 0.808824 0.478409
0 0.870588 0.467045 0.885294 0.478409
0 0.058828 0.498182 0.494123 0.522727
0 0.058824 0.539091 0.270588 0.563636
0 0.282353 0.539091 0.494118 0.563636
0 0.058824 0.580000 0.494123 0.604545
0 0.058824 0.620909 0.494118 0.645455
0 0.058824 0.661818 0.494118 0.686364
0 0.058824 0.720909 0.494118 0.745455
0 0.505882 0.498182 0.941176 0.522727
0 0.505882 0.539091 0.717647 0.563636
0 0.729412 0.539091 0.941176 0.563636
0 0.505882 0.580000 0.941028 0.604545
0 0.505882 0.620909 0.941176 0.645455
0 0.505882 0.661818 0.941176 0.686364
0 0.505882 0.720909 0.941176 0.745455
