0 0.058824 0.239773 0.073529 0.251136
0 0.158824 0.239773 0.173529 0.251136
0 0.229412 0.493168 0.405882 0.506804
0 0.776471 0.578409 0.791176 0.589773
0 0.870588 0.578409 0.885294 0.589773
0 0.058828 0.613636 0.494123 0.636364
0 0.058824 0.654545 0.270588 0.677273
0 0.282353 0.654545 0.494118 0.677273
0 0.058824 0.695455 0.494118 0.718182
0 0.058824 0.736364 0.494118 0.759091
0 0.058824 0.777273 0.494118 0.800000
0 0.058824 0.836364 0.494118 0.859091
0 0.505882 0.613636 0.941176 0.636364
0 0.505882 0.654545 0.717647 0.677273
0 0.729412 0.654545 0.941176 0.677273
0 0.505882 0.695455 0.941176 0.718182
0 0.505882 0.736364 0.941176 0.759091
0 0.505882 0.777273 0.941176 0.800000
0 0.505882 0.836364 0.941176 0.859091
