0 0.064706 0.084596 0.081046 0.097222
0 0.358824 0.084596 0.375163 0.097222
0 0.652941 0.084596 0.669281 0.097222
0 0.450588 0.216364 0.608235 0.236364
0 0.615294 0.216364 0.772941 0.236364
0 0.780000 0.216364 0.941176 0.236364
0 0.450588 0.239091 0.608235 0.259091
0 0.615294 0.239091 0.772941 0.259091
0 0.780000 0.239091 0.941176 0.259091
0 0.450588 0.261818 0.608235 0.295455
0 0.615294 0.261818 0.772941 0.295455
0 0.780000 0.261818 0.941176 0.295455
0 0.100000 0.320960 0.116340 0.333586
0 0.358824 0.320960 0.375163 0.333586
0 0.652941 0.320960 0.669281 0.333586
0 0.237778 0.414141 0.254118 0.426768
0 0.355425 0.414141 0.371765 0.426768
0 0.533072 0.414141 0.549412 0.426768
0 0.237778 0.436869 0.254118 0.449495
0 0.355425 0.436869 0.371765 0.449495
0 0.533072 0.436869 0.549412 0.449495
0 0.237778 0.459596 0.254118 0.472222
0 0.355425 0.459596 0.371765 0.472222
0 0.533072 0.459596 0.549412 0.472222
0 0.100000 0.507323 0.116340 0.519949
0 0.358824 0.507323 0.375163 0.519949
0 0.652941 0.507323 0.669281 0.519949
0 0.100000 0.557273 0.941176 0.590909
0 0.064706 0.634596 0.081046 0.647222
0 0.358824 0.634596 0.375163 0.647222
0 0.652941 0.634596 0.669281 0.647222
0 0.198954 0.718687 0.215294 0.731313
0 0.330719 0.718687 0.347059 0.731313
0 0.493072 0.718687 0.509412 0.731313
0 0.614248 0.718687 0.630588 0.731313
0 0.780131 0.718687 0.796471 0.731313
0 0.198954 0.741414 0.215294 0.754040
0 0.330719 0.741414 0.347059 0.754040
0 0.493072 0.741414 0.509412 0.754040
0 0.614248 0.741414 0.630588 0.754040
0 0.780131 0.741414 0.796471 0.754040
0 0.198954 0.764141 0.215294 0.776768
0 0.330719 0.764141 0.347059 0.776768
0 0.493072 0.764141 0.509412 0.776768
0 0.614248 0.764141 0.630588 0.776768
0 0.780131 0.764141 0.796471 0.776768
0 0.100000 0.811869 0.116340 0.824495
0 0.358824 0.811869 0.375163 0.824495
0 0.652941 0.811869 0.669281 0.824495
0 0.100000 0.830123 0.116340 0.842749
0 0.117647 0.830000 0.941176 0.863636
