0 0.847059 0.045455 0.882353 0.072727
0 0.905882 0.045455 0.941176 0.072727
0 0.058824 0.127273 0.758824 0.145455
0 0.770588 0.127273 0.941176 0.145455
0 0.058824 0.213636 0.941176 0.231818
0 0.058824 0.250000 0.523529 0.268182
0 0.535294 0.250000 0.941176 0.268182
0 0.682353 0.279545 0.700000 0.293182
0 0.823529 0.279545 0.841176 0.293182
0 0.682353 0.306818 0.700000 0.320455
0 0.823529 0.306818 0.841176 0.320455
0 0.682353 0.334091 0.700000 0.347727
0 0.823529 0.334091 0.841176 0.347727
0 0.352941 0.350000 0.941176 0.373485
0 0.058824 0.418182 0.347059 0.436364
0 0.358824 0.418182 0.941176 0.436364
0 0.358824 0.454545 0.641176 0.472727
0 0.058824 0.454545 0.347059 0.472727
0 0.652941 0.454545 0.941176 0.472727
0 0.505882 0.488636 0.523529 0.502273
0 0.588235 0.488636 0.605882 0.502273
0 0.682353 0.488636 0.700000 0.502273
0 0.752941 0.481818 0.941176 0.505303
0 0.058824 0.550000 0.641176 0.713636
0 0.652941 0.550000 0.941176 0.568182
0 0.652941 0.586364 0.941176 0.604545
0 0.652941 0.622727 0.941176 0.640909
0 0.652941 0.659091 0.941176 0.677273
0 0.770422 0.677273 0.804355 0.695455
0 0.652941 0.695455 0.941176 0.713636
