0 0.058824 0.207273 0.647059 0.231818
0 0.652941 0.207273 0.941176 0.231818
0 0.058824 0.248182 0.941176 0.359091
0 0.058824 0.375455 0.352941 0.400000
0 0.358824 0.375455 0.941176 0.400000
0 0.864837 0.486869 0.881177 0.499495
0 0.911895 0.486869 0.928235 0.499495
0 0.864837 0.509596 0.881177 0.522222
0 0.911895 0.509596 0.928235 0.522222
0 0.864837 0.545960 0.881177 0.558586
0 0.911895 0.545960 0.928235 0.558586
0 0.864837 0.568687 0.881177 0.581313
0 0.911895 0.568687 0.928235 0.581313
0 0.864837 0.605051 0.881177 0.617677
0 0.911895 0.605051 0.928235 0.617677
0 0.864837 0.650505 0.881177 0.663131
0 0.911895 0.650505 0.928235 0.663131
0 0.864837 0.673232 0.881177 0.685859
0 0.911895 0.673232 0.928235 0.685859
0 0.864837 0.727778 0.881177 0.740404
0 0.911895 0.727778 0.928235 0.740404
0 0.864837 0.786869 0.881177 0.799495
0 0.911895 0.786869 0.928235 0.799495
