0 0.710560 0.066364 0.941176 0.081818
0 0.710560 0.084545 0.941176 0.110909
0 0.710560 0.116364 0.941176 0.142727
0 0.710560 0.148182 0.941176 0.160909
0 0.710560 0.166364 0.941176 0.192727
0 0.711765 0.195455 0.941176 0.220000
0 0.711765 0.222727 0.941176 0.236364
0 0.264333 0.261818 0.494118 0.290909
0 0.263502 0.293636 0.494118 0.320000
0 0.263502 0.325455 0.494118 0.351818
0 0.263502 0.357273 0.494118 0.370000
0 0.263502 0.375455 0.494118 0.401818
0 0.264706 0.404545 0.500000 0.429091
0 0.264706 0.431818 0.500000 0.445455
0 0.710560 0.261818 0.941176 0.290909
0 0.710560 0.293636 0.941176 0.320000
0 0.710560 0.325455 0.941176 0.351818
0 0.710560 0.357273 0.941176 0.370000
0 0.710560 0.375455 0.941176 0.401818
0 0.711765 0.404545 0.941176 0.429091
0 0.711765 0.431818 0.941176 0.445455
0 0.280000 0.470909 0.494118 0.500000
0 0.263502 0.502727 0.494118 0.529091
0 0.263502 0.534545 0.494118 0.560909
0 0.263502 0.566364 0.494118 0.579091
0 0.263502 0.584545 0.494118 0.610909
0 0.264706 0.613636 0.500000 0.638182
0 0.264706 0.640909 0.500000 0.654545
0 0.728235 0.470909 0.941176 0.500000
0 0.710560 0.502727 0.941176 0.529091
0 0.710560 0.534545 0.941176 0.560909
0 0.710560 0.566364 0.941176 0.579091
0 0.710560 0.584545 0.941176 0.610909
0 0.711765 0.613636 0.941176 0.638182
0 0.711765 0.640909 0.941176 0.654545
