0 0.058824 0.111818 0.641176 0.131818
0 0.652941 0.111818 0.941176 0.131818
0 0.058824 0.148182 0.941176 0.168182
0 0.075294 0.184545 0.641176 0.204545
0 0.800000 0.184545 0.941176 0.204545
0 0.652941 0.184545 0.788235 0.204545
0 0.058824 0.220909 0.941176 0.240909
0 0.058824 0.257273 0.941176 0.277273
0 0.058824 0.293636 0.941176 0.313636
0 0.058824 0.350960 0.075163 0.363586
0 0.223529 0.351818 0.270588 0.364545
0 0.288235 0.350960 0.304575 0.363586
0 0.058824 0.391869 0.075163 0.404495
0 0.223529 0.392727 0.270588 0.405455
0 0.288235 0.391869 0.304575 0.404495
0 0.058824 0.496414 0.075163 0.509040
0 0.223529 0.497273 0.270588 0.510000
0 0.288235 0.496414 0.304575 0.509040
0 0.058824 0.530000 0.641176 0.550000
0 0.652941 0.530000 0.941176 0.550290
0 0.058824 0.566364 0.941176 0.586364
0 0.082353 0.602727 0.641176 0.622727
0 0.652941 0.602727 0.788235 0.622727
0 0.800000 0.602727 0.941176 0.622727
0 0.058824 0.639091 0.941176 0.659091
0 0.058824 0.761818 0.641176 0.781818
0 0.652941 0.761818 0.941176 0.781818
0 0.058824 0.798182 0.941176 0.818182
0 0.058824 0.834545 0.941176 0.854545
0 0.058824 0.887205 0.075163 0.899831
0 0.223529 0.888063 0.270588 0.900790
0 0.288235 0.887205 0.304575 0.899831
0 0.058824 0.928061 0.075163 0.940687
0 0.223529 0.929091 0.270588 0.941818
0 0.288235 0.928061 0.304575 0.940687
