0 0.058824 0.143687 0.075163 0.156313
0 0.235294 0.143687 0.251634 0.156313
0 0.411895 0.143687 0.428235 0.156313
0 0.303936 0.209091 0.935294 0.231818
0 0.237240 0.234545 0.405882 0.250000
0 0.237240 0.257273 0.405882 0.272727
0 0.413711 0.280000 0.582353 0.295455
0 0.413711 0.302727 0.582353 0.318182
0 0.413711 0.325455 0.582353 0.340909
0 0.592144 0.348182 0.758824 0.363636
0 0.592144 0.370909 0.758824 0.386364
0 0.592144 0.393636 0.758824 0.409091
0 0.263502 0.498182 0.494118 0.527273
0 0.263502 0.561818 0.494118 0.588182
0 0.263502 0.593636 0.494118 0.620000
0 0.263502 0.625455 0.494118 0.638182
0 0.263502 0.639091 0.494118 0.651818
0 0.263502 0.657273 0.494118 0.683636
0 0.263502 0.689091 0.494118 0.715455
0 0.263502 0.720909 0.494118 0.733636
0 0.263502 0.739091 0.494118 0.751818
0 0.263502 0.757273 0.494118 0.770000
0 0.263502 0.775455 0.494118 0.788182
0 0.263502 0.793636 0.494118 0.820000
0 0.676471 0.498182 0.941176 0.527273
0 0.058824 0.900505 0.075163 0.913131
0 0.352941 0.900505 0.369281 0.913131
0 0.647059 0.900505 0.663399 0.913131
0 0.058824 0.923232 0.075163 0.935859
0 0.129412 0.918182 0.941176 0.936364
0 0.263502 0.825455 0.494118 0.838182
0 0.082353 0.841414 0.098693 0.854040
0 0.263502 0.861818 0.494118 0.874545
0 0.676471 0.561818 0.941176 0.588182
0 0.676471 0.611818 0.941176 0.633636
0 0.676471 0.593636 0.941176 0.606364
0 0.676471 0.639091 0.941176 0.651818
