0 0.064706 0.189773 0.079412 0.201136
0 0.141176 0.189773 0.155882 0.201136
0 0.058824 0.327273 0.252941 0.340909
0 0.817647 0.376136 0.832353 0.387500
0 0.894118 0.376136 0.908824 0.387500
0 0.058824 0.407273 0.494118 0.431818
0 0.058824 0.448182 0.270588 0.472727
0 0.282353 0.448182 0.494118 0.472727
0 0.058824 0.489091 0.494118 0.513636
0 0.058824 0.530000 0.494118 0.554545
0 0.058824 0.570909 0.494118 0.595455
0 0.058824 0.630000 0.494118 0.654545
0 0.505882 0.407273 0.941176 0.431818
0 0.505882 0.448182 0.717647 0.472727
0 0.729412 0.448182 0.935294 0.472727
0 0.505882 0.489091 0.941176 0.513636
0 0.505882 0.530000 0.941176 0.554545
0 0.505882 0.570909 0.941176 0.595455
0 0.505882 0.630000 0.941176 0.654545
