0 0.058824 0.063636 0.582353 0.081818
0 0.594118 0.063636 0.941176 0.081818
0 0.058824 0.100000 0.582353 0.118182
0 0.594118 0.100000 0.941176 0.118182
0 0.241176 0.139669 0.255882 0.151033
0 0.311765 0.139669 0.326471 0.151033
0 0.241176 0.157851 0.255882 0.169215
0 0.311765 0.157851 0.326471 0.169215
0 0.241176 0.176033 0.255882 0.187397
0 0.311765 0.176033 0.326471 0.187397
0 0.164706 0.190909 0.647059 0.209091
0 0.776471 0.190909 0.941176 0.209091
0 0.147059 0.209091 0.941176 0.227273
0 0.576471 0.245455 0.941176 0.263636
0 0.517647 0.268182 0.941176 0.286364
0 0.611765 0.290909 0.941176 0.309091
0 0.294118 0.331818 0.941176 0.350000
0 0.241176 0.350000 0.941176 0.368182
0 0.241176 0.368182 0.941176 0.386364
0 0.241176 0.386364 0.941176 0.404545
0 0.241176 0.430682 0.255882 0.442045
0 0.311765 0.430682 0.326471 0.442045
0 0.241176 0.448864 0.255882 0.460227
0 0.311765 0.448864 0.326471 0.460227
0 0.241176 0.467045 0.255882 0.478409
0 0.311765 0.467045 0.326471 0.478409
0 0.164706 0.481818 0.647059 0.500000
0 0.776471 0.481818 0.941176 0.500000
0 0.147059 0.500000 0.941176 0.518182
0 0.588235 0.536364 0.941176 0.554545
0 0.476471 0.559091 0.941176 0.577273
0 0.617647 0.581818 0.941176 0.600000
0 0.294118 0.622727 0.941176 0.640909
0 0.241176 0.640909 0.941176 0.659091
0 0.241176 0.659091 0.941176 0.677273
0 0.241176 0.677273 0.941176 0.695455
0 0.241176 0.721591 0.255882 0.732955
0 0.311765 0.721591 0.326471 0.732955
0 0.241176 0.739773 0.255882 0.751136
0 0.311765 0.739773 0.326471 0.751136
0 0.241176 0.757955 0.255882 0.769318
0 0.311765 0.757955 0.326471 0.769318
0 0.164706 0.772727 0.647059 0.790909
0 0.776471 0.772727 0.941176 0.790909
0 0.147059 0.790909 0.941176 0.809091
0 0.535294 0.827273 0.941176 0.845455
0 0.058824 0.877273 0.941176 0.954545
