0 0.926471 0.198864 0.941176 0.210227
0 0.850000 0.198864 0.864706 0.210227
0 0.141176 0.327273 0.323529 0.340909
0 0.120588 0.392045 0.135294 0.403409
0 0.197059 0.392045 0.211765 0.403409
0 0.505882 0.427273 0.941176 0.454545
0 0.729412 0.470909 0.941176 0.495455
0 0.505882 0.470909 0.717647 0.495455
0 0.505882 0.511818 0.941176 0.536364
0 0.505882 0.552727 0.941176 0.577273
0 0.505882 0.593636 0.941176 0.618182
0 0.505882 0.652727 0.941176 0.677273
0 0.058824 0.427273 0.494118 0.454545
0 0.282353 0.470909 0.494118 0.495455
0 0.064706 0.470909 0.270588 0.495455
0 0.058824 0.511818 0.494118 0.536364
0 0.058824 0.552727 0.494118 0.577273
0 0.058824 0.593636 0.494118 0.618182
0 0.058824 0.652727 0.494118 0.677273
