0 0.058824 0.175455 0.941176 0.209091
0 0.058824 0.225455 0.494118 0.245455
0 0.505882 0.225455 0.941176 0.245455
0 0.058824 0.261818 0.941176 0.295455
0 0.058824 0.381818 0.941176 0.404545
0 0.058824 0.490909 0.941176 0.513636
0 0.058824 0.618182 0.941176 0.640909
0 0.058824 0.745455 0.941176 0.768182
0 0.058954 0.795960 0.075294 0.808586
0 0.094248 0.832323 0.110588 0.844950
0 0.641176 0.831818 0.688235 0.848182
0 0.094248 0.855051 0.110588 0.867677
0 0.641176 0.854545 0.688235 0.870909
0 0.094248 0.877778 0.110588 0.890404
0 0.641176 0.877273 0.688235 0.893636
0 0.094248 0.900505 0.110588 0.913131
0 0.641176 0.900000 0.688235 0.916364
0 0.094248 0.920960 0.110588 0.933586
0 0.752941 0.920000 0.800000 0.934545
