0 0.058824 0.152727 0.941176 0.186364
0 0.058824 0.202727 0.494118 0.222727
0 0.505882 0.202727 0.941176 0.222727
0 0.058824 0.323232 0.075163 0.335859
0 0.088366 0.345960 0.104706 0.358586
0 0.735294 0.344545 0.940000 0.359091
0 0.088366 0.382323 0.104706 0.394949
0 0.170588 0.426364 0.658824 0.440909
0 0.088366 0.445960 0.104706 0.458586
0 0.117647 0.491775 0.940000 0.506321
0 0.288235 0.528203 0.510588 0.543658
0 0.058824 0.568687 0.075163 0.581313
0 0.094118 0.684545 0.200000 0.701818
0 0.211765 0.684545 0.935294 0.701818
0 0.094118 0.707273 0.200000 0.724545
0 0.211765 0.707273 0.935294 0.724545
0 0.094118 0.730000 0.200000 0.747273
0 0.211765 0.730000 0.935294 0.747273
0 0.094118 0.752727 0.200000 0.770000
0 0.211765 0.752727 0.935294 0.770000
0 0.094118 0.775455 0.200000 0.792727
0 0.211765 0.775455 0.935294 0.792727
0 0.094118 0.798182 0.200000 0.815455
0 0.211765 0.798182 0.935294 0.815455
