0 0.058824 0.061818 0.941176 0.095455
0 0.058824 0.111818 0.494118 0.131818
0 0.505882 0.111818 0.941176 0.131818
0 0.123529 0.180000 0.229412 0.197273
0 0.241176 0.180000 0.582353 0.197273
0 0.594118 0.180000 0.935294 0.197273
0 0.123529 0.202727 0.229412 0.220000
0 0.241176 0.202727 0.582353 0.220000
0 0.594118 0.202727 0.935294 0.220000
0 0.123529 0.225455 0.229412 0.242727
0 0.241176 0.225455 0.582353 0.242727
0 0.594118 0.225455 0.935294 0.242727
0 0.123529 0.248182 0.229412 0.265455
0 0.241176 0.248182 0.582353 0.265455
0 0.594118 0.248182 0.935294 0.265455
0 0.123529 0.270909 0.229412 0.288182
0 0.241176 0.270909 0.582353 0.288182
0 0.594118 0.270909 0.935294 0.288182
0 0.123529 0.293636 0.229412 0.310909
0 0.241176 0.293636 0.582353 0.310909
0 0.594118 0.293636 0.935294 0.310909
0 0.088366 0.318687 0.104706 0.331313
0 0.123529 0.484545 0.229412 0.501818
0 0.241176 0.484545 0.582353 0.501818
0 0.594118 0.484545 0.935294 0.501818
0 0.123529 0.507273 0.229412 0.524545
0 0.241176 0.507273 0.582353 0.524545
0 0.594118 0.507273 0.935294 0.524545
0 0.123529 0.530000 0.229412 0.547273
0 0.241176 0.530000 0.582353 0.547273
0 0.594118 0.530000 0.935294 0.547273
0 0.123529 0.552727 0.229412 0.570000
0 0.241176 0.552727 0.582353 0.570000
0 0.594118 0.552727 0.935294 0.570000
0 0.123529 0.575455 0.229412 0.592727
0 0.241176 0.575455 0.582353 0.592727
0 0.594118 0.575455 0.935294 0.592727
0 0.123529 0.598182 0.229412 0.615455
0 0.241176 0.598182 0.582353 0.615455
0 0.594118 0.598182 0.935294 0.615455
0 0.058824 0.636869 0.075163 0.649495
0 0.088366 0.659596 0.104706 0.672222
