0 0.058824 0.170909 0.935294 0.213636
0 0.058824 0.230000 0.494118 0.250000
0 0.505882 0.230000 0.941176 0.250000
0 0.058824 0.314141 0.075163 0.326768
0 0.088235 0.336869 0.104575 0.349495
0 0.088235 0.359596 0.104575 0.372222
0 0.094118 0.489091 0.200000 0.506364
0 0.211765 0.489091 0.582353 0.506364
0 0.594118 0.489091 0.935294 0.506364
0 0.094118 0.511818 0.200000 0.529091
0 0.211765 0.511818 0.582353 0.529091
0 0.594118 0.511818 0.935294 0.529091
0 0.094118 0.534545 0.200000 0.551818
0 0.211765 0.534545 0.582353 0.551818
0 0.594118 0.534545 0.935294 0.551818
0 0.094118 0.557273 0.200000 0.574545
0 0.211765 0.557273 0.582353 0.574545
0 0.594118 0.557273 0.935294 0.574545
0 0.094118 0.580000 0.200000 0.597273
0 0.211765 0.580000 0.582353 0.597273
0 0.594118 0.580000 0.935294 0.597273
0 0.094118 0.819210 0.200000 0.836482
0 0.211765 0.819210 0.582353 0.836482
0 0.594118 0.819210 0.935294 0.836482
0 0.094118 0.841937 0.200000 0.859210
0 0.211765 0.841937 0.582353 0.859210
0 0.594118 0.841937 0.935294 0.859210
0 0.094118 0.864664 0.200000 0.881937
0 0.211765 0.864664 0.582353 0.881937
0 0.594118 0.864664 0.935294 0.881937
0 0.094118 0.887391 0.200000 0.904664
0 0.211765 0.887391 0.582353 0.904664
0 0.594118 0.887391 0.935294 0.904664
0 0.094118 0.910119 0.200000 0.927391
0 0.211765 0.910119 0.582353 0.927391
0 0.594118 0.910119 0.935294 0.927391
0 0.094118 0.932846 0.200000 0.950119
0 0.211765 0.932846 0.582353 0.950119
0 0.594118 0.932846 0.935294 0.950119
