0 0.505882 0.111818 0.941176 0.131818
0 0.058824 0.111818 0.494118 0.131818
0 0.058824 0.061818 0.941176 0.095455
0 0.088366 0.205051 0.104706 0.217677
0 0.088366 0.245960 0.104706 0.258586
0 0.088366 0.350505 0.104706 0.363131
0 0.088366 0.405050 0.104706 0.417677
0 0.088235 0.477778 0.104575 0.490404
0 0.117647 0.495455 0.941176 0.600000
0 0.088235 0.632323 0.104575 0.644949
0 0.411765 0.630909 0.445227 0.645455
0 0.088235 0.655050 0.104575 0.667677
0 0.411765 0.653636 0.445224 0.668182
0 0.088235 0.722727 0.941176 0.813636
0 0.317647 0.823232 0.333987 0.835859
0 0.400000 0.823232 0.416340 0.835859
0 0.088235 0.845960 0.104575 0.858586
0 0.088235 0.868687 0.104575 0.881313
