0 0.058824 0.061818 0.941176 0.095455
0 0.058824 0.111818 0.494118 0.131818
0 0.505882 0.111818 0.941176 0.131818
0 0.088235 0.318687 0.104575 0.331313
0 0.088366 0.341414 0.104706 0.354040
0 0.241176 0.354545 0.652941 0.368182
0 0.088366 0.391414 0.104706 0.404040
0 0.358824 0.418182 0.940000 0.434545
0 0.094118 0.484545 0.200000 0.501818
0 0.211765 0.484545 0.935294 0.501818
0 0.094118 0.507273 0.200000 0.524545
0 0.211765 0.507273 0.935294 0.524545
0 0.094118 0.530000 0.200000 0.547273
0 0.211765 0.530000 0.935294 0.547273
0 0.094118 0.552727 0.200000 0.570000
0 0.211765 0.552727 0.935294 0.570000
0 0.094118 0.575455 0.200000 0.592727
0 0.211765 0.575455 0.935294 0.592727
0 0.094118 0.598182 0.200000 0.615455
0 0.211765 0.598182 0.935294 0.615455
0 0.088235 0.645960 0.104575 0.658586
0 0.088366 0.668687 0.104706 0.681313
0 0.117647 0.716364 0.941176 0.909091
