0 0.058824 0.061818 0.941176 0.095455
0 0.058824 0.111818 0.494118 0.131818
0 0.505882 0.111818 0.941176 0.131818
0 0.058824 0.136869 0.075163 0.149495
0 0.088235 0.182323 0.104575 0.194950
0 0.088366 0.205051 0.104706 0.217677
0 0.094118 0.284545 0.200000 0.301818
0 0.211765 0.284545 0.582353 0.301818
0 0.594118 0.284545 0.935294 0.301818
0 0.094118 0.307273 0.200000 0.324545
0 0.211765 0.307273 0.582353 0.324545
0 0.594118 0.307273 0.935294 0.324545
0 0.094118 0.330000 0.200000 0.347273
0 0.211765 0.330000 0.582353 0.347273
0 0.594118 0.330000 0.935294 0.347273
0 0.094118 0.352727 0.200000 0.370000
0 0.211765 0.352727 0.582353 0.370000
0 0.594118 0.352727 0.935294 0.370000
0 0.094118 0.375455 0.200000 0.392727
0 0.211765 0.375455 0.582353 0.392727
0 0.594118 0.375455 0.935294 0.392727
0 0.094118 0.398182 0.200000 0.415455
0 0.211765 0.398182 0.582353 0.415455
0 0.594118 0.398182 0.935294 0.415455
0 0.088366 0.445960 0.104706 0.458586
0 0.123529 0.589091 0.229412 0.606364
0 0.241176 0.589091 0.582353 0.606364
0 0.594118 0.589091 0.935294 0.606364
0 0.123529 0.611818 0.229412 0.629091
0 0.241176 0.611818 0.582353 0.629091
0 0.594118 0.611818 0.935294 0.629091
0 0.123529 0.634545 0.229412 0.651818
0 0.241176 0.634545 0.582353 0.651818
0 0.594118 0.634545 0.935294 0.651818
0 0.123529 0.657273 0.229412 0.674545
0 0.241176 0.657273 0.582353 0.674545
0 0.594118 0.657273 0.935294 0.674545
0 0.123529 0.680000 0.229412 0.697273
0 0.241176 0.680000 0.582353 0.697273
0 0.594118 0.680000 0.935294 0.697273
0 0.123529 0.702727 0.229412 0.720000
0 0.241176 0.702727 0.582353 0.720000
0 0.594118 0.702727 0.935294 0.720000
0 0.088366 0.727778 0.104706 0.740404
