0 0.058824 0.061818 0.941176 0.095455
0 0.058824 0.111818 0.494118 0.131818
0 0.505882 0.111818 0.941176 0.131818
0 0.058824 0.136869 0.075163 0.149495
0 0.088235 0.194545 0.941176 0.209091
0 0.094118 0.425455 0.200000 0.442727
0 0.211765 0.425455 0.935294 0.442727
0 0.094118 0.448182 0.200000 0.465455
0 0.211765 0.448182 0.935294 0.465455
0 0.094118 0.470909 0.200000 0.488182
0 0.211765 0.470909 0.935294 0.488182
0 0.094118 0.493636 0.200000 0.510909
0 0.211765 0.493636 0.935294 0.510909
0 0.094118 0.516364 0.200000 0.533636
0 0.211765 0.516364 0.935294 0.533636
0 0.094118 0.539091 0.200000 0.556364
0 0.211765 0.539091 0.935294 0.556364
0 0.088235 0.641414 0.104575 0.654040
0 0.088366 0.664141 0.104706 0.676768
0 0.088366 0.700505 0.104706 0.713131
0 0.117647 0.749091 0.940000 0.763636
0 0.088235 0.791414 0.104575 0.804040
0 0.088366 0.814141 0.104706 0.826768
0 0.117647 0.859091 0.941176 0.904545
