0 0.058824 0.180000 0.941176 0.218182
0 0.058824 0.234545 0.494118 0.254545
0 0.505882 0.234545 0.941176 0.254545
0 0.058824 0.366364 0.288235 0.383636
0 0.300000 0.366364 0.518023 0.383636
0 0.529788 0.366364 0.940098 0.383636
0 0.058824 0.389091 0.288235 0.406364
0 0.300000 0.389091 0.518023 0.406364
0 0.529788 0.389091 0.940098 0.406364
0 0.058824 0.411818 0.288235 0.429091
0 0.300000 0.411818 0.518023 0.429091
0 0.529788 0.411818 0.940098 0.429091
0 0.058824 0.434545 0.288235 0.451818
0 0.300000 0.434545 0.518023 0.451818
0 0.529788 0.434545 0.940098 0.451818
0 0.058824 0.457273 0.288235 0.474545
0 0.300000 0.457273 0.518023 0.474545
0 0.529788 0.457273 0.940098 0.474545
0 0.058824 0.722727 0.941176 0.774545
0 0.058824 0.850000 0.941176 0.897273
