0 0.505882 0.120909 0.941176 0.140909
0 0.058824 0.120909 0.494118 0.140909
0 0.058824 0.061818 0.941176 0.104545
0 0.094118 0.257273 0.200000 0.274545
0 0.211765 0.257273 0.358824 0.274545
0 0.370588 0.257273 0.517647 0.274545
0 0.529412 0.257273 0.658824 0.274545
0 0.670588 0.257273 0.817647 0.274545
0 0.829412 0.257273 0.935294 0.274545
0 0.094118 0.280000 0.200000 0.297273
0 0.211765 0.280000 0.358824 0.297273
0 0.370588 0.280000 0.517647 0.297273
0 0.529412 0.280000 0.658824 0.297273
0 0.670588 0.280000 0.817647 0.297273
0 0.829412 0.280000 0.935294 0.297273
0 0.094118 0.302727 0.200000 0.320000
0 0.211765 0.302727 0.358824 0.320000
0 0.370588 0.302727 0.517647 0.320000
0 0.529412 0.302727 0.658824 0.320000
0 0.670588 0.302727 0.817647 0.320000
0 0.829412 0.302727 0.935294 0.320000
0 0.094118 0.325455 0.200000 0.342727
0 0.211765 0.325455 0.358824 0.342727
0 0.370588 0.325455 0.517647 0.342727
0 0.529412 0.325455 0.658824 0.342727
0 0.670588 0.325455 0.817647 0.342727
0 0.829412 0.325455 0.935294 0.342727
0 0.094118 0.348182 0.200000 0.365455
0 0.211765 0.348182 0.358824 0.365455
0 0.370588 0.348182 0.517647 0.365455
0 0.529412 0.348182 0.658824 0.365455
0 0.670588 0.348182 0.817647 0.365455
0 0.829412 0.348182 0.935294 0.365455
0 0.094118 0.370909 0.200000 0.388182
0 0.211765 0.370909 0.358824 0.388182
0 0.370588 0.370909 0.517647 0.388182
0 0.529412 0.370909 0.658824 0.388182
0 0.670588 0.370909 0.817647 0.388182
0 0.829412 0.370909 0.935294 0.388182
0 0.800000 0.429971 0.935304 0.444516
0 0.058824 0.468687 0.075163 0.481313
0 0.094118 0.643636 0.200000 0.660909
0 0.211765 0.643636 0.358824 0.660909
0 0.370588 0.643636 0.517647 0.660909
0 0.529412 0.643636 0.658824 0.660909
0 0.670588 0.643636 0.817647 0.660909
0 0.829412 0.643636 0.935294 0.660909
0 0.094118 0.666364 0.200000 0.683636
0 0.211765 0.666364 0.358824 0.683636
0 0.370588 0.666364 0.517647 0.683636
0 0.529412 0.666364 0.658824 0.683636
0 0.670588 0.666364 0.817647 0.683636
0 0.829412 0.666364 0.935294 0.683636
0 0.094118 0.689091 0.200000 0.706364
0 0.211765 0.689091 0.358824 0.706364
0 0.370588 0.689091 0.517647 0.706364
0 0.529412 0.689091 0.658824 0.706364
0 0.670588 0.689091 0.817647 0.706364
0 0.829412 0.689091 0.935294 0.706364
0 0.094118 0.711818 0.200000 0.729091
0 0.211765 0.711818 0.358824 0.729091
0 0.370588 0.711818 0.517647 0.729091
0 0.529412 0.711818 0.658824 0.729091
0 0.670588 0.711818 0.817647 0.729091
0 0.829412 0.711818 0.935294 0.729091
0 0.094118 0.734545 0.200000 0.751818
0 0.211765 0.734545 0.358824 0.751818
0 0.370588 0.734545 0.517647 0.751818
0 0.529412 0.734545 0.658824 0.751818
0 0.670588 0.734545 0.817647 0.751818
0 0.829412 0.734545 0.935294 0.751818
0 0.094118 0.757273 0.200000 0.774545
0 0.211765 0.757273 0.358824 0.774545
0 0.370588 0.757273 0.517647 0.774545
0 0.529412 0.757273 0.658824 0.774545
0 0.670588 0.757273 0.817647 0.774545
0 0.829412 0.757273 0.935294 0.774545
0 0.688235 0.816335 0.935304 0.830880
0 0.058824 0.841414 0.075163 0.854040
0 0.088366 0.886869 0.104706 0.899495
