0 0.505882 0.111818 0.941176 0.131818
0 0.058824 0.111818 0.494118 0.131818
0 0.058824 0.061818 0.941176 0.095455
0 0.058954 0.136869 0.075294 0.149495
0 0.064706 0.192727 0.164706 0.209091
0 0.176471 0.192727 0.411765 0.209091
0 0.423529 0.192727 0.935294 0.209091
0 0.064706 0.214545 0.164706 0.230909
0 0.176471 0.214545 0.411765 0.230909
0 0.423529 0.214545 0.935294 0.230909
0 0.064706 0.236364 0.164706 0.252727
0 0.176471 0.236364 0.411765 0.252727
0 0.423529 0.236364 0.935294 0.252727
0 0.064706 0.258182 0.164706 0.274545
0 0.176471 0.258182 0.411765 0.274545
0 0.423529 0.258182 0.935294 0.274545
0 0.064706 0.280000 0.164706 0.296364
0 0.176471 0.280000 0.411765 0.296364
0 0.423529 0.280000 0.935294 0.296364
0 0.064706 0.301818 0.164706 0.318182
0 0.176471 0.301818 0.411765 0.318182
0 0.423529 0.301818 0.935294 0.318182
0 0.100131 0.366869 0.116471 0.379495
0 0.141307 0.366869 0.157647 0.379495
0 0.100131 0.466869 0.116471 0.479495
0 0.141307 0.466869 0.157647 0.479495
0 0.100131 0.603268 0.116471 0.615894
0 0.141307 0.603268 0.157647 0.615894
0 0.058824 0.766399 0.941176 0.952763
