0 0.058824 0.170909 0.935294 0.204545
0 0.058824 0.220909 0.494118 0.240909
0 0.505882 0.220909 0.941176 0.240909
0 0.058824 0.425455 0.229412 0.442727
0 0.241176 0.425455 0.464706 0.442727
0 0.476471 0.425455 0.940704 0.442727
0 0.058824 0.448182 0.229412 0.465455
0 0.241176 0.448182 0.464706 0.465455
0 0.476471 0.448182 0.940704 0.465455
0 0.058824 0.470909 0.229412 0.488182
0 0.241176 0.470909 0.464706 0.488182
0 0.476471 0.470909 0.940704 0.488182
0 0.058824 0.493636 0.229412 0.510909
0 0.241176 0.493636 0.464706 0.510909
0 0.476471 0.493636 0.940704 0.510909
0 0.058824 0.516364 0.229412 0.533636
0 0.241176 0.516364 0.464706 0.533636
0 0.476471 0.516364 0.940704 0.533636
0 0.058824 0.539091 0.229412 0.556364
0 0.241176 0.539091 0.464706 0.556364
0 0.476471 0.539091 0.940704 0.556364
0 0.058954 0.586869 0.075294 0.599495
0 0.088235 0.700000 0.941176 0.790909
0 0.058954 0.800505 0.075294 0.813131
0 0.088235 0.863537 0.941176 0.950000
