0 0.688235 0.050505 0.704575 0.063131
0 0.764706 0.050505 0.781046 0.063131
0 0.835294 0.050505 0.851634 0.063131
0 0.058824 0.157273 0.941176 0.213636
0 0.688235 0.218687 0.704575 0.231313
0 0.764706 0.218687 0.781046 0.231313
0 0.835294 0.218687 0.851634 0.231313
0 0.688235 0.241414 0.704575 0.254040
0 0.764706 0.241414 0.781046 0.254040
0 0.835294 0.241414 0.851634 0.254040
0 0.058824 0.298182 0.941176 0.354545
0 0.688235 0.359596 0.704575 0.372222
0 0.764706 0.359596 0.781046 0.372222
0 0.835294 0.359596 0.851634 0.372222
0 0.058824 0.439091 0.941176 0.495455
0 0.688235 0.500505 0.704575 0.513131
0 0.764706 0.500505 0.781046 0.513131
0 0.835294 0.500505 0.851634 0.513131
0 0.058824 0.566364 0.941176 0.622727
0 0.688235 0.627778 0.704575 0.640404
0 0.764706 0.627778 0.781046 0.640404
0 0.835294 0.627778 0.851634 0.640404
0 0.688235 0.650505 0.704575 0.663131
0 0.764706 0.650505 0.781046 0.663131
0 0.835294 0.650505 0.851634 0.663131
0 0.058824 0.698182 0.941176 0.754545
0 0.058824 0.770909 0.941176 0.931818
