0 0.688235 0.050505 0.704575 0.063131
0 0.764706 0.050505 0.781046 0.063131
0 0.835294 0.050505 0.851634 0.063131
0 0.058824 0.139091 0.941176 0.195455
0 0.688235 0.200505 0.704575 0.213131
0 0.764706 0.200505 0.781046 0.213131
0 0.835294 0.200505 0.851634 0.213131
0 0.058824 0.280000 0.941176 0.336364
0 0.688235 0.341414 0.704575 0.354040
0 0.764706 0.341414 0.781046 0.354040
0 0.835294 0.341414 0.851634 0.354040
0 0.058824 0.430000 0.941176 0.486364
0 0.688235 0.491414 0.704575 0.504040
0 0.764706 0.491414 0.781046 0.504040
0 0.835294 0.491414 0.851634 0.504040
0 0.058824 0.593636 0.941176 0.650000
0 0.688235 0.655050 0.704575 0.667677
0 0.764706 0.655050 0.781046 0.667677
0 0.835294 0.655050 0.851634 0.667677
0 0.058824 0.707273 0.941176 0.777273
0 0.688235 0.782323 0.704575 0.794949
0 0.764706 0.782323 0.781046 0.794949
0 0.835294 0.782323 0.851634 0.794949
0 0.058824 0.884545 0.941176 0.954545
