0 0.786013 0.082323 0.802353 0.094950
0 0.844837 0.082323 0.861176 0.094950
0 0.903660 0.082323 0.920000 0.094950
0 0.786013 0.105960 0.802353 0.118586
0 0.844837 0.105960 0.861176 0.118586
0 0.903660 0.105960 0.920000 0.118586
0 0.786013 0.177778 0.802353 0.190404
0 0.844837 0.177778 0.861176 0.190404
0 0.903660 0.177778 0.920000 0.190404
0 0.786013 0.200505 0.802353 0.213131
0 0.844837 0.200505 0.861176 0.213131
0 0.903660 0.200505 0.920000 0.213131
0 0.786013 0.236869 0.802353 0.249495
0 0.844837 0.236869 0.861176 0.249495
0 0.903660 0.236869 0.920000 0.249495
0 0.786013 0.273232 0.802353 0.285859
0 0.844837 0.273232 0.861176 0.285859
0 0.903660 0.273232 0.920000 0.285859
0 0.786013 0.295960 0.802353 0.308586
0 0.844837 0.295960 0.861176 0.308586
0 0.903660 0.295960 0.920000 0.308586
0 0.786013 0.364141 0.802353 0.376768
0 0.844837 0.364141 0.861176 0.376768
0 0.903660 0.364141 0.920000 0.376768
0 0.058824 0.557273 0.941176 0.931818
