0 0.058824 0.061818 0.941176 0.095455
0 0.058824 0.111818 0.494118 0.131818
0 0.505882 0.111818 0.941176 0.131818
0 0.088235 0.164141 0.104575 0.176768
0 0.088366 0.186869 0.104706 0.199495
0 0.117647 0.234545 0.941176 0.331818
0 0.058824 0.373232 0.075163 0.385859
0 0.088366 0.395960 0.104706 0.408586
0 0.611765 0.411904 0.940000 0.426449
0 0.094118 0.625455 0.200000 0.642727
0 0.211765 0.625455 0.935294 0.642727
0 0.094118 0.648182 0.200000 0.665455
0 0.211765 0.648182 0.935294 0.665455
0 0.094118 0.670909 0.200000 0.688182
0 0.211765 0.670909 0.935294 0.688182
0 0.094118 0.693636 0.200000 0.710909
0 0.211765 0.693636 0.935294 0.710909
0 0.094118 0.716364 0.200000 0.733636
0 0.211765 0.716364 0.935294 0.733636
0 0.094118 0.739091 0.200000 0.756364
0 0.211765 0.739091 0.935294 0.756364
0 0.088235 0.841414 0.104575 0.854040
0 0.088366 0.864141 0.104706 0.876768
0 0.088366 0.900505 0.104706 0.913131
0 0.311765 0.930086 0.940000 0.942813
