0 0.776471 0.018182 0.941176 0.040909
0 0.058824 0.248182 0.941176 0.272727
0 0.058824 0.289091 0.494118 0.313636
0 0.505882 0.289091 0.741176 0.313636
0 0.752941 0.289091 0.835294 0.313636
0 0.847059 0.289091 0.941176 0.313636
0 0.058824 0.330000 0.270588 0.354545
0 0.282353 0.330000 0.494118 0.354545
0 0.505882 0.330000 0.941176 0.354545
0 0.058824 0.389091 0.941176 0.413636
0 0.058824 0.430000 0.941176 0.454545
0 0.058824 0.470909 0.494118 0.495455
0 0.505882 0.470909 0.611765 0.495455
0 0.623529 0.470909 0.747059 0.495455
0 0.752941 0.470909 0.941176 0.495455
0 0.058824 0.518687 0.075163 0.531313
0 0.205882 0.518182 0.941176 0.531818
0 0.058824 0.541414 0.075163 0.554040
0 0.205882 0.540909 0.941176 0.554545
0 0.058824 0.564141 0.075163 0.576768
0 0.205882 0.563636 0.941176 0.577273
0 0.058824 0.586869 0.075163 0.599495
0 0.205882 0.586364 0.941176 0.600000
0 0.058824 0.609596 0.075163 0.622222
0 0.205882 0.609091 0.941176 0.622727
0 0.058824 0.632323 0.075163 0.644949
0 0.205882 0.631818 0.941176 0.645455
0 0.058824 0.655050 0.075163 0.667677
0 0.205882 0.654545 0.941176 0.668182
0 0.058824 0.677778 0.075163 0.690404
0 0.205882 0.677273 0.941176 0.690909
0 0.058824 0.718687 0.075163 0.731313
0 0.282353 0.718687 0.298693 0.731313
0 0.500000 0.718687 0.516340 0.731313
0 0.717647 0.718687 0.733987 0.731313
0 0.058824 0.759596 0.075163 0.772222
0 0.282353 0.759596 0.298693 0.772222
0 0.500000 0.759596 0.516340 0.772222
0 0.717647 0.759596 0.733987 0.772222
0 0.058824 0.782323 0.075163 0.794949
0 0.229412 0.780455 0.941176 0.795455
0 0.058824 0.816364 0.941176 0.954545
