0 0.058824 0.089091 0.941176 0.172727
0 0.058824 0.202727 0.941176 0.286364
0 0.058828 0.652727 0.641181 0.681818
0 0.652941 0.652727 0.941176 0.681818
0 0.058824 0.805050 0.075163 0.817677
0 0.388235 0.805050 0.404575 0.817677
0 0.611765 0.805050 0.628105 0.817677
0 0.058824 0.823232 0.075163 0.835859
0 0.388235 0.823232 0.404575 0.835859
0 0.611765 0.823232 0.628105 0.835859
0 0.058824 0.841414 0.075163 0.854040
0 0.388235 0.841414 0.404575 0.854040
0 0.611765 0.841414 0.628105 0.854040
0 0.058824 0.543636 0.941176 0.613636
0 0.058824 0.457273 0.941176 0.527273
0 0.058824 0.357273 0.941176 0.440909
