0 0.402887 0.118182 0.941186 0.131818
0 0.058833 0.190909 0.270598 0.209091
0 0.282363 0.190909 0.488245 0.209091
0 0.500010 0.190909 0.523539 0.209091
0 0.535304 0.189091 0.941186 0.209091
0 0.058833 0.240909 0.270598 0.259091
0 0.282363 0.240909 0.488245 0.259091
0 0.500010 0.240909 0.523539 0.259091
0 0.535304 0.239091 0.941186 0.259091
0 0.058833 0.275455 0.523539 0.331818
0 0.535304 0.275455 0.941186 0.295455
0 0.535304 0.311818 0.941186 0.331818
0 0.058824 0.386135 0.270588 0.404317
0 0.282353 0.386135 0.488235 0.404317
0 0.500000 0.386135 0.523529 0.404317
0 0.058824 0.420909 0.523529 0.518182
0 0.535294 0.498182 0.941176 0.518182
0 0.457957 0.561818 0.629422 0.574545
0 0.611765 0.582323 0.628105 0.594950
0 0.676461 0.582323 0.692801 0.594950
0 0.058824 0.766364 0.605882 0.795455
0 0.700000 0.766364 0.941176 0.795455
