0 0.776471 0.018182 0.941176 0.040909
0 0.058824 0.289091 0.941176 0.313636
0 0.058824 0.330000 0.494118 0.354545
0 0.505882 0.330000 0.741176 0.354545
0 0.752941 0.330000 0.835294 0.354545
0 0.847059 0.330000 0.941176 0.354545
0 0.058824 0.370909 0.270588 0.395455
0 0.282353 0.370909 0.494118 0.395455
0 0.505882 0.370909 0.941176 0.395455
0 0.058824 0.430000 0.941176 0.454545
0 0.058824 0.470909 0.941176 0.495455
0 0.058824 0.511818 0.494118 0.536364
0 0.505882 0.511818 0.611765 0.536364
0 0.623529 0.511818 0.747059 0.536364
0 0.752941 0.511818 0.941176 0.536364
0 0.058824 0.559596 0.075163 0.572222
0 0.205882 0.559091 0.941176 0.572727
0 0.058824 0.582323 0.075163 0.594950
0 0.205882 0.581818 0.941176 0.595455
0 0.058824 0.605051 0.075163 0.617677
0 0.205882 0.604545 0.941176 0.618182
0 0.058824 0.627778 0.075163 0.640404
0 0.205882 0.627273 0.941176 0.640909
0 0.058824 0.650505 0.075163 0.663131
0 0.205882 0.650000 0.941176 0.663636
0 0.058824 0.673232 0.075163 0.685859
0 0.205882 0.672727 0.941176 0.686364
0 0.058824 0.695960 0.075163 0.708586
0 0.205882 0.695455 0.941176 0.709091
0 0.058824 0.718687 0.075163 0.731313
0 0.205882 0.718182 0.941176 0.731818
0 0.058824 0.759596 0.075163 0.772222
0 0.282353 0.759596 0.298693 0.772222
0 0.500000 0.759596 0.516340 0.772222
0 0.717647 0.759596 0.733987 0.772222
0 0.058824 0.800505 0.075163 0.813131
0 0.282353 0.800505 0.298693 0.813131
0 0.500000 0.800505 0.516340 0.813131
0 0.717647 0.800505 0.733987 0.813131
0 0.058824 0.823232 0.075163 0.835859
0 0.347059 0.821364 0.941176 0.836364
0 0.058824 0.857273 0.941176 0.954545
