0 0.058824 0.089091 0.941176 0.172727
0 0.058824 0.202727 0.941176 0.286364
0 0.058824 0.330000 0.941176 0.413636
0 0.058824 0.430000 0.941176 0.513636
0 0.058824 0.530000 0.941176 0.627273
0 0.058824 0.666364 0.641176 0.695455
0 0.652941 0.666364 0.941176 0.695455
0 0.058824 0.823232 0.075163 0.835859
0 0.352941 0.823232 0.369281 0.835859
0 0.647059 0.823232 0.663399 0.835859
0 0.058824 0.841414 0.075163 0.854040
0 0.352941 0.841414 0.369281 0.854040
0 0.647059 0.841414 0.663399 0.854040
0 0.058824 0.859596 0.075163 0.872222
0 0.352941 0.859596 0.369281 0.872222
0 0.647059 0.859596 0.663399 0.872222
