0 0.058824 0.075455 0.941176 0.172727
0 0.058824 0.202727 0.941176 0.300000
0 0.058824 0.330000 0.941176 0.427273
0 0.058824 0.443636 0.941176 0.540909
0 0.058824 0.557273 0.941176 0.654545
0 0.058828 0.693636 0.641181 0.722727
0 0.652946 0.693636 0.941181 0.722727
0 0.058824 0.845960 0.075163 0.858586
0 0.352941 0.845960 0.369281 0.858586
0 0.647059 0.845960 0.663399 0.858586
0 0.058824 0.864141 0.075163 0.876768
0 0.352941 0.864141 0.369281 0.876768
0 0.647059 0.864141 0.663399 0.876768
0 0.058824 0.882323 0.075163 0.894949
0 0.352941 0.882323 0.369281 0.894949
0 0.647059 0.882323 0.663399 0.894949
