0 0.058824 0.102727 0.941176 0.159091
0 0.058824 0.202727 0.941176 0.259091
0 0.058824 0.343636 0.941176 0.400000
0 0.058824 0.416364 0.941176 0.472727
0 0.058824 0.489091 0.941176 0.545455
0 0.058824 0.584545 0.641176 0.613636
0 0.652941 0.584545 0.941176 0.613636
0 0.058824 0.750505 0.075163 0.763131
0 0.617647 0.750505 0.633987 0.763131
0 0.058824 0.768687 0.075163 0.781313
0 0.500000 0.768687 0.516340 0.781313
0 0.058824 0.786869 0.075163 0.799495
0 0.294118 0.786869 0.310458 0.799495
0 0.058824 0.805050 0.075163 0.817677
0 0.617647 0.805050 0.633987 0.817677
0 0.817647 0.805050 0.833987 0.817677
