0 0.600000 0.018182 0.941176 0.040909
0 0.058824 0.316364 0.941176 0.340909
0 0.058824 0.357273 0.494118 0.381818
0 0.505882 0.357273 0.741176 0.381818
0 0.752941 0.357273 0.805882 0.381818
0 0.817647 0.357273 0.941176 0.381818
0 0.058824 0.398182 0.252941 0.422727
0 0.264706 0.398182 0.494118 0.422727
0 0.505882 0.398182 0.941176 0.422727
0 0.058824 0.470909 0.941176 0.490909
0 0.058824 0.507273 0.941176 0.527273
0 0.058824 0.543636 0.494118 0.563636
0 0.505882 0.543636 0.611765 0.563636
0 0.623529 0.543636 0.747059 0.563636
0 0.752941 0.543636 0.941176 0.563636
0 0.058824 0.586869 0.075163 0.599495
0 0.258824 0.586364 0.941176 0.600000
0 0.058824 0.609596 0.075163 0.622222
0 0.258824 0.609091 0.941176 0.622727
0 0.058824 0.632323 0.075163 0.644949
0 0.258824 0.631818 0.941176 0.645455
0 0.058824 0.655050 0.075163 0.667677
0 0.258824 0.654545 0.941176 0.668182
0 0.058824 0.677778 0.075163 0.690404
0 0.258824 0.677273 0.941176 0.690909
0 0.058828 0.700505 0.075168 0.713131
0 0.258824 0.700000 0.941176 0.713636
0 0.058824 0.723232 0.075163 0.735859
0 0.258824 0.722727 0.941176 0.736364
0 0.058824 0.745960 0.075163 0.758586
0 0.258824 0.745455 0.941176 0.759091
0 0.058824 0.786869 0.075163 0.799495
0 0.282353 0.786869 0.298693 0.799495
0 0.500000 0.786869 0.516340 0.799495
0 0.617647 0.786869 0.633987 0.799495
0 0.058824 0.841414 0.075163 0.854040
0 0.282353 0.841414 0.298693 0.854040
0 0.617647 0.841414 0.633987 0.854040
0 0.770588 0.841414 0.786928 0.854040
0 0.058824 0.864141 0.075163 0.876768
0 0.311765 0.862273 0.941176 0.877273
0 0.058824 0.898182 0.941176 0.954545
