0 0.741176 0.018182 0.941176 0.040909
0 0.058824 0.302727 0.941176 0.327273
0 0.058824 0.343636 0.494118 0.368182
0 0.505882 0.343636 0.741176 0.368182
0 0.752941 0.343636 0.835294 0.368182
0 0.847059 0.343636 0.941176 0.368182
0 0.058824 0.384545 0.229412 0.409091
0 0.241176 0.384545 0.494118 0.409091
0 0.505882 0.384545 0.941176 0.409091
0 0.058824 0.443636 0.941176 0.468182
0 0.058824 0.484545 0.941176 0.509091
0 0.058824 0.525455 0.494118 0.550000
0 0.505882 0.525455 0.611765 0.550000
0 0.623529 0.525455 0.747059 0.550000
0 0.752941 0.525455 0.941176 0.550000
0 0.058824 0.573232 0.075163 0.585859
0 0.235294 0.572727 0.941176 0.586364
0 0.058824 0.595960 0.075163 0.608586
0 0.235294 0.595455 0.941176 0.609091
0 0.058824 0.618687 0.075163 0.631313
0 0.235294 0.618182 0.941176 0.631818
0 0.058824 0.641414 0.075163 0.654040
0 0.235294 0.640909 0.941176 0.654545
0 0.058824 0.664141 0.075163 0.676768
0 0.235294 0.663636 0.941176 0.677273
0 0.058828 0.686869 0.075168 0.699495
0 0.235294 0.686364 0.941176 0.700000
0 0.058824 0.709596 0.075163 0.722222
0 0.235294 0.709091 0.941176 0.722727
0 0.058824 0.732323 0.075163 0.744949
0 0.235294 0.731818 0.941176 0.745455
0 0.058824 0.773232 0.075163 0.785859
0 0.311765 0.773232 0.328105 0.785859
0 0.529412 0.773232 0.545752 0.785859
0 0.758824 0.773232 0.775163 0.785859
0 0.058824 0.814141 0.075163 0.826768
0 0.311765 0.814141 0.328105 0.826768
0 0.758824 0.814141 0.775163 0.826768
0 0.058824 0.836869 0.075163 0.849495
0 0.182353 0.836869 0.198693 0.849495
0 0.464706 0.835000 0.941176 0.850000
0 0.058824 0.870909 0.941176 0.954545
