0 0.058828 0.111818 0.229412 0.140909
0 0.241176 0.111818 0.582353 0.140909
0 0.594118 0.111818 0.941176 0.140909
0 0.482353 0.166364 0.570588 0.183636
0 0.058824 0.220909 0.494118 0.250000
0 0.505887 0.220909 0.817652 0.250000
0 0.829412 0.220909 0.941176 0.250000
0 0.058824 0.266364 0.494118 0.295455
0 0.505882 0.266364 0.817647 0.295455
0 0.829412 0.266364 0.941176 0.295455
0 0.211765 0.343636 0.405882 0.360909
0 0.058824 0.395960 0.075163 0.408586
0 0.058954 0.418687 0.075294 0.431313
0 0.058824 0.477273 0.305882 0.500000
0 0.317647 0.477273 0.511765 0.500000
0 0.523529 0.477273 0.717647 0.500000
0 0.729412 0.477273 0.941176 0.500000
0 0.058824 0.500000 0.305882 0.522727
0 0.317647 0.500000 0.511765 0.522727
0 0.523529 0.500000 0.717647 0.522727
0 0.729412 0.500000 0.941176 0.522727
0 0.058824 0.522727 0.305882 0.545455
0 0.317647 0.522727 0.511765 0.545455
0 0.523529 0.522727 0.717647 0.545455
0 0.729412 0.522727 0.941176 0.545455
0 0.058824 0.545455 0.305882 0.568182
0 0.317647 0.545455 0.511765 0.568182
0 0.523529 0.545455 0.717647 0.568182
0 0.729412 0.545455 0.941176 0.568182
0 0.058824 0.568182 0.305882 0.590909
0 0.317647 0.568182 0.511765 0.590909
0 0.523529 0.568182 0.717647 0.590909
0 0.729412 0.568182 0.941176 0.590909
0 0.058824 0.590909 0.305882 0.613636
0 0.317647 0.590909 0.511765 0.613636
0 0.523529 0.590909 0.717647 0.613636
0 0.729412 0.590909 0.941176 0.613636
0 0.058824 0.613636 0.305882 0.636364
0 0.317647 0.613636 0.511765 0.636364
0 0.523529 0.613636 0.717647 0.636364
0 0.729412 0.613636 0.941176 0.636364
0 0.058824 0.636364 0.305882 0.659091
0 0.317647 0.636364 0.511765 0.659091
0 0.523529 0.636364 0.717647 0.659091
0 0.729412 0.636364 0.941176 0.659091
0 0.058824 0.659091 0.305882 0.681818
0 0.317647 0.659091 0.511765 0.681818
0 0.523529 0.659091 0.717647 0.681818
0 0.729412 0.659091 0.941176 0.681818
0 0.058824 0.681818 0.305882 0.704545
0 0.317647 0.681818 0.511765 0.704545
0 0.523529 0.681818 0.717647 0.704545
0 0.729412 0.681818 0.941176 0.704545
0 0.058824 0.704545 0.305882 0.727273
0 0.317647 0.704545 0.511765 0.727273
0 0.523529 0.704545 0.717647 0.727273
0 0.729412 0.704545 0.941176 0.727273
0 0.058824 0.727273 0.305882 0.750000
0 0.317647 0.727273 0.511765 0.750000
0 0.523529 0.727273 0.717647 0.750000
0 0.729412 0.727273 0.941176 0.750000
0 0.058824 0.750000 0.305882 0.772727
0 0.317647 0.750000 0.511765 0.772727
0 0.523529 0.750000 0.717647 0.772727
0 0.729412 0.750000 0.941176 0.772727
0 0.058824 0.772727 0.305882 0.795455
0 0.317647 0.772727 0.511765 0.795455
0 0.523529 0.772727 0.717647 0.795455
0 0.729412 0.772727 0.941176 0.795455
0 0.058824 0.795455 0.305882 0.818182
0 0.317647 0.795455 0.511765 0.818182
0 0.523529 0.795455 0.717647 0.818182
0 0.729412 0.795455 0.941176 0.818182
0 0.058824 0.818182 0.305882 0.840909
0 0.317647 0.818182 0.511765 0.840909
0 0.523529 0.818182 0.717647 0.840909
0 0.729412 0.818182 0.941176 0.840909
0 0.058824 0.840909 0.305882 0.863636
0 0.317647 0.840909 0.511765 0.863636
0 0.523529 0.840909 0.717647 0.863636
0 0.729412 0.840909 0.941176 0.863636
0 0.058824 0.863636 0.305882 0.886364
0 0.317647 0.863636 0.511765 0.886364
0 0.523529 0.863636 0.717647 0.886364
0 0.729412 0.863636 0.941176 0.886364
0 0.058824 0.925455 0.376471 0.954545
0 0.388235 0.925455 0.494118 0.954545
0 0.505882 0.925455 0.817647 0.954545
0 0.829412 0.925455 0.941176 0.954545
