0 0.045455 0.209412 0.640909 0.241176
0 0.650000 0.209412 0.790909 0.241176
0 0.800000 0.209412 0.954545 0.241176
0 0.045455 0.352941 0.186364 0.411765
0 0.186364 0.352941 0.227273 0.411765
0 0.227273 0.352941 0.295455 0.382353
0 0.227273 0.382353 0.295455 0.411765
0 0.295455 0.352941 0.345455 0.382353
0 0.295455 0.382353 0.345455 0.411765
0 0.345455 0.352941 0.395455 0.382353
0 0.345455 0.382353 0.395455 0.411765
0 0.395455 0.352941 0.445455 0.382353
0 0.395455 0.382353 0.445455 0.411765
0 0.445455 0.352941 0.495455 0.382353
0 0.445455 0.382353 0.495455 0.411765
0 0.495455 0.352941 0.545455 0.382353
0 0.495455 0.382353 0.545455 0.411765
0 0.545455 0.352941 0.595455 0.382353
0 0.545455 0.382353 0.595455 0.411765
0 0.595455 0.352941 0.645455 0.382353
0 0.595455 0.382353 0.645455 0.411765
0 0.645455 0.352941 0.695455 0.382353
0 0.645455 0.382353 0.695455 0.411765
0 0.695455 0.352941 0.745455 0.382353
0 0.695455 0.382353 0.745455 0.411765
0 0.745455 0.352941 0.795455 0.382353
0 0.745455 0.382353 0.795455 0.411765
0 0.795455 0.352941 0.845455 0.382353
0 0.795455 0.382353 0.845455 0.411765
0 0.845455 0.352941 0.895455 0.382353
0 0.845455 0.382353 0.895455 0.411765
0 0.918737 0.374183 0.931364 0.390523
0 0.045455 0.411765 0.186364 0.470588
0 0.186364 0.411765 0.227273 0.470588
0 0.227273 0.411765 0.295455 0.441176
0 0.227273 0.441176 0.295455 0.470588
0 0.295455 0.411765 0.345455 0.441176
0 0.295455 0.441176 0.345455 0.470588
0 0.345455 0.411765 0.395455 0.441176
0 0.345455 0.441176 0.395455 0.470588
0 0.395455 0.411765 0.445455 0.441176
0 0.395455 0.441176 0.445455 0.470588
0 0.445455 0.411765 0.495455 0.441176
0 0.445455 0.441176 0.495455 0.470588
0 0.495455 0.411765 0.545455 0.441176
0 0.495455 0.441176 0.545455 0.470588
0 0.545455 0.411765 0.595455 0.441176
0 0.545455 0.441176 0.595455 0.470588
0 0.595455 0.411765 0.645455 0.441176
0 0.595455 0.441176 0.645455 0.470588
0 0.645455 0.411765 0.695455 0.441176
0 0.645455 0.441176 0.695455 0.470588
0 0.695455 0.411765 0.745455 0.441176
0 0.695455 0.441176 0.745455 0.470588
0 0.745455 0.411765 0.795455 0.441176
0 0.745455 0.441176 0.795455 0.470588
0 0.795455 0.411765 0.845455 0.441176
0 0.795455 0.441176 0.845455 0.470588
0 0.845455 0.411765 0.895455 0.441176
0 0.845455 0.441176 0.895455 0.470588
0 0.918737 0.433007 0.931364 0.449346
0 0.045455 0.470588 0.186364 0.529412
0 0.186364 0.470588 0.227273 0.529412
0 0.227273 0.470588 0.295455 0.500000
0 0.227273 0.500000 0.295455 0.529412
0 0.295455 0.470588 0.345455 0.500000
0 0.295455 0.500000 0.345455 0.529412
0 0.345455 0.470588 0.395455 0.500000
0 0.345455 0.500000 0.395455 0.529412
0 0.395455 0.470588 0.445455 0.500000
0 0.395455 0.500000 0.445455 0.529412
0 0.445455 0.470588 0.495455 0.500000
0 0.445455 0.500000 0.495455 0.529412
0 0.495455 0.470588 0.545455 0.500000
0 0.495455 0.500000 0.545455 0.529412
0 0.545455 0.470588 0.595455 0.500000
0 0.545455 0.500000 0.595455 0.529412
0 0.595455 0.470588 0.645455 0.500000
0 0.595455 0.500000 0.645455 0.529412
0 0.645455 0.470588 0.695455 0.500000
0 0.645455 0.500000 0.695455 0.529412
0 0.695455 0.470588 0.745455 0.500000
0 0.695455 0.500000 0.745455 0.529412
0 0.745455 0.470588 0.795455 0.500000
0 0.745455 0.500000 0.795455 0.529412
0 0.795455 0.470588 0.845455 0.500000
0 0.795455 0.500000 0.845455 0.529412
0 0.845455 0.470588 0.895455 0.500000
0 0.845455 0.500000 0.895455 0.529412
0 0.918737 0.491830 0.931364 0.508170
0 0.045455 0.529412 0.186364 0.588235
0 0.186364 0.529412 0.227273 0.588235
0 0.227273 0.529412 0.295455 0.558824
0 0.227273 0.558824 0.295455 0.588235
0 0.295455 0.529412 0.345455 0.558824
0 0.295455 0.558824 0.345455 0.588235
0 0.345455 0.529412 0.395455 0.558824
0 0.345455 0.558824 0.395455 0.588235
0 0.395455 0.529412 0.445455 0.558824
0 0.395455 0.558824 0.445455 0.588235
0 0.445455 0.529412 0.495455 0.558824
0 0.445455 0.558824 0.495455 0.588235
0 0.495455 0.529412 0.545455 0.558824
0 0.495455 0.558824 0.545455 0.588235
0 0.545455 0.529412 0.595455 0.558824
0 0.545455 0.558824 0.595455 0.588235
0 0.595455 0.529412 0.645455 0.558824
0 0.595455 0.558824 0.645455 0.588235
0 0.645455 0.529412 0.695455 0.558824
0 0.645455 0.558824 0.695455 0.588235
0 0.695455 0.529412 0.745455 0.558824
0 0.695455 0.558824 0.745455 0.588235
0 0.745455 0.529412 0.795455 0.558824
0 0.745455 0.558824 0.795455 0.588235
0 0.795455 0.529412 0.845455 0.558824
0 0.795455 0.558824 0.845455 0.588235
0 0.845455 0.529412 0.895455 0.558824
0 0.845455 0.558824 0.895455 0.588235
0 0.918737 0.550654 0.931364 0.566993
0 0.045455 0.588235 0.186364 0.647059
0 0.186364 0.588235 0.227273 0.647059
0 0.227273 0.588235 0.295455 0.617647
0 0.227273 0.617647 0.295455 0.647059
0 0.295455 0.588235 0.345455 0.617647
0 0.295455 0.617647 0.345455 0.647059
0 0.345455 0.588235 0.395455 0.617647
0 0.345455 0.617647 0.395455 0.647059
0 0.395455 0.588235 0.445455 0.617647
0 0.395455 0.617647 0.445455 0.647059
0 0.445455 0.588235 0.495455 0.617647
0 0.445455 0.617647 0.495455 0.647059
0 0.495455 0.588235 0.545455 0.617647
0 0.495455 0.617647 0.545455 0.647059
0 0.545455 0.588235 0.595455 0.617647
0 0.545455 0.617647 0.595455 0.647059
0 0.595455 0.588235 0.645455 0.617647
0 0.595455 0.617647 0.645455 0.647059
0 0.645455 0.588235 0.695455 0.617647
0 0.645455 0.617647 0.695455 0.647059
0 0.695455 0.588235 0.745455 0.617647
0 0.695455 0.617647 0.745455 0.647059
0 0.745455 0.588235 0.795455 0.617647
0 0.745455 0.617647 0.795455 0.647059
0 0.795455 0.588235 0.845455 0.617647
0 0.795455 0.617647 0.845455 0.647059
0 0.845455 0.588235 0.895455 0.617647
0 0.845455 0.617647 0.895455 0.647059
0 0.918737 0.609477 0.931364 0.625817
0 0.045455 0.647059 0.186364 0.705882
0 0.186364 0.647059 0.227273 0.705882
0 0.227273 0.647059 0.295455 0.676471
0 0.227273 0.676471 0.295455 0.705882
0 0.295455 0.647059 0.345455 0.676471
0 0.295455 0.676471 0.345455 0.705882
0 0.345455 0.647059 0.395455 0.676471
0 0.345455 0.676471 0.395455 0.705882
0 0.395455 0.647059 0.445455 0.676471
0 0.395455 0.676471 0.445455 0.705882
0 0.445455 0.647059 0.495455 0.676471
0 0.445455 0.676471 0.495455 0.705882
0 0.495455 0.647059 0.545455 0.676471
0 0.495455 0.676471 0.545455 0.705882
0 0.545455 0.647059 0.595455 0.676471
0 0.545455 0.676471 0.595455 0.705882
0 0.595455 0.647059 0.645455 0.676471
0 0.595455 0.676471 0.645455 0.705882
0 0.645455 0.647059 0.695455 0.676471
0 0.645455 0.676471 0.695455 0.705882
0 0.695455 0.647059 0.745455 0.676471
0 0.695455 0.676471 0.745455 0.705882
0 0.745455 0.647059 0.795455 0.676471
0 0.745455 0.676471 0.795455 0.705882
0 0.795455 0.647059 0.845455 0.676471
0 0.795455 0.676471 0.845455 0.705882
0 0.845455 0.647059 0.895455 0.676471
0 0.845455 0.676471 0.895455 0.705882
0 0.918737 0.668301 0.931364 0.684641
0 0.045455 0.705882 0.186364 0.764706
0 0.186364 0.705882 0.227273 0.764706
0 0.227273 0.705882 0.295455 0.735294
0 0.227273 0.735294 0.295455 0.764706
0 0.295455 0.705882 0.345455 0.735294
0 0.295455 0.735294 0.345455 0.764706
0 0.345455 0.705882 0.395455 0.735294
0 0.345455 0.735294 0.395455 0.764706
0 0.395455 0.705882 0.445455 0.735294
0 0.395455 0.735294 0.445455 0.764706
0 0.445455 0.705882 0.495455 0.735294
0 0.445455 0.735294 0.495455 0.764706
0 0.495455 0.705882 0.545455 0.735294
0 0.495455 0.735294 0.545455 0.764706
0 0.545455 0.705882 0.595455 0.735294
0 0.545455 0.735294 0.595455 0.764706
0 0.595455 0.705882 0.645455 0.735294
0 0.595455 0.735294 0.645455 0.764706
0 0.645455 0.705882 0.695455 0.735294
0 0.645455 0.735294 0.695455 0.764706
0 0.695455 0.705882 0.745455 0.735294
0 0.695455 0.735294 0.745455 0.764706
0 0.745455 0.705882 0.795455 0.735294
0 0.745455 0.735294 0.795455 0.764706
0 0.795455 0.705882 0.845455 0.735294
0 0.795455 0.735294 0.845455 0.764706
0 0.845455 0.705882 0.895455 0.735294
0 0.845455 0.735294 0.895455 0.764706
0 0.918737 0.727124 0.931364 0.743464
0 0.045455 0.764706 0.186364 0.823529
0 0.186364 0.764706 0.227273 0.823529
0 0.227273 0.764706 0.295455 0.794118
0 0.227273 0.794118 0.295455 0.823529
0 0.295455 0.764706 0.345455 0.794118
0 0.295455 0.794118 0.345455 0.823529
0 0.345455 0.764706 0.395455 0.794118
0 0.345455 0.794118 0.395455 0.823529
0 0.395455 0.764706 0.445455 0.794118
0 0.395455 0.794118 0.445455 0.823529
0 0.445455 0.764706 0.495455 0.794118
0 0.445455 0.794118 0.495455 0.823529
0 0.495455 0.764706 0.545455 0.794118
0 0.495455 0.794118 0.545455 0.823529
0 0.545455 0.764706 0.595455 0.794118
0 0.545455 0.794118 0.595455 0.823529
0 0.595455 0.764706 0.645455 0.794118
0 0.595455 0.794118 0.645455 0.823529
0 0.645455 0.764706 0.695455 0.794118
0 0.645455 0.794118 0.695455 0.823529
0 0.695455 0.764706 0.745455 0.794118
0 0.695455 0.794118 0.745455 0.823529
0 0.745455 0.764706 0.795455 0.794118
0 0.745455 0.794118 0.795455 0.823529
0 0.795455 0.764706 0.845455 0.794118
0 0.795455 0.794118 0.845455 0.823529
0 0.845455 0.764706 0.895455 0.794118
0 0.845455 0.794118 0.895455 0.823529
0 0.918737 0.785948 0.931364 0.802288
0 0.045455 0.823529 0.186364 0.882353
0 0.186364 0.823529 0.227273 0.882353
0 0.227273 0.823529 0.295455 0.852941
0 0.227273 0.852941 0.295455 0.882353
0 0.295455 0.823529 0.345455 0.852941
0 0.295455 0.852941 0.345455 0.882353
0 0.345455 0.823529 0.395455 0.852941
0 0.345455 0.852941 0.395455 0.882353
0 0.395455 0.823529 0.445455 0.852941
0 0.395455 0.852941 0.445455 0.882353
0 0.445455 0.823529 0.495455 0.852941
0 0.445455 0.852941 0.495455 0.882353
0 0.495455 0.823529 0.545455 0.852941
0 0.495455 0.852941 0.545455 0.882353
0 0.545455 0.823529 0.595455 0.852941
0 0.545455 0.852941 0.595455 0.882353
0 0.595455 0.823529 0.645455 0.852941
0 0.595455 0.852941 0.645455 0.882353
0 0.645455 0.823529 0.695455 0.852941
0 0.645455 0.852941 0.695455 0.882353
0 0.695455 0.823529 0.745455 0.852941
0 0.695455 0.852941 0.745455 0.882353
0 0.745455 0.823529 0.795455 0.852941
0 0.745455 0.852941 0.795455 0.882353
0 0.795455 0.823529 0.845455 0.852941
0 0.795455 0.852941 0.845455 0.882353
0 0.845455 0.823529 0.895455 0.852941
0 0.845455 0.852941 0.895455 0.882353
0 0.918737 0.844771 0.931364 0.861111
0 0.045455 0.882353 0.186364 0.941176
0 0.186364 0.882353 0.227273 0.941176
0 0.227273 0.882353 0.295455 0.911765
0 0.227273 0.911765 0.295455 0.941176
0 0.295455 0.882353 0.345455 0.911765
0 0.295455 0.911765 0.345455 0.941176
0 0.345455 0.882353 0.395455 0.911765
0 0.345455 0.911765 0.395455 0.941176
0 0.395455 0.882353 0.445455 0.911765
0 0.395455 0.911765 0.445455 0.941176
0 0.445455 0.882353 0.495455 0.911765
0 0.445455 0.911765 0.495455 0.941176
0 0.495455 0.882353 0.545455 0.911765
0 0.495455 0.911765 0.545455 0.941176
0 0.545455 0.882353 0.595455 0.911765
0 0.545455 0.911765 0.595455 0.941176
0 0.595455 0.882353 0.645455 0.911765
0 0.595455 0.911765 0.645455 0.941176
0 0.645455 0.882353 0.695455 0.911765
0 0.645455 0.911765 0.695455 0.941176
0 0.695455 0.882353 0.745455 0.911765
0 0.695455 0.911765 0.745455 0.941176
0 0.745455 0.882353 0.795455 0.911765
0 0.745455 0.911765 0.795455 0.941176
0 0.795455 0.882353 0.845455 0.911765
0 0.795455 0.911765 0.845455 0.941176
0 0.845455 0.882353 0.895455 0.911765
0 0.845455 0.911765 0.895455 0.941176
0 0.918737 0.903595 0.931364 0.919935
