0 0.764711 0.061818 0.941181 0.086364
0 0.764711 0.102727 0.941181 0.127273
0 0.447059 0.139091 0.941176 0.154545
0 0.058824 0.166364 0.841176 0.181818
0 0.058824 0.189091 0.770588 0.204545
0 0.335294 0.259091 0.452941 0.277273
0 0.605882 0.243636 0.852941 0.259091
0 0.058833 0.507273 0.641186 0.536364
0 0.652951 0.507273 0.788245 0.536364
0 0.800005 0.507273 0.941181 0.536364
0 0.058833 0.552727 0.494127 0.581818
0 0.505887 0.552727 0.941181 0.581818
0 0.058828 0.620909 0.494123 0.650000
0 0.505887 0.620909 0.941181 0.650000
0 0.058828 0.666364 0.788240 0.695455
0 0.800005 0.666364 0.941181 0.695455
