0 0.058824 0.139091 0.641176 0.163636
0 0.652941 0.139091 0.941176 0.163636
0 0.058824 0.180000 0.941176 0.204545
0 0.058824 0.220909 0.641176 0.245455
0 0.652941 0.220909 0.788235 0.245455
0 0.800000 0.220909 0.941176 0.245455
0 0.058824 0.277778 0.075163 0.290404
0 0.058824 0.295455 0.941176 0.359091
0 0.058824 0.364141 0.075163 0.376768
0 0.058824 0.386869 0.075163 0.399495
0 0.058824 0.409596 0.075163 0.422222
0 0.058824 0.432323 0.075163 0.444949
0 0.058824 0.450000 0.941176 0.536364
0 0.058824 0.586364 0.941176 0.650000
0 0.058824 0.689091 0.494118 0.713636
0 0.505882 0.689091 0.941176 0.713636
0 0.058824 0.736364 0.941176 0.822727
0 0.058824 0.845455 0.941176 0.954545
