0 0.058824 0.134545 0.705882 0.163636
0 0.717647 0.134545 0.941172 0.163636
0 0.058824 0.180000 0.705882 0.209091
0 0.717647 0.180000 0.941172 0.209091
0 0.058824 0.248182 0.494118 0.277273
0 0.505873 0.248182 0.788230 0.277273
0 0.799995 0.248182 0.847054 0.277273
0 0.858814 0.248182 0.941167 0.277273
0 0.058824 0.293636 0.264706 0.322727
0 0.276471 0.293636 0.429412 0.322727
0 0.441176 0.282323 0.457516 0.294949
0 0.441176 0.305050 0.457516 0.317677
0 0.505877 0.293636 0.705882 0.322727
0 0.717647 0.293636 0.870583 0.322727
0 0.882348 0.282323 0.898688 0.294949
0 0.882348 0.305050 0.898688 0.317677
0 0.700000 0.350000 0.864706 0.363636
0 0.058954 0.423232 0.075294 0.435859
0 0.058824 0.473232 0.075163 0.485859
0 0.058824 0.495960 0.075163 0.508586
0 0.058824 0.518687 0.075163 0.531313
0 0.058833 0.761818 0.705892 0.790909
0 0.717647 0.761818 0.941176 0.790909
0 0.058833 0.807273 0.705892 0.836364
0 0.717647 0.807273 0.941176 0.836364
