0 0.058824 0.175455 0.264706 0.204545
0 0.276475 0.175455 0.788240 0.204545
0 0.800000 0.175455 0.941176 0.204545
0 0.058828 0.243636 0.494123 0.272727
0 0.505882 0.243636 0.788240 0.272727
0 0.800005 0.243636 0.847064 0.272727
0 0.858823 0.243636 0.941176 0.272727
0 0.058828 0.289091 0.264711 0.318182
0 0.276475 0.289091 0.429417 0.318182
0 0.441181 0.277778 0.457521 0.290404
0 0.441181 0.300505 0.457521 0.313131
0 0.505882 0.289091 0.705887 0.318182
0 0.717652 0.289091 0.870588 0.318182
0 0.882353 0.277778 0.898693 0.290404
0 0.882353 0.300505 0.898693 0.313131
0 0.058828 0.357273 0.494123 0.386364
0 0.505882 0.357273 0.705882 0.386364
0 0.717652 0.357273 0.941176 0.386364
0 0.058828 0.402727 0.494123 0.431818
0 0.505882 0.402727 0.705882 0.431818
0 0.717652 0.402727 0.941176 0.431818
0 0.058828 0.448182 0.494123 0.477273
0 0.505882 0.448182 0.705882 0.477273
0 0.717652 0.448182 0.941176 0.477273
