0 0.058824 0.134545 0.682353 0.163636
0 0.694118 0.134545 0.941176 0.163636
0 0.058824 0.180000 0.682353 0.209091
0 0.694118 0.180000 0.941176 0.209091
0 0.058824 0.248182 0.488235 0.277273
0 0.500000 0.248182 0.752946 0.277273
0 0.764706 0.248182 0.823529 0.277273
0 0.829412 0.248182 0.941172 0.277273
0 0.058828 0.293636 0.229417 0.322727
0 0.241176 0.293636 0.429412 0.322727
0 0.435299 0.282323 0.451639 0.294949
0 0.435299 0.305050 0.451639 0.317677
0 0.500000 0.293636 0.682353 0.322727
0 0.694118 0.293636 0.882353 0.322727
0 0.888235 0.282323 0.904575 0.294949
0 0.888235 0.305050 0.904575 0.317677
0 0.058824 0.522727 0.347059 0.545455
0 0.358824 0.522727 0.494118 0.545455
0 0.505882 0.527778 0.522222 0.540404
0 0.582353 0.527778 0.598693 0.540404
0 0.652941 0.527778 0.669281 0.540404
0 0.729412 0.527778 0.745752 0.540404
0 0.800000 0.527778 0.816340 0.540404
0 0.876471 0.527778 0.892810 0.540404
0 0.058824 0.545455 0.347059 0.568182
0 0.358824 0.545455 0.494118 0.568182
0 0.505882 0.550505 0.522222 0.563131
0 0.582353 0.550505 0.598693 0.563131
0 0.652941 0.550505 0.669281 0.563131
0 0.729412 0.550505 0.745752 0.563131
0 0.800000 0.550505 0.816340 0.563131
0 0.876471 0.550505 0.892810 0.563131
0 0.058824 0.568182 0.347059 0.590909
0 0.358824 0.568182 0.494118 0.590909
0 0.505882 0.573232 0.522222 0.585859
0 0.582353 0.573232 0.598693 0.585859
0 0.652941 0.573232 0.669281 0.585859
0 0.729412 0.573232 0.745752 0.585859
0 0.800000 0.573232 0.816340 0.585859
0 0.876471 0.573232 0.892810 0.585859
0 0.058824 0.590909 0.347059 0.613636
0 0.358824 0.590909 0.494118 0.613636
0 0.505882 0.595960 0.522222 0.608586
0 0.582353 0.595960 0.598693 0.608586
0 0.652941 0.595960 0.669281 0.608586
0 0.729412 0.595960 0.745752 0.608586
0 0.800000 0.595960 0.816340 0.608586
0 0.876471 0.595960 0.892810 0.608586
0 0.058824 0.613636 0.347059 0.636364
0 0.358824 0.613636 0.494118 0.636364
0 0.505882 0.618687 0.522222 0.631313
0 0.582353 0.618687 0.598693 0.631313
0 0.652941 0.618687 0.669281 0.631313
0 0.729412 0.618687 0.745752 0.631313
0 0.800000 0.618687 0.816340 0.631313
0 0.876471 0.618687 0.892810 0.631313
0 0.058824 0.636364 0.347059 0.659091
0 0.358824 0.636364 0.494118 0.659091
0 0.505882 0.641414 0.522222 0.654040
0 0.582353 0.641414 0.598693 0.654040
0 0.652941 0.641414 0.669281 0.654040
0 0.729412 0.641414 0.745752 0.654040
0 0.800000 0.641414 0.816340 0.654040
0 0.876471 0.641414 0.892810 0.654040
0 0.058824 0.659091 0.347059 0.681818
0 0.358824 0.659091 0.494118 0.681818
0 0.505882 0.664141 0.522222 0.676768
0 0.582353 0.664141 0.598693 0.676768
0 0.652941 0.664141 0.669281 0.676768
0 0.729412 0.664141 0.745752 0.676768
0 0.800000 0.664141 0.816340 0.676768
0 0.876471 0.664141 0.892810 0.676768
0 0.265882 0.720909 0.352941 0.736364
0 0.058824 0.880000 0.788235 0.909091
0 0.800000 0.880000 0.941176 0.909091
0 0.058824 0.925455 0.788235 0.954545
0 0.800000 0.925455 0.941176 0.954545
