0 0.058824 0.230000 0.705882 0.254545
0 0.717647 0.230000 0.941172 0.254545
0 0.058824 0.270909 0.705882 0.295455
0 0.717647 0.270909 0.941172 0.295455
0 0.058824 0.330000 0.494118 0.354545
0 0.505873 0.330000 0.788230 0.354545
0 0.799995 0.330000 0.847054 0.354545
0 0.858814 0.330000 0.941167 0.354545
0 0.058824 0.370909 0.264706 0.395455
0 0.276471 0.370909 0.429412 0.395455
0 0.441176 0.359596 0.457516 0.372222
0 0.441176 0.377778 0.457516 0.390404
0 0.505877 0.370909 0.705882 0.395455
0 0.717647 0.370909 0.870583 0.395455
0 0.882348 0.359596 0.898688 0.372222
0 0.882348 0.377778 0.898688 0.390404
0 0.058954 0.459596 0.075294 0.472222
0 0.058824 0.495960 0.075163 0.508586
0 0.058824 0.518687 0.075163 0.531313
0 0.058954 0.727778 0.075294 0.740404
0 0.058954 0.764141 0.075294 0.776768
