0 0.058824 0.289091 0.700000 0.318182
0 0.711765 0.289091 0.941176 0.318182
0 0.058824 0.334545 0.700000 0.363636
0 0.711760 0.334545 0.941172 0.363636
0 0.058824 0.402727 0.494118 0.431818
0 0.505882 0.402727 0.758824 0.431818
0 0.770588 0.402727 0.817647 0.431818
0 0.829412 0.402727 0.941176 0.431818
0 0.058824 0.448182 0.258824 0.477273
0 0.270588 0.448182 0.435294 0.477273
0 0.441176 0.436869 0.457516 0.449495
0 0.441176 0.459596 0.457516 0.472222
0 0.505882 0.448182 0.700000 0.477273
0 0.711765 0.448182 0.876471 0.477273
0 0.882353 0.436869 0.898693 0.449495
0 0.882353 0.459596 0.898693 0.472222
0 0.058824 0.493636 0.941176 0.527273
0 0.058824 0.543636 0.941176 0.577273
0 0.058824 0.593636 0.941176 0.627273
0 0.058824 0.666364 0.435294 0.700000
0 0.447059 0.666364 0.817647 0.700000
0 0.829407 0.666364 0.941172 0.700000
0 0.058824 0.716364 0.435294 0.750000
0 0.447059 0.716364 0.817647 0.750000
0 0.829407 0.716364 0.941172 0.750000
