0 0.058824 0.134545 0.670588 0.163636
0 0.682353 0.134545 0.941176 0.163636
0 0.058824 0.180000 0.670588 0.209091
0 0.682353 0.180000 0.941176 0.209091
0 0.058824 0.248182 0.494118 0.277273
0 0.505873 0.248182 0.776471 0.277273
0 0.788235 0.248182 0.835294 0.277273
0 0.847054 0.248182 0.941176 0.277273
0 0.058824 0.293636 0.264706 0.322727
0 0.276471 0.293636 0.429412 0.322727
0 0.441176 0.282323 0.457516 0.294949
0 0.441176 0.305050 0.457516 0.317677
0 0.505877 0.293636 0.705882 0.322727
0 0.717647 0.293636 0.870583 0.322727
0 0.882348 0.282323 0.898688 0.294949
0 0.882348 0.305050 0.898688 0.317677
0 0.058954 0.382323 0.075294 0.394949
0 0.058954 0.437230 0.075294 0.449856
0 0.058824 0.482323 0.075163 0.494949
0 0.058954 0.505051 0.075294 0.517677
0 0.058954 0.550505 0.075294 0.563131
0 0.058824 0.857273 0.705882 0.886364
0 0.717642 0.857273 0.941172 0.886364
0 0.058824 0.902727 0.705882 0.931818
0 0.717642 0.902727 0.941172 0.931818
