0 0.258824 0.277273 0.582353 0.295455
0 0.258824 0.295455 0.582353 0.313636
0 0.594118 0.281818 0.729412 0.318182
0 0.741176 0.282323 0.757516 0.294949
0 0.741176 0.300505 0.757516 0.313131
0 0.258824 0.318182 0.582353 0.336364
0 0.258824 0.336364 0.582353 0.354545
0 0.594118 0.322727 0.729412 0.359091
0 0.741176 0.323232 0.757516 0.335859
0 0.741176 0.341414 0.757516 0.354040
0 0.258824 0.359091 0.582353 0.377273
0 0.258824 0.377273 0.582353 0.395455
0 0.594118 0.363636 0.729412 0.400000
0 0.741176 0.364141 0.757516 0.376768
0 0.741176 0.382323 0.757516 0.394949
0 0.370588 0.475455 0.441176 0.490909
