0 0.058828 0.170909 0.270588 0.190909
0 0.282353 0.170909 0.941181 0.190909
0 0.058828 0.230000 0.494123 0.250000
0 0.505882 0.230000 0.770588 0.250000
0 0.782353 0.230000 0.829412 0.250000
0 0.841176 0.230000 0.941181 0.250000
0 0.058833 0.266364 0.494127 0.286364
0 0.505882 0.266364 0.870588 0.286364
0 0.882353 0.254040 0.895425 0.264141
0 0.882353 0.272222 0.895425 0.282323
0 0.058833 0.302727 0.494127 0.322727
0 0.505882 0.302727 0.870588 0.322727
0 0.882353 0.290404 0.895425 0.300505
0 0.882353 0.308586 0.895425 0.318687
0 0.058964 0.373232 0.075304 0.385859
0 0.400005 0.368182 0.441176 0.386364
0 0.058828 0.407273 0.941181 0.427273
0 0.058828 0.443636 0.941181 0.463636
0 0.058833 0.480000 0.494127 0.500000
0 0.505887 0.480000 0.941181 0.500000
0 0.211775 0.522727 0.352951 0.540909
0 0.058964 0.550505 0.075304 0.563131
0 0.058828 0.598182 0.941181 0.618182
0 0.058828 0.634545 0.941181 0.654545
0 0.058828 0.670909 0.941181 0.690909
0 0.523539 0.690909 0.570588 0.709091
0 0.588245 0.713636 0.676480 0.731818
0 0.388245 0.731818 0.452951 0.750000
0 0.058833 0.773232 0.075173 0.785859
0 0.411765 0.773232 0.428105 0.785859
0 0.058833 0.795960 0.075173 0.808586
0 0.411765 0.795960 0.428105 0.808586
0 0.058833 0.818687 0.075173 0.831313
0 0.058833 0.864141 0.075173 0.876768
0 0.411765 0.864141 0.428105 0.876768
0 0.058833 0.886869 0.075173 0.899495
0 0.411765 0.886869 0.428105 0.899495
0 0.058833 0.909596 0.075173 0.922222
0 0.411770 0.909596 0.428109 0.922222
0 0.058833 0.932323 0.075173 0.944950
