0 0.058824 0.134545 0.788235 0.163636
0 0.800000 0.134545 0.941176 0.163636
0 0.058824 0.180000 0.941176 0.209091
0 0.058824 0.225455 0.941176 0.254545
0 0.058824 0.270909 0.941176 0.300000
0 0.058824 0.323232 0.075163 0.335859
0 0.135294 0.323232 0.151634 0.335859
0 0.058824 0.393636 0.347059 0.422727
0 0.358824 0.393636 0.494118 0.422727
0 0.505882 0.393636 0.941176 0.422727
0 0.058824 0.461818 0.941176 0.490909
0 0.058824 0.507273 0.494118 0.536364
0 0.505882 0.507273 0.788235 0.536364
0 0.800000 0.507273 0.941176 0.536364
0 0.058824 0.575455 0.494118 0.604545
0 0.505882 0.575455 0.941176 0.604545
0 0.058824 0.620909 0.941176 0.650000
