0 0.770588 0.061818 0.941176 0.122727
0 0.058824 0.145455 0.941176 0.254545
0 0.058824 0.307273 0.488235 0.331818
0 0.500005 0.307273 0.941176 0.331818
0 0.058824 0.348182 0.488235 0.372727
0 0.500000 0.348182 0.941176 0.372727
0 0.058824 0.411818 0.758824 0.436364
0 0.770588 0.411818 0.941176 0.436364
0 0.058824 0.452727 0.941176 0.477273
0 0.058824 0.516364 0.758824 0.540909
0 0.770588 0.516364 0.941176 0.540909
0 0.058824 0.557273 0.941176 0.581818
0 0.770588 0.586869 0.786928 0.599495
0 0.858823 0.586869 0.875163 0.599495
0 0.058824 0.634545 0.758824 0.659091
0 0.770588 0.634545 0.941176 0.659091
0 0.058824 0.709091 0.941176 0.931818
