0 0.058824 0.157273 0.264706 0.177273
0 0.276471 0.157273 0.941176 0.177273
0 0.058824 0.216364 0.494118 0.236364
0 0.505877 0.216364 0.788235 0.236364
0 0.800000 0.216364 0.847059 0.236364
0 0.858823 0.216364 0.941176 0.236364
0 0.058824 0.252727 0.264706 0.272727
0 0.276471 0.252727 0.429412 0.272727
0 0.441176 0.240404 0.454248 0.250505
0 0.441176 0.258586 0.454248 0.268687
0 0.505877 0.252727 0.705882 0.272727
0 0.717647 0.252727 0.870583 0.272727
0 0.882348 0.240404 0.895420 0.250505
0 0.882348 0.258586 0.895420 0.268687
0 0.058954 0.323232 0.075294 0.335859
0 0.292570 0.318182 0.335294 0.336364
0 0.058824 0.357273 0.941176 0.377273
0 0.058824 0.393636 0.941176 0.413636
0 0.058824 0.430000 0.494118 0.450000
0 0.505882 0.430000 0.941176 0.450000
0 0.152941 0.472727 0.294118 0.490909
0 0.058824 0.500505 0.075163 0.513131
0 0.058824 0.534545 0.941176 0.554545
0 0.058824 0.570909 0.941176 0.590909
0 0.058824 0.607273 0.941176 0.627273
0 0.400000 0.627273 0.441176 0.645455
0 0.488235 0.650000 0.529412 0.668182
0 0.870588 0.650000 0.911765 0.668182
0 0.058824 0.705051 0.075163 0.717677
0 0.500000 0.705051 0.516340 0.717677
0 0.058824 0.727778 0.075163 0.740404
0 0.500000 0.727778 0.516340 0.740404
0 0.058824 0.750505 0.075163 0.763131
0 0.058824 0.795960 0.075163 0.808586
0 0.499995 0.795960 0.516335 0.808586
0 0.058824 0.818687 0.075163 0.831313
0 0.499995 0.818687 0.516335 0.831313
0 0.058824 0.841414 0.075163 0.854040
0 0.500000 0.841414 0.516340 0.854040
0 0.058824 0.864141 0.075163 0.876768
0 0.058824 0.898182 0.941176 0.918182
0 0.058824 0.934545 0.941176 0.954545
