0 0.058824 0.125455 0.941176 0.145455
0 0.058824 0.161818 0.494118 0.181818
0 0.505882 0.161818 0.941176 0.181818
0 0.058824 0.198182 0.941176 0.218182
0 0.058824 0.234545 0.941176 0.254545
0 0.058824 0.270909 0.494118 0.290909
0 0.505882 0.270909 0.941176 0.290909
0 0.058824 0.307273 0.494118 0.327273
0 0.505882 0.307273 0.941176 0.327273
0 0.876601 0.341414 0.892941 0.354040
0 0.788235 0.418687 0.804575 0.431313
0 0.876471 0.418687 0.892810 0.431313
0 0.788235 0.455050 0.804575 0.467677
0 0.876471 0.455050 0.892810 0.467677
0 0.788235 0.477778 0.804575 0.490404
0 0.876471 0.477778 0.892810 0.490404
0 0.788235 0.595960 0.804575 0.608586
0 0.876471 0.595960 0.892810 0.608586
0 0.788235 0.514141 0.804575 0.526768
0 0.876471 0.514141 0.892810 0.526768
0 0.788235 0.550505 0.804575 0.563131
0 0.876471 0.550505 0.892810 0.563131
0 0.058824 0.675454 0.941176 0.786364
0 0.350778 0.868182 0.635294 0.886364
0 0.770588 0.868182 0.941176 0.886364
0 0.147059 0.898990 0.382353 0.918182
0 0.763708 0.893308 0.776779 0.903409
0 0.817647 0.900250 0.941176 0.918182
0 0.235294 0.918182 0.711765 0.936364
0 0.235294 0.936364 0.711765 0.952727
0 0.788235 0.918182 0.941176 0.936364
0 0.788235 0.936364 0.941176 0.952727
