0 0.058824 0.013636 0.176471 0.036364
0 0.564706 0.122727 0.711765 0.136364
0 0.329412 0.136364 0.435294 0.150000
0 0.276471 0.150000 0.447059 0.163636
0 0.058824 0.289091 0.347059 0.304545
0 0.358833 0.289091 0.641186 0.304545
0 0.652941 0.289091 0.941176 0.304545
0 0.058824 0.320909 0.941176 0.336364
0 0.058824 0.352727 0.347059 0.368182
0 0.358824 0.352727 0.494118 0.368182
0 0.505882 0.352727 0.641176 0.368182
0 0.652941 0.352778 0.669281 0.365404
0 0.723529 0.352778 0.739869 0.365404
0 0.058824 0.384545 0.941176 0.400000
0 0.058824 0.430000 0.641176 0.450000
0 0.652941 0.423232 0.669281 0.435859
0 0.800000 0.423232 0.816340 0.435859
0 0.058824 0.498182 0.641176 0.513636
0 0.652941 0.498182 0.941176 0.513636
0 0.494118 0.713636 0.582353 0.727273
0 0.094118 0.931818 0.247059 0.940909
