0 0.058824 0.013636 0.176471 0.036364
0 0.594118 0.127273 0.770588 0.140909
0 0.358824 0.140909 0.500000 0.154545
0 0.058824 0.154545 0.941176 0.177273
0 0.058824 0.343636 0.347059 0.359091
0 0.358833 0.343636 0.641186 0.359091
0 0.652941 0.343636 0.941176 0.359091
0 0.058824 0.375455 0.941176 0.390909
0 0.058824 0.407273 0.347059 0.422727
0 0.358824 0.407273 0.494118 0.422727
0 0.505892 0.407273 0.641186 0.422727
0 0.652941 0.407323 0.669281 0.419950
0 0.723529 0.407323 0.739869 0.419950
0 0.058824 0.439091 0.941176 0.454545
0 0.058824 0.484312 0.641176 0.500000
0 0.670588 0.473232 0.686928 0.485859
0 0.764706 0.473232 0.781046 0.485859
0 0.058824 0.543636 0.641176 0.563636
0 0.652941 0.543636 0.941176 0.563636
0 0.482353 0.750000 0.552941 0.759091
0 0.741176 0.927273 0.894118 0.936364
