0 0.058824 0.225455 0.641176 0.245455
0 0.058824 0.261818 0.941176 0.281818
0 0.058824 0.298182 0.641176 0.318182
0 0.652941 0.298182 0.788235 0.318182
0 0.800000 0.298182 0.941176 0.318182
0 0.058824 0.334545 0.494118 0.354545
0 0.505882 0.334545 0.641176 0.354545
0 0.652941 0.334545 0.941176 0.354545
0 0.652941 0.225455 0.941176 0.245455
0 0.058824 0.398182 0.941176 0.418182
0 0.461438 0.481818 0.479412 0.495707
0 0.461438 0.504545 0.479412 0.518434
0 0.461438 0.527273 0.479412 0.541162
0 0.461438 0.550000 0.479412 0.563889
0 0.461438 0.572727 0.479412 0.586616
0 0.902614 0.481818 0.920588 0.495707
0 0.902614 0.504545 0.920588 0.518434
0 0.902614 0.527273 0.920588 0.541162
0 0.902614 0.550000 0.920588 0.563889
0 0.902614 0.572727 0.920588 0.586616
0 0.058824 0.611818 0.941176 0.872727
0 0.058824 0.925455 0.405882 0.954545
0 0.417647 0.925455 0.788235 0.954545
0 0.800000 0.925455 0.941176 0.954545
