0 0.058824 0.216364 0.941176 0.240909
0 0.058824 0.257273 0.941176 0.281818
0 0.058824 0.298182 0.347059 0.322727
0 0.358819 0.298182 0.494113 0.322727
0 0.505882 0.298182 0.641176 0.322727
0 0.652941 0.298182 0.941176 0.322727
0 0.058824 0.339091 0.941176 0.363636
0 0.058824 0.380000 0.941176 0.404545
0 0.058824 0.420909 0.641176 0.445455
0 0.652936 0.420909 0.788230 0.445455
0 0.799995 0.420909 0.935289 0.445455
0 0.058824 0.461818 0.347059 0.486364
0 0.358819 0.461818 0.494113 0.486364
0 0.505877 0.461818 0.941172 0.486364
0 0.058824 0.608232 0.075163 0.620859
0 0.500000 0.608232 0.516340 0.620859
0 0.058824 0.630960 0.075163 0.643586
0 0.500000 0.630960 0.516340 0.643586
0 0.058824 0.653687 0.075163 0.666313
0 0.500000 0.653687 0.516340 0.666313
0 0.058824 0.775455 0.494118 0.800000
0 0.505882 0.775455 0.941176 0.800000
0 0.058824 0.816364 0.788235 0.840909
0 0.800000 0.816364 0.941176 0.840909
