0 0.211765 0.140909 0.276471 0.159091
0 0.470588 0.140909 0.641176 0.159091
0 0.723529 0.140909 0.894118 0.159091
0 0.058824 0.202727 0.641176 0.231818
0 0.652941 0.202727 0.941176 0.231818
0 0.058828 0.248182 0.641181 0.277273
0 0.652941 0.248182 0.941176 0.277273
0 0.058828 0.293636 0.347059 0.322727
0 0.058828 0.361818 0.347064 0.390909
0 0.358824 0.361818 0.941176 0.390909
0 0.058824 0.407273 0.941176 0.436364
0 0.058833 0.452727 0.494127 0.481818
0 0.505882 0.452727 0.941176 0.481818
0 0.058824 0.527778 0.075163 0.540404
0 0.058828 0.550505 0.075168 0.563131
0 0.058824 0.573232 0.075163 0.585859
0 0.058828 0.595960 0.075168 0.608586
0 0.058824 0.618687 0.075163 0.631313
0 0.323529 0.527778 0.339869 0.540404
0 0.323529 0.550505 0.339869 0.563131
0 0.323660 0.573232 0.340000 0.585859
0 0.829542 0.723232 0.845882 0.735859
0 0.870719 0.723232 0.887059 0.735859
0 0.911895 0.723232 0.928235 0.735859
0 0.829542 0.745652 0.845882 0.758278
0 0.870719 0.745652 0.887059 0.758278
0 0.911895 0.745652 0.928235 0.758278
0 0.058824 0.884545 0.764706 0.913636
0 0.770588 0.884545 0.941176 0.913636
0 0.358824 0.293636 0.941176 0.322727
