0 0.394118 0.127273 0.541176 0.140909
0 0.658824 0.268182 0.805882 0.281818
0 0.235294 0.291414 0.251634 0.304040
0 0.411765 0.291414 0.428105 0.304040
0 0.058824 0.348182 0.494118 0.368182
0 0.505882 0.348182 0.641176 0.368182
0 0.652941 0.348182 0.788235 0.368182
0 0.800000 0.348182 0.941176 0.368182
0 0.058824 0.407273 0.788235 0.427273
0 0.800000 0.407273 0.941176 0.427273
0 0.794118 0.455050 0.810458 0.467677
0 0.870588 0.455050 0.886928 0.467677
0 0.794118 0.505051 0.810458 0.517677
0 0.870588 0.505051 0.886928 0.517677
0 0.058824 0.570909 0.358824 0.590909
0 0.364706 0.570909 0.652941 0.590909
0 0.658819 0.570909 0.941172 0.590909
0 0.058824 0.607273 0.358824 0.627273
0 0.364706 0.607273 0.647059 0.627273
0 0.658819 0.607273 0.941172 0.627273
0 0.058824 0.643636 0.941176 0.663636
0 0.082353 0.680000 0.647059 0.700000
0 0.058824 0.739091 0.523529 0.759091
0 0.535294 0.739091 0.788235 0.759091
0 0.800000 0.739091 0.941176 0.759091
