0 0.058826 0.133845 0.728215 0.151524
0 0.729440 0.133845 0.941213 0.151524
0 0.058826 0.164147 0.728215 0.181826
0 0.729440 0.164147 0.941213 0.181826
0 0.058826 0.194452 0.941213 0.212131
0 0.082683 0.229806 0.095755 0.239907
0 0.106213 0.260112 0.119286 0.270213
0 0.106213 0.275262 0.119286 0.285364
0 0.082683 0.305568 0.095755 0.315669
0 0.082683 0.320719 0.095755 0.330820
0 0.058826 0.363651 0.482372 0.378806
0 0.529433 0.363651 0.941213 0.378806
0 0.058826 0.512647 0.492911 0.545477
0 0.058826 0.558103 0.492911 0.590933
0 0.495771 0.512647 0.941213 0.545477
0 0.495771 0.558103 0.941213 0.590933
0 0.258834 0.606084 0.494137 0.621235
0 0.694145 0.606084 0.941213 0.621235
0 0.388251 0.863671 0.717675 0.878826
0 0.388251 0.909128 0.717675 0.924282
