0 0.563636 0.120913 0.573737 0.133985
0 0.609091 0.120913 0.619192 0.133985
0 0.563636 0.140520 0.573737 0.153591
0 0.609091 0.140520 0.619192 0.153591
0 0.563636 0.160126 0.573737 0.173198
0 0.609091 0.160126 0.619192 0.173198
0 0.563636 0.218954 0.573737 0.232026
0 0.609091 0.218954 0.619192 0.232026
0 0.054545 0.254900 0.645455 0.313724
0 0.018182 0.333330 0.109091 0.372547
0 0.109091 0.333330 0.272727 0.372547
0 0.272727 0.333330 0.463636 0.372547
0 0.463636 0.333330 0.645455 0.372547
0 0.563636 0.375814 0.573737 0.388886
0 0.609091 0.375814 0.619192 0.388886
