0 0.058826 0.136370 0.516442 0.151524
0 0.519301 0.136370 0.751745 0.151524
0 0.752971 0.136369 0.811797 0.151520
0 0.811797 0.136369 0.870622 0.151520
0 0.870622 0.136369 0.941213 0.151520
0 0.705910 0.242434 0.822336 0.257587
0 0.823562 0.242434 0.941213 0.257587
0 0.705910 0.272740 0.822336 0.287893
0 0.823562 0.272740 0.941213 0.287893
0 0.705910 0.303045 0.822336 0.318198
0 0.823562 0.303045 0.941213 0.318198
0 0.705910 0.333351 0.822336 0.348504
0 0.823562 0.333351 0.941213 0.348504
0 0.705910 0.363656 0.822336 0.378809
0 0.823562 0.363656 0.941213 0.378809
0 0.705910 0.393962 0.822336 0.409115
0 0.823562 0.393962 0.941213 0.409115
0 0.705910 0.515170 0.822336 0.530322
0 0.823562 0.515170 0.941213 0.530322
0 0.705910 0.606083 0.822336 0.621235
0 0.823562 0.606083 0.941213 0.621235
0 0.705910 0.681843 0.822336 0.696997
0 0.823562 0.681843 0.941213 0.696997
0 0.823562 0.727302 0.941213 0.742453
