0 0.029412 0.089091 0.558824 0.104545
0 0.570588 0.089091 0.970588 0.104545
0 0.029412 0.122727 0.317647 0.136364
0 0.329412 0.122727 0.558824 0.136364
0 0.570588 0.127273 0.758824 0.140909
0 0.770588 0.127273 0.970588 0.140909
0 0.029412 0.225000 0.047059 0.238636
0 0.117647 0.225000 0.135294 0.238636
0 0.247059 0.225000 0.264706 0.238636
0 0.311765 0.225000 0.329412 0.238636
0 0.452941 0.222727 0.552941 0.240909
0 0.258386 0.245455 0.347059 0.259091
0 0.438489 0.245455 0.552941 0.259091
0 0.069042 0.279134 0.388235 0.292770
0 0.438609 0.279134 0.552941 0.292770
0 0.570588 0.190909 0.588235 0.204545
0 0.635294 0.267273 0.911765 0.281818
0 0.029412 0.311818 0.329412 0.327273
0 0.341176 0.311818 0.558824 0.327273
0 0.717647 0.295455 0.970588 0.313636
0 0.582353 0.313636 0.691176 0.327273
0 0.241176 0.329545 0.258824 0.343182
0 0.335294 0.329545 0.352941 0.343182
0 0.470588 0.329545 0.488235 0.343182
0 0.535294 0.329545 0.552941 0.343182
0 0.670588 0.327273 0.970588 0.345455
0 0.411765 0.345455 0.517647 0.363636
0 0.605882 0.345455 0.735294 0.363636
0 0.841176 0.363636 0.970588 0.377273
0 0.029412 0.395455 0.341176 0.409091
0 0.352941 0.395455 0.658824 0.409091
0 0.670588 0.395455 0.970588 0.409091
0 0.029412 0.409091 0.341176 0.422727
0 0.352941 0.409091 0.658824 0.422727
0 0.670588 0.409091 0.970588 0.422727
0 0.029412 0.698182 0.964706 0.713636
0 0.411765 0.730000 0.817647 0.745455
0 0.829412 0.730000 0.970588 0.745455
0 0.829412 0.761818 0.970588 0.777273
0 0.347059 0.780000 0.376471 0.795455
0 0.388235 0.780000 0.417647 0.795455
0 0.429412 0.780000 0.458824 0.795455
0 0.470588 0.780000 0.500000 0.795455
0 0.088235 0.815909 0.105882 0.829545
0 0.088235 0.834091 0.105882 0.847727
0 0.088235 0.852273 0.105882 0.865909
0 0.347059 0.815909 0.364706 0.829545
0 0.347059 0.834091 0.364706 0.847727
0 0.347059 0.852273 0.364706 0.865909
0 0.264706 0.868182 0.288235 0.886364
0 0.294118 0.868182 0.317647 0.886364
0 0.323529 0.868182 0.347059 0.886364
0 0.352941 0.868182 0.376471 0.886364
0 0.382353 0.868182 0.405882 0.886364
0 0.411765 0.868182 0.435294 0.886364
0 0.194118 0.886364 0.288235 0.904545
0 0.088235 0.905556 0.105882 0.919192
0 0.647059 0.777273 0.758824 0.795455
0 0.876471 0.777273 0.970588 0.795455
0 0.576471 0.795455 0.758824 0.813636
0 0.811765 0.795455 0.970588 0.813636
0 0.541176 0.847727 0.558824 0.861364
0 0.541176 0.865909 0.558824 0.879545
0 0.541176 0.884091 0.558824 0.897727
0 0.541176 0.902273 0.558824 0.915909
0 0.088235 0.939091 0.817647 0.953636
0 0.829412 0.939091 0.970588 0.954545
0 0.371368 0.977043 0.646180 0.995225
