0 0.564728 0.151521 0.658849 0.166675
0 0.658849 0.151521 0.752971 0.166675
0 0.752971 0.151521 0.847092 0.166675
0 0.847092 0.151521 0.941213 0.166675
0 0.564728 0.181827 0.658849 0.196980
0 0.658849 0.181827 0.752971 0.196980
0 0.752971 0.181827 0.847092 0.196980
0 0.847092 0.181827 0.941213 0.196980
0 0.564728 0.212132 0.658849 0.227286
0 0.658849 0.212132 0.752971 0.227286
0 0.752971 0.212132 0.847092 0.227286
0 0.847092 0.212132 0.941213 0.227286
0 0.581069 0.242438 0.657624 0.257599
0 0.675190 0.242438 0.751745 0.257599
0 0.769311 0.242438 0.845867 0.257599
0 0.863433 0.242438 0.941213 0.257599
0 0.564728 0.272751 0.658849 0.287904
0 0.658849 0.272751 0.752971 0.287904
0 0.752971 0.272751 0.847092 0.287904
0 0.847092 0.272751 0.941213 0.287904
0 0.581069 0.303056 0.657624 0.318210
0 0.675190 0.303056 0.751745 0.318210
0 0.769311 0.303056 0.845867 0.318210
0 0.863433 0.303056 0.941213 0.318210
0 0.564728 0.333362 0.658849 0.348515
0 0.658849 0.333362 0.752971 0.348515
0 0.752971 0.333362 0.847092 0.348515
0 0.847092 0.333362 0.941213 0.348515
0 0.581069 0.363668 0.657624 0.378821
0 0.675190 0.363668 0.751745 0.378821
0 0.769311 0.363668 0.845867 0.378821
0 0.863433 0.363668 0.941213 0.378821
0 0.564728 0.393973 0.658849 0.409126
0 0.658849 0.393973 0.752971 0.409126
0 0.752971 0.393973 0.847092 0.409126
0 0.847092 0.393973 0.941213 0.409126
0 0.581069 0.424279 0.657624 0.439450
0 0.675190 0.424279 0.751745 0.439450
0 0.769311 0.424279 0.845867 0.439450
0 0.863433 0.424279 0.941213 0.439450
0 0.564728 0.454602 0.658849 0.469755
0 0.658849 0.454602 0.752971 0.469755
0 0.752971 0.454602 0.847092 0.469755
0 0.847092 0.454602 0.941213 0.469755
0 0.581069 0.484907 0.657624 0.504979
0 0.675190 0.484907 0.751745 0.504979
0 0.768502 0.484907 0.845867 0.504979
0 0.862624 0.484907 0.941213 0.504979
0 0.564728 0.520131 0.658849 0.535284
0 0.658849 0.520131 0.752971 0.535284
0 0.752971 0.520131 0.847092 0.535284
0 0.847092 0.520131 0.941213 0.535284
0 0.581069 0.550436 0.657624 0.565590
0 0.675190 0.550436 0.751745 0.565590
0 0.769311 0.550436 0.845867 0.565590
0 0.863433 0.550436 0.941213 0.565590
0 0.564728 0.580742 0.658849 0.595895
0 0.658849 0.580742 0.752971 0.595895
0 0.752971 0.580742 0.847092 0.595895
0 0.847092 0.580742 0.941213 0.595895
0 0.581069 0.611047 0.657624 0.626201
0 0.675190 0.611047 0.751745 0.626201
0 0.769311 0.611047 0.845867 0.626201
0 0.863433 0.611047 0.941213 0.626201
0 0.564728 0.641353 0.658849 0.656506
0 0.658849 0.641353 0.752971 0.656506
0 0.752971 0.641353 0.847092 0.656506
0 0.847092 0.641353 0.941213 0.656506
0 0.581069 0.671658 0.657624 0.686812
0 0.675190 0.671658 0.751745 0.686812
0 0.769311 0.671658 0.845867 0.686812
0 0.863433 0.671658 0.941213 0.686812
0 0.581069 0.701964 0.657624 0.717117
0 0.675190 0.701964 0.751745 0.717117
0 0.769311 0.701964 0.845867 0.717117
0 0.863433 0.701964 0.941213 0.717117
0 0.863433 0.742453 0.941213 0.757604
