0 0.552963 0.196976 0.645859 0.212127
0 0.647084 0.196976 0.739980 0.212127
0 0.741206 0.196976 0.834101 0.212127
0 0.835327 0.196976 0.941213 0.212127
0 0.552963 0.212127 0.645859 0.227278
0 0.647084 0.212127 0.739980 0.227278
0 0.741206 0.212127 0.834101 0.227278
0 0.835327 0.212127 0.941213 0.227278
0 0.552963 0.227278 0.645859 0.242429
0 0.647084 0.227278 0.739980 0.242429
0 0.741206 0.227278 0.834101 0.242429
0 0.835327 0.227278 0.941213 0.242429
0 0.552963 0.257581 0.645859 0.272735
0 0.647084 0.257581 0.739980 0.272735
0 0.741206 0.257581 0.834101 0.272735
0 0.835327 0.257581 0.941213 0.272735
0 0.552963 0.287885 0.645859 0.303036
0 0.647084 0.287885 0.739980 0.303036
0 0.741206 0.287885 0.834101 0.303036
0 0.835327 0.287885 0.941213 0.303036
0 0.552963 0.303036 0.645859 0.318187
0 0.647084 0.303036 0.739980 0.318187
0 0.741206 0.303036 0.834101 0.318187
0 0.835327 0.303036 0.941213 0.318187
0 0.552963 0.318187 0.645859 0.333338
0 0.647084 0.318187 0.739980 0.333338
0 0.741206 0.318187 0.834101 0.333338
0 0.835327 0.318187 0.941213 0.333338
0 0.552963 0.348490 0.645859 0.363643
0 0.647084 0.348490 0.739980 0.363643
0 0.741206 0.348490 0.834101 0.363643
0 0.835327 0.348490 0.941213 0.363643
0 0.552963 0.378796 0.645859 0.393949
0 0.647084 0.378796 0.739980 0.393949
0 0.741206 0.378796 0.834101 0.393949
0 0.835327 0.378796 0.941213 0.393949
0 0.552963 0.409101 0.645859 0.424255
0 0.647084 0.409101 0.739980 0.424255
0 0.741206 0.409101 0.834101 0.424255
0 0.835327 0.409101 0.941213 0.424255
0 0.552963 0.424255 0.645859 0.439405
0 0.647084 0.424255 0.739980 0.439405
0 0.741206 0.424255 0.834101 0.439405
0 0.835327 0.424255 0.941213 0.439405
0 0.552963 0.439405 0.645859 0.454556
0 0.647084 0.439405 0.739980 0.454556
0 0.741206 0.439405 0.834101 0.454556
0 0.835327 0.439405 0.941213 0.454556
0 0.552963 0.454556 0.645859 0.469707
0 0.647084 0.454556 0.739980 0.469707
0 0.741206 0.454556 0.834101 0.469707
0 0.835327 0.454556 0.941213 0.469707
0 0.552963 0.469707 0.645859 0.484858
0 0.647084 0.469707 0.739980 0.484858
0 0.741206 0.469707 0.834101 0.484858
0 0.835327 0.469707 0.941213 0.484858
0 0.552963 0.484858 0.645859 0.500009
0 0.647084 0.484858 0.739980 0.500009
0 0.741206 0.484858 0.834101 0.500009
0 0.835327 0.484858 0.941213 0.500009
0 0.552963 0.530313 0.645859 0.545465
0 0.647084 0.530313 0.739980 0.545465
0 0.741206 0.530313 0.834101 0.545465
0 0.835327 0.530313 0.941213 0.545465
0 0.552963 0.560617 0.645859 0.575771
0 0.647084 0.560617 0.739980 0.575771
0 0.741206 0.560617 0.834101 0.575771
0 0.835327 0.545465 0.941213 0.575771
0 0.552963 0.590923 0.645859 0.606076
0 0.647084 0.590923 0.739980 0.606076
0 0.741206 0.590923 0.834101 0.606076
0 0.835327 0.575771 0.941213 0.606076
0 0.552963 0.621228 0.645859 0.636382
0 0.647084 0.621228 0.739980 0.636382
0 0.741206 0.621228 0.834101 0.636382
0 0.835327 0.606076 0.941213 0.636382
0 0.552963 0.636382 0.645859 0.651533
0 0.647084 0.636382 0.739980 0.651533
0 0.741206 0.636382 0.834101 0.651533
0 0.835327 0.636382 0.941213 0.651533
0 0.552963 0.651533 0.645859 0.666683
0 0.647084 0.651533 0.739980 0.666683
0 0.741206 0.651533 0.834101 0.666683
0 0.835327 0.651533 0.941213 0.666683
0 0.552963 0.696988 0.645859 0.712140
0 0.647084 0.696988 0.739980 0.712140
0 0.741206 0.696988 0.834101 0.712140
0 0.835327 0.696988 0.941213 0.712140
0 0.552963 0.727292 0.645859 0.742445
0 0.647084 0.727292 0.739980 0.742445
0 0.741206 0.727292 0.834101 0.742445
0 0.835327 0.727292 0.941213 0.742445
0 0.552963 0.742445 0.645859 0.757596
0 0.647084 0.742445 0.739980 0.757596
0 0.741206 0.742445 0.834101 0.757596
0 0.835327 0.742445 0.941213 0.757596
0 0.552963 0.757596 0.645859 0.772747
0 0.647084 0.757596 0.739980 0.772747
0 0.741206 0.757596 0.834101 0.772747
0 0.835327 0.757596 0.941213 0.772747
0 0.552963 0.787899 0.645859 0.803053
0 0.647084 0.787899 0.739980 0.803053
0 0.741206 0.787899 0.834101 0.803053
0 0.835327 0.787899 0.941213 0.803053
0 0.552963 0.818205 0.645859 0.833358
0 0.647084 0.818205 0.739980 0.833358
0 0.741206 0.818205 0.834101 0.833358
0 0.835327 0.818205 0.941213 0.833358
