0 0.600024 0.090913 0.647084 0.106064
0 0.693651 0.090913 0.741206 0.106064
0 0.788266 0.090913 0.847092 0.106064
0 0.894153 0.090913 0.941213 0.106064
0 0.552963 0.136370 0.645859 0.151524
0 0.647084 0.136370 0.739980 0.151524
0 0.741206 0.136370 0.845867 0.151524
0 0.847092 0.136370 0.941213 0.151524
0 0.552963 0.151524 0.645859 0.166675
0 0.647084 0.151524 0.739980 0.166675
0 0.741206 0.151524 0.845867 0.166675
0 0.847092 0.151524 0.941213 0.166675
0 0.552963 0.166675 0.645859 0.181826
0 0.647084 0.166675 0.739980 0.181826
0 0.741206 0.166675 0.845867 0.181826
0 0.847092 0.166675 0.941213 0.181826
0 0.552963 0.181826 0.645859 0.196976
0 0.647084 0.181826 0.739980 0.196976
0 0.741206 0.181826 0.845867 0.196976
0 0.847092 0.181826 0.941213 0.196976
0 0.552963 0.196976 0.645859 0.212127
0 0.647084 0.196976 0.739980 0.212127
0 0.741206 0.196976 0.845867 0.212127
0 0.847092 0.196976 0.941213 0.212127
0 0.552963 0.242432 0.645859 0.257584
0 0.647084 0.242432 0.739980 0.257584
0 0.741206 0.242432 0.845867 0.257584
0 0.847092 0.242432 0.941213 0.257584
0 0.552963 0.272736 0.645859 0.287889
0 0.647084 0.272736 0.739980 0.287889
0 0.741206 0.272736 0.845867 0.287889
0 0.847092 0.272736 0.941213 0.287889
0 0.552963 0.287889 0.645859 0.303040
0 0.647084 0.287889 0.739980 0.303040
0 0.741206 0.287889 0.845867 0.303040
0 0.847092 0.287889 0.941213 0.303040
0 0.552963 0.303040 0.645859 0.318191
0 0.647084 0.303040 0.739980 0.318191
0 0.741206 0.303040 0.845867 0.318191
0 0.847092 0.303040 0.941213 0.318191
0 0.552963 0.333343 0.645859 0.348496
0 0.647084 0.333343 0.739980 0.348496
0 0.741206 0.333343 0.845867 0.348496
0 0.847092 0.333343 0.941213 0.348496
0 0.552963 0.363649 0.645859 0.378802
0 0.647084 0.363649 0.739980 0.378802
0 0.741206 0.363649 0.845867 0.378802
0 0.847092 0.363649 0.941213 0.378802
0 0.645450 0.378802 0.647084 0.393953
0 0.739571 0.378802 0.741206 0.393953
0 0.845458 0.378802 0.847092 0.393953
0 0.939579 0.378802 0.941213 0.393953
0 0.552963 0.393953 0.645859 0.409104
0 0.647084 0.393953 0.739980 0.409104
0 0.741206 0.393953 0.845867 0.409104
0 0.847092 0.393953 0.941213 0.409104
0 0.552963 0.500020 0.645859 0.515171
0 0.647084 0.500020 0.739980 0.515171
0 0.741206 0.500020 0.845867 0.515171
0 0.847092 0.500020 0.941213 0.515171
0 0.552963 0.515171 0.645859 0.545477
0 0.647084 0.530323 0.739980 0.545477
0 0.741206 0.530323 0.845867 0.545477
0 0.847092 0.530323 0.941213 0.545477
0 0.552963 0.560629 0.645859 0.575782
0 0.647084 0.560629 0.739980 0.575782
0 0.741206 0.560629 0.845867 0.575782
0 0.847092 0.560629 0.941213 0.575782
0 0.552963 0.606086 0.645859 0.621238
0 0.647084 0.606086 0.739980 0.621238
0 0.741206 0.606086 0.845867 0.621238
0 0.847092 0.606086 0.941213 0.621238
0 0.552963 0.621238 0.645859 0.651544
0 0.647084 0.636391 0.739980 0.651544
0 0.741206 0.636391 0.845867 0.651544
0 0.847092 0.636391 0.941213 0.651544
0 0.552963 0.651544 0.645859 0.666695
0 0.647084 0.651544 0.739980 0.666695
0 0.741206 0.651544 0.845867 0.666695
0 0.847092 0.651544 0.941213 0.666695
0 0.552963 0.681847 0.645859 0.697000
0 0.647084 0.681847 0.739980 0.697000
0 0.741206 0.681847 0.845867 0.697000
0 0.847092 0.681847 0.941213 0.697000
