0 0.154581 0.118690 0.669389 0.136369
0 0.680744 0.118062 0.731074 0.134476
0 0.739570 0.118062 0.914412 0.134476
0 0.154581 0.148996 0.729440 0.166675
0 0.154581 0.179301 0.729440 0.212131
0 0.058826 0.231070 0.071898 0.241171
0 0.529433 0.231070 0.542505 0.241171
0 0.058826 0.270214 0.071898 0.280316
0 0.241186 0.265161 0.470607 0.280312
0 0.529433 0.320719 0.542505 0.330820
0 0.764736 0.416685 0.941213 0.431836
0 0.764736 0.431836 0.905918 0.446987
0 0.911800 0.431836 0.939988 0.446987
0 0.764736 0.446987 0.905918 0.462137
0 0.911800 0.446987 0.939988 0.462137
0 0.764736 0.462141 0.905918 0.477292
0 0.911800 0.462141 0.939988 0.477292
0 0.764736 0.477292 0.905918 0.492443
0 0.911800 0.477292 0.939988 0.492443
0 0.152947 0.518327 0.166020 0.528428
0 0.361779 0.518327 0.374851 0.528428
0 0.764736 0.515171 0.905918 0.530322
0 0.911800 0.515171 0.939988 0.530322
0 0.341190 0.578306 0.354262 0.588408
0 0.505902 0.578306 0.518975 0.588408
0 0.924873 0.646491 0.937945 0.656592
0 0.341190 0.659118 0.941213 0.674268
0 0.482372 0.681846 0.717675 0.696997
0 0.200008 0.712151 0.494137 0.727302
0 0.541198 0.712151 0.600024 0.727302
0 0.682380 0.712151 0.847092 0.727302
0 0.870622 0.712151 0.935331 0.727302
0 0.694145 0.745608 0.707217 0.755710
0 0.894153 0.745608 0.907225 0.755710
0 0.247069 0.772758 0.458841 0.787909
0 0.529433 0.772758 0.682380 0.787909
0 0.823562 0.769155 0.941213 0.784306
0 0.176478 0.833366 0.588258 0.848520
0 0.717675 0.848520 0.941213 0.863671
0 0.154581 0.891450 0.398790 0.909128
0 0.780423 0.876299 0.793495 0.886401
0 0.823562 0.893975 0.941213 0.909128
0 0.294129 0.909128 0.692919 0.924279
0 0.811797 0.909128 0.941213 0.924279
0 0.305894 0.924279 0.692919 0.939429
0 0.811797 0.924279 0.941213 0.939429
