0 0.245434 0.212127 0.247069 0.227278
0 0.327791 0.212127 0.329425 0.227278
0 0.410147 0.212127 0.411781 0.227278
0 0.423546 0.212127 0.516442 0.227278
0 0.529433 0.212127 0.622328 0.227278
0 0.623554 0.212127 0.717675 0.227278
0 0.717675 0.212127 0.811797 0.227278
0 0.823562 0.212127 0.916457 0.227278
0 0.245434 0.227278 0.247069 0.242429
0 0.327791 0.227278 0.329425 0.242429
0 0.410147 0.227278 0.411781 0.242429
0 0.411781 0.227278 0.516442 0.242429
0 0.517667 0.227278 0.622328 0.242429
0 0.623554 0.227278 0.717675 0.242429
0 0.717675 0.227278 0.811797 0.242429
0 0.811797 0.227278 0.916457 0.242429
0 0.245434 0.242429 0.247069 0.257580
0 0.327791 0.242429 0.329425 0.257580
0 0.410147 0.242429 0.411781 0.257580
0 0.411781 0.242429 0.516442 0.257580
0 0.517667 0.242429 0.622328 0.257580
0 0.623554 0.242429 0.717675 0.257580
0 0.717675 0.242429 0.811797 0.257580
0 0.811797 0.242429 0.916457 0.257580
0 0.245434 0.257580 0.247069 0.272731
0 0.327791 0.257580 0.329425 0.272731
0 0.410147 0.257580 0.411781 0.272731
0 0.411781 0.257580 0.516442 0.272731
0 0.517667 0.257580 0.622328 0.272731
0 0.623554 0.257580 0.717675 0.272731
0 0.717675 0.257580 0.811797 0.272731
0 0.811797 0.257580 0.916457 0.272731
0 0.245434 0.272731 0.247069 0.287882
0 0.327791 0.272731 0.329425 0.287882
0 0.410147 0.272731 0.411781 0.287882
0 0.411781 0.272731 0.516442 0.287882
0 0.517667 0.272731 0.622328 0.287882
0 0.623554 0.272731 0.717675 0.287882
0 0.717675 0.272731 0.811797 0.287882
0 0.811797 0.272731 0.916457 0.287882
0 0.245434 0.287882 0.247069 0.303032
0 0.327791 0.287882 0.329425 0.303032
0 0.410147 0.287882 0.411781 0.303032
0 0.411781 0.287882 0.516442 0.303032
0 0.517667 0.287882 0.622328 0.303032
0 0.623554 0.287882 0.717675 0.303032
0 0.717675 0.287882 0.811797 0.303032
0 0.811797 0.287882 0.916457 0.303032
0 0.245434 0.303032 0.247069 0.318183
0 0.327791 0.303032 0.329425 0.318183
0 0.410147 0.303032 0.411781 0.318183
0 0.411781 0.303032 0.516442 0.318183
0 0.517667 0.303032 0.622328 0.318183
0 0.623554 0.303032 0.717675 0.318183
0 0.717675 0.303032 0.811797 0.318183
0 0.811797 0.303032 0.916457 0.318183
0 0.245434 0.318183 0.247069 0.333334
0 0.327791 0.318183 0.329425 0.333334
0 0.410147 0.318183 0.411781 0.333334
0 0.411781 0.318183 0.516442 0.333334
0 0.517667 0.318183 0.622328 0.333334
0 0.623554 0.318183 0.717675 0.333334
0 0.717675 0.318183 0.811797 0.333334
0 0.811797 0.318183 0.916457 0.333334
0 0.245434 0.333334 0.247069 0.348485
0 0.327791 0.333334 0.329425 0.348485
0 0.410147 0.333334 0.411781 0.348485
0 0.411781 0.333334 0.516442 0.348485
0 0.517667 0.333334 0.622328 0.348485
0 0.623554 0.333334 0.717675 0.348485
0 0.717675 0.333334 0.811797 0.348485
0 0.811797 0.333334 0.916457 0.348485
0 0.245434 0.348485 0.247069 0.363636
0 0.327791 0.348485 0.329425 0.363636
0 0.410147 0.348485 0.411781 0.363636
0 0.411781 0.348485 0.516442 0.363636
0 0.517667 0.348485 0.622328 0.363636
0 0.623554 0.348485 0.717675 0.363636
0 0.717675 0.348485 0.811797 0.363636
0 0.811797 0.348485 0.916457 0.363636
0 0.245434 0.363636 0.247069 0.378787
0 0.327791 0.363636 0.329425 0.378787
0 0.410147 0.363636 0.411781 0.378787
0 0.411781 0.363636 0.516442 0.378787
0 0.517667 0.363636 0.622328 0.378787
0 0.623554 0.363636 0.717675 0.378787
0 0.717675 0.363636 0.811797 0.378787
0 0.811797 0.363636 0.916457 0.378787
0 0.245434 0.378787 0.247069 0.393938
0 0.327791 0.378787 0.329425 0.393938
0 0.410147 0.378787 0.411781 0.393938
0 0.411781 0.378787 0.516442 0.393938
0 0.517667 0.378787 0.622328 0.393938
0 0.623554 0.378787 0.717675 0.393938
0 0.717675 0.378787 0.811797 0.393938
0 0.811797 0.378787 0.916457 0.393938
0 0.245434 0.393938 0.247069 0.409089
0 0.327791 0.393938 0.329425 0.409089
0 0.410147 0.393938 0.411781 0.409089
0 0.411781 0.393938 0.516442 0.409089
0 0.517667 0.393938 0.622328 0.409089
0 0.623554 0.393938 0.717675 0.409089
0 0.717675 0.393938 0.811797 0.409089
0 0.811797 0.393938 0.916457 0.409089
0 0.245434 0.409089 0.247069 0.424239
0 0.327791 0.409089 0.329425 0.424239
0 0.410147 0.409089 0.411781 0.424239
0 0.411781 0.409089 0.516442 0.424239
0 0.517667 0.409089 0.622328 0.424239
0 0.623554 0.409089 0.717675 0.424239
0 0.717675 0.409089 0.811797 0.424239
0 0.811797 0.409089 0.916457 0.424239
0 0.245434 0.424239 0.247069 0.439390
0 0.327791 0.424239 0.329425 0.439390
0 0.410147 0.424239 0.411781 0.439390
0 0.411781 0.424239 0.516442 0.439390
0 0.517667 0.424239 0.622328 0.439390
0 0.623554 0.424239 0.717675 0.439390
0 0.717675 0.424239 0.811797 0.439390
0 0.811797 0.424239 0.916457 0.439390
0 0.245434 0.439390 0.247069 0.454541
0 0.327791 0.439390 0.329425 0.454541
0 0.410147 0.439390 0.411781 0.454541
0 0.411781 0.439390 0.516442 0.454541
0 0.517667 0.439390 0.622328 0.454541
0 0.623554 0.439390 0.717675 0.454541
0 0.717675 0.439390 0.811797 0.454541
0 0.811797 0.439390 0.916457 0.454541
0 0.245434 0.454541 0.247069 0.469692
0 0.327791 0.454541 0.329425 0.469692
0 0.410147 0.454541 0.411781 0.469692
0 0.411781 0.454541 0.516442 0.469692
0 0.517667 0.454541 0.622328 0.469692
0 0.623554 0.454541 0.717675 0.469692
0 0.717675 0.454541 0.811797 0.469692
0 0.811797 0.454541 0.916457 0.469692
0 0.245434 0.469692 0.247069 0.484843
0 0.327791 0.469692 0.329425 0.484843
0 0.410147 0.469692 0.411781 0.484843
0 0.411781 0.469692 0.516442 0.484843
0 0.517667 0.469692 0.622328 0.484843
0 0.623554 0.469692 0.717675 0.484843
0 0.717675 0.469692 0.811797 0.484843
0 0.811797 0.469692 0.916457 0.484843
0 0.245434 0.484843 0.247069 0.499994
0 0.327791 0.484843 0.329425 0.499994
0 0.410147 0.484843 0.411781 0.499994
0 0.411781 0.484843 0.516442 0.499994
0 0.517667 0.484843 0.622328 0.499994
0 0.623554 0.484843 0.717675 0.499994
0 0.717675 0.484843 0.811797 0.499994
0 0.811797 0.484843 0.916457 0.499994
0 0.245434 0.499994 0.247069 0.515145
0 0.327791 0.499994 0.329425 0.515145
0 0.410147 0.499994 0.411781 0.515145
0 0.411781 0.499994 0.516442 0.515145
0 0.517667 0.499994 0.622328 0.515145
0 0.623554 0.499994 0.717675 0.515145
0 0.717675 0.499994 0.811797 0.515145
0 0.811797 0.499994 0.916457 0.515145
0 0.245434 0.515145 0.247069 0.530295
0 0.327791 0.515145 0.329425 0.530295
0 0.410147 0.515145 0.411781 0.530295
0 0.411781 0.515145 0.516442 0.530295
0 0.517667 0.515145 0.622328 0.530295
0 0.623554 0.515145 0.717675 0.530295
0 0.717675 0.515145 0.811797 0.530295
0 0.811797 0.515145 0.916457 0.530295
0 0.245434 0.530295 0.247069 0.545446
0 0.327791 0.530295 0.329425 0.545446
0 0.410147 0.530295 0.411781 0.545446
0 0.411781 0.530295 0.516442 0.545446
0 0.517667 0.530295 0.622328 0.545446
0 0.623554 0.530295 0.717675 0.545446
0 0.717675 0.530295 0.811797 0.545446
0 0.811797 0.530295 0.916457 0.545446
0 0.625188 0.575781 0.810162 0.590933
0 0.823562 0.575781 0.916457 0.590933
0 0.623554 0.606085 0.717675 0.621238
0 0.717675 0.606085 0.811797 0.621238
