0 0.611789 0.078286 0.624861 0.088387
0 0.694145 0.078286 0.707217 0.088387
0 0.105887 0.121218 0.235303 0.150261
0 0.247069 0.121218 0.376485 0.150261
0 0.388251 0.121218 0.517667 0.150261
0 0.529433 0.121218 0.658849 0.150261
0 0.670615 0.121218 0.800031 0.150261
0 0.811797 0.121218 0.941213 0.150261
0 0.588258 0.191927 0.601331 0.202028
0 0.670615 0.191927 0.683687 0.202028
0 0.588258 0.290413 0.601331 0.300515
0 0.670615 0.290413 0.683687 0.300515
0 0.588258 0.335870 0.601331 0.345971
0 0.670615 0.335870 0.683687 0.345971
0 0.588258 0.366175 0.601331 0.376277
0 0.670615 0.366175 0.683687 0.376277
0 0.588258 0.411632 0.601331 0.421733
0 0.670615 0.411632 0.683687 0.421733
0 0.258834 0.441937 0.271906 0.452038
0 0.341190 0.441937 0.354262 0.452038
0 0.105887 0.454568 0.188243 0.483610
0 0.200008 0.454568 0.282364 0.483610
0 0.294129 0.454568 0.376485 0.483610
0 0.388251 0.454568 0.470607 0.483610
0 0.482372 0.454568 0.564728 0.483610
0 0.258834 0.502548 0.271906 0.512650
0 0.341190 0.502548 0.354262 0.512650
0 0.105887 0.515179 0.188243 0.544221
0 0.200008 0.515179 0.282364 0.544221
0 0.294129 0.515179 0.376485 0.544221
0 0.388251 0.515179 0.470607 0.544221
0 0.482372 0.515179 0.564728 0.544221
