0 0.754248 0.075759 0.800000 0.090909
0 0.705882 0.121213 0.788397 0.136364
0 0.817431 0.121213 0.858823 0.136364
0 0.705057 0.136364 0.788235 0.151514
0 0.817431 0.136364 0.858823 0.151514
0 0.270588 0.032828 0.283660 0.042929
0 0.388235 0.032828 0.401307 0.042929
0 0.062092 0.060606 0.433660 0.166668
0 0.062092 0.181819 0.433660 0.196972
0 0.062092 0.212120 0.433660 0.227273
0 0.062092 0.242424 0.433660 0.303032
0 0.436928 0.181819 0.810131 0.196972
0 0.436928 0.212120 0.810131 0.227273
0 0.436928 0.242424 0.621895 0.257577
0 0.625163 0.242424 0.810131 0.257577
0 0.436928 0.287880 0.810131 0.303032
