0 0.199379 0.106064 0.235303 0.121215
0 0.387270 0.106064 0.576493 0.121215
0 0.609174 0.106064 0.635319 0.121215
0 0.697413 0.106064 0.882388 0.121215
0 0.915069 0.106064 0.941213 0.121215
0 0.131051 0.133845 0.704684 0.151524
0 0.705910 0.133845 0.941213 0.151524
0 0.131051 0.164147 0.941213 0.181826
0 0.131051 0.194452 0.941213 0.212131
0 0.094121 0.257587 0.351729 0.272738
0 0.352955 0.257587 0.458841 0.272738
0 0.458841 0.257587 0.564728 0.272738
0 0.564728 0.257587 0.692919 0.272738
0 0.694145 0.257587 0.810571 0.272738
0 0.811797 0.257587 0.941213 0.272738
0 0.058826 0.272738 0.351729 0.287889
0 0.352955 0.272738 0.458841 0.287889
0 0.458841 0.272738 0.564728 0.287889
0 0.564728 0.272738 0.692919 0.287889
0 0.694145 0.272738 0.810571 0.287889
0 0.811797 0.272738 0.941213 0.287889
0 0.058826 0.287889 0.351729 0.303040
0 0.352955 0.287889 0.458841 0.303040
0 0.458841 0.287889 0.564728 0.303040
0 0.564728 0.287889 0.692919 0.303040
0 0.694145 0.287889 0.810571 0.303040
0 0.811797 0.287889 0.941213 0.303040
0 0.058826 0.303040 0.351729 0.318191
0 0.352955 0.303040 0.458841 0.318191
0 0.458841 0.303040 0.564728 0.318191
0 0.564728 0.303040 0.692919 0.318191
0 0.694145 0.303040 0.810571 0.318191
0 0.811797 0.303040 0.941213 0.318191
0 0.058826 0.318191 0.351729 0.333342
0 0.352955 0.318191 0.458841 0.333342
0 0.458841 0.318191 0.564728 0.333342
0 0.564728 0.318191 0.692919 0.333342
0 0.694145 0.318191 0.810571 0.333342
0 0.811797 0.318191 0.941213 0.333342
0 0.058826 0.333342 0.351729 0.348493
0 0.352955 0.333342 0.458841 0.348493
0 0.458841 0.333342 0.564728 0.348493
0 0.564728 0.333342 0.692919 0.348493
0 0.694145 0.333342 0.810571 0.348493
0 0.811797 0.333342 0.941213 0.348493
0 0.811797 0.348500 0.941213 0.363651
0 0.818333 0.378802 0.934677 0.393953
0 0.811797 0.409107 0.941213 0.424258
0 0.094121 0.439409 0.351729 0.454560
0 0.352955 0.439409 0.458841 0.454560
0 0.458841 0.439409 0.564728 0.454560
0 0.564728 0.439409 0.692919 0.454560
0 0.694145 0.439409 0.810571 0.454560
0 0.811797 0.439409 0.941213 0.454560
0 0.058826 0.454560 0.351729 0.469711
0 0.352955 0.454560 0.458841 0.469711
0 0.458841 0.454560 0.564728 0.469711
0 0.564728 0.454560 0.692919 0.469711
0 0.694145 0.454560 0.810571 0.469711
0 0.811797 0.454560 0.941213 0.469711
0 0.058826 0.469711 0.351729 0.484862
0 0.352955 0.469711 0.458841 0.484862
0 0.458841 0.469711 0.564728 0.484862
0 0.564728 0.469711 0.692919 0.484862
0 0.694145 0.469711 0.810571 0.484862
0 0.811797 0.469711 0.941213 0.484862
0 0.058826 0.484862 0.351729 0.500013
0 0.352955 0.484862 0.458841 0.500013
0 0.458841 0.484862 0.564728 0.500013
0 0.564728 0.484862 0.692919 0.500013
0 0.694145 0.484862 0.810571 0.500013
0 0.811797 0.484862 0.941213 0.500013
0 0.058826 0.500013 0.351729 0.515163
0 0.352955 0.500013 0.458841 0.515163
0 0.458841 0.500013 0.564728 0.515163
0 0.564728 0.500013 0.692919 0.515163
0 0.694145 0.500013 0.810571 0.515163
0 0.811797 0.500013 0.941213 0.515163
0 0.058826 0.515163 0.351729 0.530314
0 0.352955 0.515163 0.458841 0.530314
0 0.458841 0.515163 0.564728 0.530314
0 0.564728 0.515163 0.692919 0.530314
0 0.694145 0.515163 0.810571 0.530314
0 0.811797 0.515163 0.941213 0.530314
0 0.811797 0.530326 0.941213 0.545477
0 0.811797 0.560627 0.941213 0.575778
0 0.811797 0.590933 0.941213 0.606084
0 0.811797 0.636389 0.941213 0.651540
0 0.811797 0.651540 0.941213 0.666691
0 0.811797 0.666695 0.941213 0.681846
0 0.811797 0.696997 0.941213 0.712148
0 0.647084 0.727302 0.775276 0.742453
0 0.811797 0.742453 0.941213 0.757604
0 0.705910 0.787909 0.941213 0.803064
0 0.142816 0.833367 0.387025 0.848520
0 0.787578 0.823897 0.800651 0.833998
0 0.823562 0.833367 0.941213 0.848520
0 0.247069 0.848520 0.704684 0.863671
0 0.247069 0.863671 0.704684 0.878822
0 0.788266 0.848520 0.941213 0.863671
0 0.776501 0.863671 0.941213 0.878822
