0 0.058824 0.118686 0.739951 0.136364
0 0.742810 0.118686 0.941176 0.136364
0 0.921569 0.151515 0.936275 0.162879
0 0.921569 0.181819 0.936275 0.193183
0 0.921569 0.212120 0.936275 0.223484
0 0.058824 0.287878 0.222304 0.318182
0 0.225163 0.287878 0.516422 0.303028
0 0.225163 0.303032 0.516422 0.318182
0 0.517647 0.303029 0.635294 0.318182
0 0.660621 0.297347 0.675327 0.308711
0 0.754739 0.297347 0.769444 0.308711
0 0.823529 0.303029 0.941176 0.318182
0 0.058824 0.318182 0.222304 0.348486
0 0.225163 0.318186 0.516422 0.333336
0 0.225163 0.333336 0.516422 0.348486
0 0.517647 0.333333 0.635294 0.348486
0 0.660621 0.327652 0.675327 0.339015
0 0.754739 0.327652 0.769444 0.339015
0 0.823529 0.333333 0.941176 0.348486
0 0.058824 0.348486 0.222304 0.378790
0 0.225163 0.348486 0.516422 0.363636
0 0.225163 0.363640 0.516422 0.378790
0 0.517647 0.363638 0.635294 0.378790
0 0.660621 0.357956 0.675327 0.369319
0 0.754739 0.357956 0.769444 0.369319
0 0.823529 0.363638 0.941176 0.378790
0 0.921569 0.494316 0.936275 0.505679
0 0.058824 0.553032 0.281127 0.568182
0 0.283987 0.553032 0.504657 0.568182
0 0.505882 0.553032 0.647059 0.568182
0 0.710294 0.554924 0.725000 0.566288
0 0.788235 0.553032 0.941176 0.568182
0 0.058824 0.568182 0.281127 0.583332
0 0.283987 0.568182 0.504657 0.583332
0 0.505882 0.568182 0.647059 0.583332
0 0.710294 0.570074 0.725000 0.581438
0 0.788235 0.568182 0.941176 0.583332
0 0.058824 0.583332 0.281127 0.598482
0 0.283987 0.583332 0.504657 0.598482
0 0.505882 0.583332 0.647059 0.598482
0 0.710294 0.585225 0.725000 0.596588
0 0.788235 0.583332 0.941176 0.598482
0 0.788235 0.613636 0.941176 0.628787
0 0.788235 0.628787 0.941176 0.643937
0 0.788235 0.659091 0.941176 0.674241
0 0.788235 0.674241 0.941176 0.689391
0 0.647059 0.689395 0.751716 0.704545
0 0.905882 0.780304 0.941176 0.795455
0 0.788235 0.848486 0.941176 0.863636
0 0.788235 0.878787 0.941176 0.893937
0 0.788235 0.893941 0.941176 0.909091
0 0.647059 0.909091 0.751716 0.924241
0 0.788235 0.939395 0.941176 0.954545
