0 0.788235 0.136364 0.941176 0.151514
0 0.788235 0.166668 0.941176 0.181818
0 0.793137 0.196968 0.936275 0.212119
0 0.788235 0.212122 0.941176 0.227273
0 0.600000 0.242423 0.751716 0.257573
0 0.600000 0.257577 0.751716 0.272727
0 0.600000 0.272727 0.751716 0.287878
0 0.600000 0.340909 0.751716 0.356059
0 0.600000 0.393941 0.751716 0.409091
0 0.600000 0.454545 0.751716 0.469696
0 0.107516 0.487374 0.120588 0.497475
0 0.107516 0.502525 0.120588 0.512626
0 0.788235 0.500000 0.941176 0.515150
0 0.600000 0.515150 0.751716 0.530300
0 0.788235 0.545455 0.941176 0.560605
0 0.788235 0.575759 0.941176 0.590909
0 0.788235 0.606059 0.941176 0.621210
0 0.788235 0.666668 0.941176 0.681818
0 0.788235 0.681818 0.941176 0.696968
0 0.788235 0.712122 0.941176 0.727273
0 0.788235 0.742423 0.941176 0.757573
0 0.788235 0.772727 0.941176 0.787878
