0 0.058824 0.073231 0.694118 0.090909
0 0.694118 0.073231 0.941176 0.090909
0 0.058824 0.393937 0.305882 0.469696
0 0.307516 0.393937 0.505882 0.469696
0 0.505882 0.393937 0.588235 0.469696
0 0.588235 0.393937 0.670588 0.469696
0 0.670588 0.393937 0.752941 0.469696
0 0.752941 0.393937 0.847059 0.469696
0 0.848693 0.393937 0.941176 0.469696
0 0.058824 0.469696 0.305882 0.545455
0 0.307516 0.469696 0.505882 0.545455
0 0.505882 0.469696 0.588235 0.545455
0 0.588235 0.469696 0.670588 0.545455
0 0.670588 0.469696 0.752941 0.545455
0 0.752941 0.469696 0.847059 0.545455
0 0.848693 0.469696 0.941176 0.545455
0 0.058824 0.545455 0.305882 0.621213
0 0.307516 0.545455 0.505882 0.621213
0 0.505882 0.545455 0.588235 0.621213
0 0.588235 0.545455 0.670588 0.621213
0 0.670588 0.545455 0.752941 0.621213
0 0.752941 0.545455 0.847059 0.621213
0 0.848693 0.545455 0.941176 0.621213
0 0.058824 0.621213 0.305882 0.696972
0 0.307516 0.621213 0.505882 0.696972
0 0.505882 0.621213 0.588235 0.696972
0 0.588235 0.621213 0.670588 0.696972
0 0.670588 0.621213 0.752941 0.696972
0 0.752941 0.621213 0.847059 0.696972
0 0.848693 0.621213 0.941176 0.696972
0 0.058824 0.696972 0.305882 0.772731
0 0.307516 0.696972 0.505882 0.772731
0 0.505882 0.696972 0.588235 0.772731
0 0.588235 0.696972 0.670588 0.772731
0 0.670588 0.696972 0.752941 0.772731
0 0.752941 0.696972 0.847059 0.772731
0 0.848693 0.696972 0.941176 0.772731
0 0.058824 0.772731 0.305882 0.848490
0 0.307516 0.772731 0.505882 0.848490
0 0.505882 0.772731 0.588235 0.848490
0 0.588235 0.772731 0.670588 0.848490
0 0.670588 0.772731 0.752941 0.848490
0 0.752941 0.772731 0.847059 0.848490
0 0.848693 0.772731 0.941176 0.848490
0 0.058824 0.848490 0.305882 0.924249
0 0.307516 0.848490 0.505882 0.924249
0 0.505882 0.848490 0.588235 0.924249
0 0.588235 0.848490 0.670588 0.924249
0 0.670588 0.848490 0.752941 0.924249
0 0.752941 0.848490 0.847059 0.924249
0 0.848693 0.848490 0.941176 0.924249
