0 0.058824 0.073231 0.694118 0.090909
0 0.694118 0.073231 0.941176 0.090909
0 0.122871 0.138888 0.135943 0.148989
0 0.122871 0.154042 0.135943 0.164143
0 0.122871 0.169192 0.135943 0.179293
0 0.283007 0.245578 0.296078 0.255679
0 0.271242 0.321021 0.284314 0.331123
0 0.215686 0.487689 0.228758 0.497790
0 0.095752 0.563129 0.108824 0.573230
0 0.166335 0.563133 0.179407 0.573234
0 0.215686 0.594064 0.228758 0.604165
0 0.215686 0.639519 0.228758 0.649620
0 0.215686 0.731691 0.228758 0.741792
0 0.215686 0.791033 0.228758 0.801134
