0 0.541176 0.090909 0.729412 0.106059
0 0.788235 0.090909 0.941176 0.106059
0 0.541176 0.106059 0.941176 0.121210
0 0.058824 0.212119 0.398775 0.227269
0 0.400000 0.212119 0.517647 0.227269
0 0.517647 0.212119 0.635294 0.227269
0 0.635294 0.212119 0.717647 0.227269
0 0.717647 0.212119 0.800000 0.227269
0 0.800000 0.212119 0.941176 0.227269
0 0.058824 0.227269 0.398775 0.242419
0 0.400000 0.227269 0.517647 0.242419
0 0.517647 0.227269 0.635294 0.242419
0 0.635294 0.227269 0.717647 0.242419
0 0.717647 0.227269 0.800000 0.242419
0 0.800000 0.227269 0.941176 0.242419
0 0.058824 0.242419 0.398775 0.257569
0 0.400000 0.242419 0.517647 0.257569
0 0.517647 0.242419 0.635294 0.257569
0 0.635294 0.242419 0.717647 0.257569
0 0.717647 0.242419 0.800000 0.257569
0 0.800000 0.242419 0.941176 0.257569
0 0.058824 0.257569 0.398775 0.272720
0 0.400000 0.257569 0.517647 0.272720
0 0.517647 0.257569 0.635294 0.272720
0 0.635294 0.257569 0.717647 0.272720
0 0.717647 0.257569 0.800000 0.272720
0 0.800000 0.257569 0.941176 0.272720
0 0.823529 0.424241 0.941176 0.439391
0 0.823529 0.454545 0.941176 0.469696
0 0.600000 0.469696 0.776471 0.484846
0 0.105882 0.484850 0.776471 0.500000
0 0.823529 0.484850 0.941176 0.500000
0 0.823529 0.530304 0.941176 0.545455
0 0.823529 0.560605 0.941176 0.575755
0 0.823529 0.590909 0.941176 0.606059
0 0.435294 0.606059 0.776471 0.621210
0 0.105882 0.621213 0.776471 0.636364
0 0.823529 0.621213 0.941176 0.636364
0 0.670588 0.651514 0.787010 0.666664
0 0.670588 0.666668 0.787010 0.681818
0 0.670588 0.681818 0.787010 0.696968
0 0.670588 0.696968 0.787010 0.712119
0 0.670588 0.712122 0.787010 0.727273
0 0.411765 0.727273 0.623529 0.742423
0 0.105882 0.742423 0.623529 0.757573
0 0.670588 0.742423 0.787010 0.757573
0 0.823529 0.772727 0.941176 0.787878
0 0.458824 0.787878 0.776471 0.803028
0 0.105882 0.803032 0.776471 0.818182
0 0.823529 0.803032 0.941176 0.818182
0 0.823529 0.833332 0.941176 0.848482
0 0.823529 0.863636 0.941176 0.878787
0 0.823529 0.893941 0.941176 0.909091
