0 0.062421 0.267054 0.077127 0.278418
0 0.062421 0.282208 0.077127 0.293572
0 0.423546 0.325772 0.495809 0.348500
0 0.525754 0.325772 0.806997 0.348500
0 0.425180 0.356074 0.928223 0.378802
0 0.425180 0.386379 0.928223 0.409107
0 0.425180 0.416685 0.928223 0.439414
0 0.425180 0.454564 0.728215 0.477293
0 0.741206 0.454564 0.800031 0.477293
0 0.811797 0.454564 0.929448 0.477293
0 0.425180 0.492443 0.598798 0.515172
0 0.613423 0.492443 0.798806 0.515172
0 0.811797 0.492443 0.929448 0.513589
0 0.721270 0.577675 0.735977 0.589039
0 0.866393 0.577675 0.881100 0.589039
0 0.721270 0.592826 0.735977 0.604190
0 0.866393 0.592826 0.881100 0.604190
0 0.721270 0.607977 0.735977 0.619341
0 0.866393 0.607977 0.881100 0.619341
0 0.721270 0.623131 0.735977 0.634495
0 0.866393 0.623131 0.881100 0.634495
0 0.721270 0.638282 0.735977 0.649646
0 0.866393 0.638282 0.881100 0.649646
0 0.721270 0.653433 0.735977 0.664797
0 0.866393 0.653433 0.881100 0.664797
0 0.721270 0.668588 0.735977 0.679952
0 0.866393 0.668588 0.881100 0.679952
0 0.100494 0.721618 0.115201 0.732982
0 0.636953 0.840943 0.928223 0.861145
0 0.636953 0.871249 0.928223 0.891450
0 0.635319 0.901550 0.764736 0.921752
