0 0.423546 0.083335 0.495809 0.106064
0 0.525754 0.083335 0.806997 0.106064
0 0.425180 0.113641 0.928223 0.136369
0 0.425180 0.143947 0.928223 0.166675
0 0.425180 0.174248 0.928223 0.196978
0 0.425180 0.212131 0.728215 0.234861
0 0.741206 0.212131 0.800031 0.234861
0 0.811797 0.212131 0.929448 0.234861
0 0.425180 0.250010 0.610563 0.272740
0 0.625188 0.250010 0.798806 0.272740
0 0.811797 0.250010 0.929448 0.271156
0 0.062421 0.289782 0.077127 0.301146
0 0.636953 0.348500 0.928223 0.368702
0 0.636953 0.378802 0.928223 0.399004
0 0.635319 0.409107 0.764736 0.429309
