0 0.164712 0.128792 0.941213 0.143943
0 0.094121 0.143947 0.941213 0.159097
0 0.928141 0.190032 0.941213 0.200133
0 0.588258 0.318195 0.941213 0.333348
0 0.058826 0.348500 0.423546 0.378804
0 0.435311 0.348500 0.941213 0.378803
0 0.058826 0.833366 0.200008 0.863671
0 0.201642 0.833366 0.410555 0.863671
0 0.411781 0.833366 0.588258 0.863671
0 0.058826 0.863671 0.200008 0.893977
0 0.201642 0.863671 0.410555 0.893977
0 0.411781 0.863671 0.588258 0.893977
0 0.058826 0.893977 0.200008 0.924282
0 0.201642 0.893977 0.410555 0.924282
0 0.411781 0.893977 0.588258 0.924282
0 0.058826 0.924282 0.200008 0.954588
0 0.201642 0.924282 0.410555 0.954588
0 0.411781 0.924282 0.588258 0.954588
