0 0.058826 0.164147 0.551737 0.212127
0 0.552963 0.166675 0.682380 0.181826
0 0.688262 0.166675 0.811797 0.181826
0 0.817679 0.166675 0.941213 0.181826
0 0.552963 0.194452 0.741206 0.212131
0 0.741206 0.194452 0.941213 0.212131
0 0.058826 0.255060 0.492911 0.303040
0 0.476966 0.305568 0.490039 0.315669
0 0.653643 0.242433 0.870622 0.257584
0 0.741206 0.257587 0.870622 0.272738
0 0.674441 0.272738 0.870622 0.287889
0 0.647140 0.287889 0.870622 0.303040
0 0.709832 0.305568 0.722904 0.315669
0 0.832386 0.305568 0.845458 0.315669
0 0.927161 0.305568 0.940233 0.315669
0 0.058826 0.330821 0.492911 0.378802
0 0.476966 0.381326 0.490039 0.391427
0 0.653643 0.318195 0.870622 0.333346
0 0.741206 0.333346 0.870622 0.348496
0 0.674441 0.348500 0.870622 0.363651
0 0.647140 0.363651 0.870622 0.378802
0 0.709832 0.381326 0.722904 0.391427
0 0.832386 0.381326 0.845458 0.391427
0 0.927161 0.381326 0.940233 0.391427
0 0.058826 0.406583 0.492911 0.454564
0 0.653643 0.393957 0.870622 0.409107
0 0.741206 0.409107 0.870622 0.424258
0 0.674441 0.424258 0.870622 0.439409
0 0.647140 0.439413 0.870622 0.454564
0 0.709832 0.457088 0.722904 0.467189
0 0.832386 0.457088 0.845458 0.467189
0 0.927161 0.457088 0.940233 0.467189
0 0.058826 0.482341 0.492911 0.530322
0 0.653643 0.469715 0.870622 0.484866
0 0.741206 0.484869 0.870622 0.500020
0 0.674441 0.500020 0.870622 0.515171
0 0.647140 0.515171 0.870622 0.530322
0 0.709832 0.532850 0.722904 0.542951
0 0.832386 0.532850 0.845458 0.542951
0 0.927161 0.532850 0.940233 0.542951
0 0.058826 0.681846 0.598798 0.712151
0 0.600024 0.681846 0.776501 0.712151
0 0.776501 0.681846 0.941213 0.712151
0 0.058826 0.712151 0.598798 0.742457
0 0.600024 0.712151 0.776501 0.742457
0 0.776501 0.712151 0.941213 0.742457
0 0.058826 0.742457 0.598798 0.772762
0 0.600024 0.742457 0.776501 0.772762
0 0.776501 0.742457 0.941213 0.772762
0 0.928141 0.790118 0.941213 0.800219
0 0.094121 0.835890 0.107194 0.845991
0 0.647084 0.835890 0.660157 0.845991
0 0.094121 0.851044 0.107194 0.861146
0 0.329425 0.851044 0.342497 0.861146
0 0.482372 0.848520 0.941213 0.863671
0 0.094121 0.863671 0.941213 0.878822
0 0.094121 0.878822 0.941213 0.893973
0 0.094121 0.896501 0.107194 0.906602
0 0.282364 0.893977 0.941213 0.909128
0 0.094121 0.909128 0.941213 0.924279
