0 0.058824 0.118686 0.575245 0.166664
0 0.058824 0.179294 0.575245 0.196972
0 0.058824 0.209595 0.575245 0.227273
0 0.576471 0.118686 0.941176 0.136364
0 0.576471 0.148990 0.941176 0.166668
0 0.811765 0.166668 0.941176 0.181818
0 0.800000 0.181818 0.941176 0.196968
0 0.578105 0.209595 0.941176 0.227273
0 0.058824 0.239899 0.716422 0.257577
0 0.717647 0.239899 0.941176 0.257577
0 0.819935 0.275251 0.833007 0.285352
0 0.890523 0.275251 0.903595 0.285352
0 0.924837 0.290401 0.937908 0.300503
0 0.924837 0.319446 0.937908 0.329547
0 0.062745 0.351010 0.075817 0.361111
0 0.062745 0.366160 0.075817 0.376261
0 0.062745 0.381311 0.075817 0.391412
0 0.062745 0.396465 0.075817 0.406566
0 0.062745 0.411615 0.075817 0.421716
0 0.062745 0.441918 0.075817 0.452019
0 0.176471 0.454545 0.329412 0.469696
0 0.345098 0.351010 0.358170 0.361111
0 0.345098 0.366160 0.358170 0.376261
0 0.345098 0.381311 0.358170 0.391412
0 0.345098 0.396463 0.358170 0.406564
0 0.345098 0.411615 0.358170 0.421716
0 0.345098 0.426765 0.358170 0.436866
0 0.465234 0.424241 0.551716 0.439391
0 0.364706 0.439395 0.551716 0.454545
0 0.364706 0.454545 0.551716 0.469696
0 0.567974 0.381311 0.581046 0.391412
0 0.567974 0.396465 0.581046 0.406566
0 0.567974 0.426765 0.581046 0.436866
0 0.694098 0.424241 0.941176 0.439391
0 0.588235 0.439395 0.941176 0.454545
0 0.588235 0.454545 0.941176 0.469696
0 0.164706 0.606059 0.211765 0.621210
0 0.282353 0.606059 0.329412 0.621210
0 0.400000 0.606059 0.447059 0.621210
0 0.517647 0.606059 0.564706 0.621210
0 0.635294 0.606059 0.682353 0.621210
0 0.752941 0.606059 0.800000 0.621210
0 0.164706 0.621213 0.211765 0.636364
0 0.282353 0.621213 0.329412 0.636364
0 0.400000 0.621213 0.447059 0.636364
0 0.517647 0.621213 0.564706 0.636364
0 0.635294 0.621213 0.682353 0.636364
0 0.752941 0.621213 0.800000 0.636364
0 0.149144 0.639521 0.162216 0.649622
0 0.258170 0.636364 0.858823 0.651514
0 0.881373 0.669191 0.894444 0.679292
0 0.916667 0.669191 0.929739 0.679292
0 0.881373 0.699495 0.894444 0.709596
0 0.916667 0.699495 0.929739 0.709596
0 0.881373 0.760100 0.894444 0.770201
0 0.916667 0.760100 0.929739 0.770201
0 0.881373 0.790404 0.894444 0.800505
0 0.916667 0.790404 0.929739 0.800505
0 0.636928 0.876263 0.941176 0.893941
0 0.142810 0.909092 0.563480 0.924245
0 0.217069 0.924241 0.941176 0.939391
