0 0.881373 0.093433 0.894444 0.103534
0 0.916667 0.093433 0.929739 0.103534
0 0.881373 0.146465 0.894444 0.156566
0 0.916667 0.146465 0.929739 0.156566
0 0.149817 0.181818 0.447059 0.196968
0 0.578209 0.181818 0.705882 0.196968
0 0.783788 0.181818 0.858823 0.196968
0 0.881373 0.199492 0.894444 0.209593
0 0.916667 0.199492 0.929739 0.209593
0 0.881373 0.214646 0.894444 0.224747
0 0.916667 0.214646 0.929739 0.224747
0 0.109804 0.260101 0.122876 0.270202
0 0.109804 0.275251 0.122876 0.285352
0 0.109804 0.290401 0.122876 0.300503
0 0.345098 0.260101 0.358170 0.270202
0 0.345098 0.275251 0.358170 0.285352
0 0.345098 0.290401 0.358170 0.300503
0 0.521569 0.260101 0.534641 0.270202
0 0.776471 0.257577 0.858823 0.272727
0 0.521569 0.275251 0.534641 0.285352
0 0.760222 0.272727 0.858823 0.287878
0 0.881373 0.320706 0.894444 0.330807
0 0.916667 0.320706 0.929739 0.330807
0 0.881373 0.381311 0.894444 0.391412
0 0.916667 0.381311 0.929739 0.391412
0 0.427451 0.411615 0.440523 0.421716
0 0.615686 0.411615 0.628758 0.421716
0 0.149163 0.439395 0.458824 0.454545
0 0.589320 0.439395 0.717647 0.454545
0 0.792886 0.439395 0.858823 0.454545
0 0.881373 0.472220 0.894444 0.482321
0 0.916667 0.472220 0.929739 0.482321
0 0.881373 0.593433 0.894444 0.603534
0 0.916667 0.593433 0.929739 0.603534
0 0.881373 0.638888 0.894444 0.648989
0 0.916667 0.638888 0.929739 0.648989
0 0.881373 0.760101 0.894444 0.770202
0 0.916667 0.760101 0.929739 0.770202
0 0.881373 0.820706 0.894444 0.830807
0 0.916667 0.820706 0.929739 0.830807
