0 0.881373 0.396465 0.894444 0.406566
0 0.916667 0.396465 0.929739 0.406566
0 0.881373 0.441919 0.894444 0.452020
0 0.916667 0.441919 0.929739 0.452020
0 0.212753 0.515150 0.294118 0.545455
0 0.317194 0.515150 0.352941 0.545455
0 0.459812 0.515150 0.541176 0.545455
0 0.564253 0.515150 0.600000 0.545455
0 0.718636 0.515150 0.800000 0.545455
0 0.823077 0.515150 0.858823 0.545455
0 0.129412 0.545455 0.351716 0.560605
0 0.376471 0.545455 0.598775 0.560605
0 0.623529 0.545455 0.858823 0.560605
0 0.305882 0.590909 0.388235 0.606059
0 0.411765 0.590909 0.447059 0.606059
0 0.470588 0.590909 0.600000 0.606059
0 0.881373 0.654038 0.894444 0.664139
0 0.916667 0.654038 0.929739 0.664139
0 0.881373 0.744947 0.894444 0.755048
0 0.916667 0.744947 0.929739 0.755048
0 0.724556 0.772727 0.858823 0.787878
