0 0.705882 0.121210 0.822304 0.136360
0 0.823529 0.121210 0.941176 0.136360
0 0.705882 0.136360 0.822304 0.151510
0 0.823529 0.136360 0.941176 0.151510
0 0.705882 0.151510 0.822304 0.166660
0 0.823529 0.151510 0.941176 0.166660
0 0.705882 0.166660 0.822304 0.181811
0 0.823529 0.166660 0.941176 0.181811
0 0.705882 0.181811 0.822304 0.196961
0 0.823529 0.181811 0.941176 0.196961
0 0.705882 0.196961 0.822304 0.212111
0 0.823529 0.196961 0.941176 0.212111
0 0.705882 0.212111 0.822304 0.227261
0 0.823529 0.212111 0.941176 0.227261
0 0.705882 0.227261 0.822304 0.242412
0 0.823529 0.227261 0.941176 0.242412
0 0.705882 0.242412 0.822304 0.257562
0 0.823529 0.242412 0.941176 0.257562
0 0.705882 0.272713 0.822304 0.287866
0 0.823529 0.272713 0.941176 0.287866
0 0.705882 0.287866 0.822304 0.303016
0 0.823529 0.287866 0.941176 0.303016
0 0.819935 0.411615 0.833007 0.421716
0 0.890523 0.411615 0.903595 0.421716
0 0.819935 0.457069 0.833007 0.467170
0 0.890523 0.457069 0.903595 0.467170
0 0.349564 0.469696 0.800000 0.484846
0 0.819935 0.502527 0.833007 0.512628
0 0.890523 0.502527 0.903595 0.512628
0 0.326917 0.515150 0.800000 0.530300
0 0.819935 0.593433 0.833007 0.603534
0 0.890523 0.593433 0.903595 0.603534
0 0.819935 0.608583 0.833007 0.618684
0 0.890523 0.608583 0.903595 0.618684
