0 0.705882 0.424241 0.822304 0.439391
0 0.823529 0.424241 0.941176 0.439391
0 0.705882 0.439391 0.822304 0.454542
0 0.823529 0.439391 0.941176 0.454542
0 0.705882 0.454542 0.822304 0.469692
0 0.823529 0.454542 0.941176 0.469692
0 0.705882 0.469692 0.822304 0.484842
0 0.823529 0.469692 0.941176 0.484842
0 0.705882 0.484842 0.822304 0.499992
0 0.823529 0.484842 0.941176 0.499992
0 0.705882 0.499992 0.822304 0.515143
0 0.823529 0.499992 0.941176 0.515143
0 0.705882 0.515143 0.822304 0.530293
0 0.823529 0.515143 0.941176 0.530293
0 0.705882 0.530293 0.822304 0.545443
0 0.823529 0.530293 0.941176 0.545443
0 0.705882 0.545443 0.822304 0.560593
0 0.823529 0.545443 0.941176 0.560593
0 0.705882 0.560593 0.822304 0.575744
0 0.823529 0.560593 0.941176 0.575744
0 0.705882 0.590895 0.822304 0.606048
0 0.823529 0.590895 0.941176 0.606048
0 0.705882 0.606048 0.822304 0.621198
0 0.823529 0.606048 0.941176 0.621198
0 0.705882 0.621198 0.822304 0.636348
0 0.823529 0.621198 0.941176 0.636348
0 0.705882 0.636348 0.822304 0.651499
0 0.823529 0.636348 0.941176 0.651499
0 0.705882 0.651499 0.822304 0.666649
0 0.823529 0.651499 0.941176 0.666649
0 0.705882 0.666649 0.822304 0.681799
0 0.823529 0.666649 0.941176 0.681799
0 0.705882 0.681799 0.822304 0.696950
0 0.823529 0.681799 0.941176 0.696950
0 0.705882 0.712101 0.822304 0.727254
0 0.823529 0.712101 0.941176 0.727254
0 0.705882 0.727254 0.822304 0.742404
0 0.823529 0.727254 0.941176 0.742404
0 0.705882 0.742404 0.822304 0.757554
0 0.823529 0.742404 0.941176 0.757554
0 0.705882 0.757554 0.822304 0.772705
0 0.823529 0.757554 0.941176 0.772705
0 0.705882 0.772705 0.822304 0.787855
0 0.823529 0.772705 0.941176 0.787855
0 0.705882 0.787855 0.822304 0.803005
0 0.823529 0.787855 0.941176 0.803005
0 0.705882 0.803005 0.822304 0.818155
0 0.823529 0.803005 0.941176 0.818155
0 0.705882 0.818155 0.822304 0.833306
0 0.823529 0.818155 0.941176 0.833306
0 0.705882 0.833306 0.822304 0.848456
0 0.823529 0.833306 0.941176 0.848456
0 0.705882 0.848456 0.822304 0.863606
0 0.823529 0.848456 0.941176 0.863606
0 0.705882 0.863606 0.822304 0.878756
0 0.823529 0.863606 0.941176 0.878756
