0 0.517667 0.174248 0.611789 0.189399
0 0.517667 0.204554 0.634093 0.219705
0 0.517667 0.250010 0.634093 0.265161
0 0.517667 0.280316 0.634093 0.295466
0 0.517667 0.295466 0.634093 0.310617
0 0.517667 0.310617 0.634093 0.325768
0 0.670615 0.340923 0.787041 0.356074
0 0.517667 0.386379 0.611789 0.401530
0 0.670615 0.401530 0.787041 0.416681
0 0.517667 0.446987 0.611789 0.462137
0 0.670615 0.462141 0.787041 0.477292
0 0.823562 0.477292 0.941213 0.492443
0 0.517667 0.522748 0.634093 0.537899
0 0.517667 0.568205 0.611789 0.583356
0 0.670615 0.583356 0.787041 0.598507
0 0.517667 0.628812 0.611789 0.643963
0 0.670615 0.643967 0.787041 0.659118
0 0.517667 0.689423 0.611789 0.704574
0 0.670615 0.704574 0.787041 0.719725
0 0.823562 0.719725 0.941213 0.734876
0 0.517667 0.765181 0.634093 0.780332
0 0.517667 0.810638 0.611789 0.825788
0 0.670615 0.825792 0.787041 0.840943
0 0.517667 0.871249 0.611789 0.886399
0 0.670615 0.886399 0.787041 0.901550
0 0.517667 0.931856 0.611789 0.947007
