0 0.517667 0.090913 0.634093 0.106064
0 0.670615 0.121218 0.787041 0.136369
0 0.517667 0.166675 0.611789 0.181826
0 0.670615 0.181826 0.787041 0.196976
0 0.517667 0.227282 0.611789 0.242433
0 0.670615 0.242433 0.787041 0.257584
0 0.823562 0.257587 0.941213 0.272738
0 0.517667 0.348500 0.634093 0.363651
0 0.517667 0.363651 0.634093 0.378802
0 0.517667 0.393957 0.634093 0.409107
0 0.517667 0.409107 0.634093 0.424258
0 0.670615 0.424258 0.787041 0.439409
0 0.517667 0.469715 0.634093 0.484866
0 0.517667 0.515171 0.611789 0.530322
0 0.517667 0.530326 0.634093 0.545477
0 0.517667 0.575782 0.611604 0.590933
0 0.517667 0.590933 0.634093 0.606084
0 0.670615 0.606084 0.787041 0.621235
0 0.517667 0.651540 0.611789 0.666691
0 0.517667 0.666695 0.634093 0.681846
0 0.517667 0.681846 0.634093 0.696997
0 0.517667 0.712151 0.635319 0.727302
0 0.517667 0.727302 0.634093 0.742453
0 0.670615 0.742453 0.787041 0.757604
0 0.823562 0.757608 0.941213 0.772758
0 0.517667 0.833366 0.634093 0.848517
0 0.517667 0.878822 0.611789 0.893973
0 0.517667 0.893977 0.634093 0.909128
0 0.517667 0.939433 0.611789 0.954584
