0 0.517667 0.090913 0.634093 0.106064
0 0.670615 0.106064 0.787041 0.121215
0 0.517667 0.151520 0.611789 0.166671
0 0.517667 0.166675 0.634093 0.181826
0 0.670615 0.181826 0.787041 0.196976
0 0.517667 0.212131 0.635319 0.227282
0 0.517667 0.227282 0.634093 0.242433
0 0.670615 0.242433 0.787041 0.257584
0 0.823562 0.257587 0.941213 0.272738
0 0.517667 0.333346 0.634093 0.348496
0 0.517667 0.409107 0.576493 0.424258
0 0.588258 0.409107 0.635319 0.424258
0 0.517667 0.424258 0.634093 0.439409
0 0.517667 0.469715 0.611789 0.484866
0 0.670615 0.484869 0.787041 0.500020
0 0.517667 0.530326 0.611789 0.545477
0 0.670615 0.545477 0.787041 0.560627
0 0.517667 0.590933 0.611789 0.606084
0 0.670615 0.606084 0.787041 0.621235
0 0.823562 0.621238 0.941213 0.636389
0 0.517667 0.727302 0.634093 0.742453
0 0.517667 0.742453 0.634093 0.757604
0 0.670615 0.757608 0.787041 0.772758
0 0.517667 0.803064 0.634093 0.818215
0 0.517667 0.848520 0.611789 0.863671
0 0.670615 0.863671 0.787041 0.878822
