0 0.670615 0.106064 0.787041 0.121215
0 0.517667 0.151520 0.611789 0.166671
0 0.670615 0.166675 0.787041 0.181826
0 0.517667 0.212131 0.611789 0.227282
0 0.670615 0.227282 0.787041 0.242433
0 0.823562 0.242433 0.941213 0.257584
0 0.517667 0.348500 0.634093 0.363651
0 0.517667 0.378802 0.611789 0.393953
0 0.670615 0.393957 0.787041 0.409107
0 0.517667 0.454564 0.634093 0.469715
0 0.517667 0.484869 0.610816 0.500020
0 0.670615 0.500020 0.787041 0.515171
0 0.517667 0.560627 0.634093 0.575778
0 0.517667 0.590933 0.611789 0.606084
0 0.670615 0.606084 0.787041 0.621235
0 0.517667 0.666695 0.634093 0.681846
0 0.517667 0.696997 0.611789 0.712148
0 0.670615 0.712151 0.787041 0.727302
0 0.517667 0.727302 0.634093 0.742453
0 0.517667 0.742453 0.635319 0.757604
0 0.670615 0.757608 0.787041 0.772758
0 0.517667 0.772758 0.635319 0.787909
0 0.670615 0.787909 0.787041 0.803060
0 0.823562 0.818215 0.941213 0.833366
