0 0.058826 0.118690 0.751745 0.136369
0 0.752971 0.118690 0.941213 0.136369
0 0.923239 0.169514 0.936311 0.179616
0 0.277462 0.189403 0.941213 0.204554
0 0.105887 0.204554 0.941213 0.219705
0 0.411454 0.219705 0.941213 0.234856
0 0.367263 0.234859 0.941213 0.250010
0 0.347961 0.265161 0.941213 0.280312
0 0.105887 0.280316 0.941213 0.295466
0 0.352955 0.303044 0.372562 0.318195
0 0.388251 0.303044 0.431388 0.318195
0 0.447076 0.303044 0.584335 0.318195
0 0.682380 0.303044 0.701987 0.318195
0 0.717675 0.303044 0.784343 0.318195
0 0.800031 0.303044 0.937290 0.318195
0 0.382950 0.333346 0.623554 0.348496
0 0.367813 0.348500 0.623554 0.363651
0 0.776501 0.366175 0.789573 0.376277
0 0.835327 0.366175 0.848399 0.376277
0 0.105887 0.396481 0.118959 0.406582
0 0.105887 0.411632 0.118959 0.421733
0 0.105887 0.426782 0.118959 0.436884
0 0.105887 0.457088 0.118959 0.467189
0 0.105887 0.472239 0.118959 0.482340
0 0.105887 0.502544 0.118959 0.512646
0 0.105887 0.517695 0.118959 0.527797
0 0.105887 0.548001 0.118959 0.558102
0 0.105887 0.563152 0.118959 0.573253
0 0.105887 0.578306 0.118959 0.588408
0 0.105887 0.608608 0.118959 0.618709
0 0.105887 0.623763 0.118959 0.633864
0 0.105887 0.638913 0.118959 0.649015
0 0.105887 0.669219 0.118959 0.679320
0 0.105887 0.684370 0.118959 0.694471
0 0.105887 0.699521 0.118959 0.709622
0 0.105887 0.714675 0.118959 0.724777
0 0.547080 0.727302 0.941213 0.742453
0 0.105887 0.744977 0.118959 0.755079
0 0.105887 0.775283 0.118959 0.785384
0 0.482372 0.772758 0.615724 0.787909
0 0.105887 0.790433 0.118959 0.800535
0 0.517667 0.787909 0.664358 0.803060
0 0.105887 0.805588 0.118959 0.815690
0 0.482372 0.803064 0.615045 0.818215
0 0.105887 0.820739 0.118959 0.830840
0 0.388251 0.818215 0.517906 0.833366
0 0.329425 0.833366 0.467164 0.848517
0 0.105887 0.851044 0.118959 0.861146
0 0.105887 0.865880 0.118959 0.875981
