0 0.105887 0.093437 0.118959 0.103538
0 0.282364 0.090913 0.435311 0.106064
0 0.105887 0.108588 0.118959 0.118689
0 0.282364 0.106064 0.435311 0.121215
0 0.105887 0.123742 0.118959 0.133844
0 0.176478 0.121218 0.294129 0.136369
0 0.305894 0.121218 0.435311 0.136369
0 0.105887 0.138893 0.118959 0.148995
0 0.835327 0.154044 0.848399 0.164146
0 0.894153 0.154044 0.907225 0.164146
0 0.213734 0.196976 0.941213 0.212127
0 0.230406 0.212131 0.941213 0.227282
0 0.267419 0.227282 0.941213 0.242433
0 0.823562 0.242433 0.941213 0.257584
0 0.823562 0.257587 0.941213 0.272738
0 0.517667 0.333346 0.634093 0.348496
0 0.670615 0.348500 0.787041 0.363651
0 0.517667 0.409107 0.634093 0.424258
0 0.670615 0.424258 0.787041 0.439409
0 0.517667 0.484869 0.634093 0.500020
0 0.670615 0.500020 0.787041 0.515171
0 0.517667 0.606084 0.634093 0.621235
0 0.670615 0.621238 0.787041 0.636389
0 0.517667 0.651540 0.634093 0.666691
0 0.670615 0.666695 0.787041 0.681846
0 0.670615 0.681846 0.787041 0.696997
0 0.823562 0.696997 0.941213 0.712148
0 0.517667 0.742453 0.634093 0.757604
0 0.517667 0.803064 0.611789 0.818215
0 0.670615 0.818215 0.787041 0.833366
0 0.385272 0.833366 0.635319 0.848517
0 0.541198 0.851044 0.554270 0.861146
0 0.600024 0.851044 0.613096 0.861146
0 0.670615 0.878822 0.787041 0.893973
0 0.823562 0.893977 0.941213 0.909128
