0 0.058820 0.165401 0.669328 0.181816
0 0.670553 0.165401 0.941127 0.181816
0 0.058820 0.195705 0.941127 0.212120
0 0.058820 0.226009 0.941127 0.242424
0 0.058820 0.256309 0.669328 0.287875
0 0.672187 0.271461 0.941127 0.287875
0 0.823486 0.290399 0.836558 0.300499
0 0.894071 0.290399 0.907142 0.300499
0 0.058820 0.348480 0.258810 0.363633
0 0.260444 0.333329 0.941127 0.363633
0 0.058820 0.378784 0.258810 0.393937
0 0.260444 0.363633 0.941127 0.393937
0 0.282338 0.484842 0.470564 0.499995
0 0.482328 0.484842 0.647025 0.499995
0 0.658789 0.484842 0.823486 0.499995
0 0.823486 0.484842 0.924788 0.499995
0 0.282338 0.515146 0.470564 0.530299
0 0.482328 0.515146 0.647025 0.530299
0 0.658789 0.515146 0.823486 0.530299
0 0.823486 0.499995 0.941127 0.530299
0 0.282338 0.545450 0.470564 0.560603
0 0.482328 0.545450 0.647025 0.560603
0 0.658789 0.545450 0.823486 0.560603
0 0.823486 0.530299 0.941127 0.560603
0 0.282338 0.575754 0.470564 0.590907
0 0.482328 0.575754 0.647025 0.590907
0 0.658789 0.575754 0.823486 0.590907
0 0.823486 0.575754 0.924788 0.590907
0 0.094113 0.681811 0.647025 0.696961
