0 0.058826 0.151520 0.316434 0.166671
0 0.319294 0.151520 0.763510 0.166671
0 0.781730 0.154044 0.794802 0.164146
0 0.828791 0.154044 0.841863 0.164146
0 0.858857 0.151520 0.941213 0.166671
0 0.058826 0.166671 0.316434 0.181822
0 0.319294 0.166671 0.763510 0.181822
0 0.781730 0.169195 0.794802 0.179296
0 0.828791 0.169195 0.841863 0.179296
0 0.858857 0.166671 0.941213 0.181822
0 0.058826 0.181822 0.316434 0.196973
0 0.319294 0.181822 0.763510 0.196973
0 0.781730 0.184346 0.794802 0.194447
0 0.828791 0.184346 0.841863 0.194447
0 0.858857 0.181822 0.941213 0.196973
0 0.058826 0.196973 0.316434 0.212123
0 0.319294 0.196973 0.763510 0.212123
0 0.781730 0.199497 0.794802 0.209598
0 0.828791 0.199497 0.841863 0.209598
0 0.858857 0.196973 0.941213 0.212123
0 0.058826 0.242437 0.316434 0.257587
0 0.319294 0.242437 0.857632 0.257587
0 0.858857 0.242437 0.941213 0.257587
0 0.058826 0.257587 0.316434 0.272738
0 0.319294 0.257587 0.857632 0.272738
0 0.858857 0.257587 0.941213 0.272738
0 0.058826 0.272738 0.316434 0.287889
0 0.319294 0.272738 0.857632 0.287889
0 0.858857 0.272738 0.941213 0.287889
0 0.058826 0.287889 0.316434 0.303040
0 0.319294 0.287889 0.857632 0.303040
0 0.858857 0.287889 0.941213 0.303040
0 0.058826 0.333349 0.316434 0.348500
0 0.319294 0.333349 0.657624 0.348500
0 0.660483 0.333349 0.857632 0.348500
0 0.858857 0.333349 0.941213 0.348500
0 0.058826 0.348500 0.316434 0.363651
0 0.319294 0.348500 0.657624 0.363651
0 0.660483 0.348500 0.857632 0.363651
0 0.858857 0.348500 0.941213 0.363651
0 0.058826 0.363651 0.316434 0.378802
0 0.319294 0.363651 0.657624 0.378802
0 0.660483 0.363651 0.857632 0.378802
0 0.858857 0.363651 0.941213 0.378802
0 0.058826 0.378802 0.316434 0.393953
0 0.319294 0.378802 0.657624 0.393953
0 0.660483 0.378802 0.857632 0.393953
0 0.858857 0.378802 0.941213 0.393953
0 0.693491 0.457088 0.706564 0.467189
0 0.740552 0.457088 0.753624 0.467189
0 0.805260 0.457088 0.818333 0.467189
0 0.853628 0.454564 0.934677 0.469715
0 0.693491 0.472239 0.706564 0.482340
0 0.740552 0.472239 0.753624 0.482340
0 0.805260 0.472239 0.818333 0.482340
0 0.853628 0.469715 0.934677 0.484866
0 0.693491 0.487390 0.706564 0.497491
0 0.740552 0.487390 0.753624 0.497491
0 0.805260 0.487390 0.818333 0.497491
0 0.853628 0.484866 0.934677 0.500016
0 0.693491 0.502541 0.706564 0.512642
0 0.740552 0.502541 0.753624 0.512642
0 0.805260 0.502541 0.818333 0.512642
0 0.853628 0.500016 0.934677 0.515167
0 0.693491 0.517691 0.706564 0.527793
0 0.740552 0.517691 0.753624 0.527793
0 0.805260 0.517691 0.818333 0.527793
0 0.853628 0.515167 0.934677 0.530318
0 0.693491 0.532842 0.706564 0.542944
0 0.740552 0.532842 0.753624 0.542944
0 0.805260 0.532842 0.818333 0.542944
0 0.853628 0.530318 0.934677 0.545469
0 0.847092 0.578306 0.860164 0.588408
0 0.905918 0.578309 0.918990 0.588410
0 0.058826 0.674268 0.188243 0.689419
0 0.188243 0.674268 0.329425 0.689419
0 0.329425 0.674268 0.492911 0.689419
0 0.494137 0.674268 0.657624 0.689419
0 0.658849 0.674268 0.822336 0.689419
0 0.844804 0.676161 0.859511 0.687525
0 0.903630 0.676161 0.918337 0.687525
0 0.058826 0.689419 0.188243 0.704570
0 0.188243 0.689419 0.329425 0.704570
0 0.329425 0.689419 0.492911 0.704570
0 0.494137 0.689419 0.657624 0.704570
0 0.658849 0.689419 0.822336 0.704570
0 0.844804 0.691312 0.859511 0.702676
0 0.903630 0.691312 0.918337 0.702676
0 0.058826 0.704570 0.188243 0.719721
0 0.188243 0.704570 0.329425 0.719721
0 0.329425 0.704570 0.492911 0.719721
0 0.494137 0.704570 0.657624 0.719721
0 0.658849 0.704570 0.822336 0.719721
0 0.844804 0.706463 0.859511 0.717827
0 0.903630 0.706463 0.918337 0.717827
