0 0.058826 0.090914 0.398790 0.121218
0 0.401650 0.090914 0.739980 0.121218
0 0.741206 0.090914 0.941213 0.121218
0 0.058826 0.136370 0.398790 0.151524
0 0.401650 0.136370 0.739980 0.151524
0 0.741206 0.136370 0.941213 0.151524
0 0.847092 0.154044 0.860164 0.164146
0 0.905918 0.154044 0.918990 0.164146
0 0.058826 0.196980 0.257608 0.212131
0 0.260468 0.196980 0.575268 0.212131
0 0.578127 0.196980 0.739980 0.212131
0 0.741206 0.196980 0.823562 0.212131
0 0.824787 0.196980 0.941213 0.212131
0 0.058826 0.212131 0.257608 0.227282
0 0.260468 0.212131 0.575268 0.227282
0 0.578127 0.212131 0.739980 0.227282
0 0.741206 0.212131 0.823562 0.227282
0 0.824787 0.212131 0.941213 0.227282
0 0.058826 0.227282 0.257608 0.242433
0 0.260468 0.227282 0.575268 0.242433
0 0.578127 0.227282 0.739980 0.242433
0 0.741206 0.227282 0.823562 0.242433
0 0.824787 0.227282 0.941213 0.242433
0 0.847092 0.244957 0.860164 0.255058
0 0.905918 0.244957 0.918990 0.255058
0 0.847092 0.260112 0.860164 0.270213
0 0.905918 0.260112 0.918990 0.270213
0 0.847092 0.275262 0.860164 0.285364
0 0.905918 0.275262 0.918990 0.285364
0 0.847092 0.290413 0.860164 0.300515
0 0.905918 0.290413 0.918990 0.300515
0 0.847092 0.335870 0.860164 0.345971
0 0.905918 0.335870 0.918990 0.345971
0 0.847092 0.366175 0.860164 0.376277
0 0.905918 0.366175 0.918990 0.376277
0 0.058826 0.462141 0.270599 0.477292
0 0.270599 0.462141 0.494137 0.477292
0 0.494137 0.462141 0.717675 0.477292
0 0.717675 0.462141 0.941213 0.477292
0 0.058826 0.477292 0.270599 0.492443
0 0.270599 0.477292 0.494137 0.492443
0 0.494137 0.477292 0.717675 0.492443
0 0.717675 0.477292 0.941213 0.492443
0 0.058826 0.492443 0.270599 0.507594
0 0.270599 0.492443 0.494137 0.507594
0 0.494137 0.492443 0.717675 0.507594
0 0.717675 0.492443 0.941213 0.507594
0 0.847092 0.540423 0.860164 0.550525
0 0.905918 0.540423 0.918990 0.550525
0 0.847092 0.646491 0.860164 0.656592
0 0.905918 0.646491 0.918990 0.656592
0 0.058826 0.765181 0.129417 0.780332
0 0.131051 0.765181 0.222313 0.780332
0 0.223538 0.765181 0.328199 0.780332
0 0.329425 0.765181 0.434086 0.780332
0 0.435311 0.765181 0.539972 0.780332
0 0.541198 0.765181 0.645859 0.780332
0 0.648310 0.765181 0.728215 0.780332
0 0.729440 0.765181 0.834101 0.780332
0 0.835327 0.765181 0.941213 0.780332
0 0.058826 0.780332 0.129417 0.795483
0 0.131051 0.780332 0.222313 0.795483
0 0.223538 0.780332 0.328199 0.795483
0 0.329425 0.780332 0.434086 0.795483
0 0.435311 0.780332 0.539972 0.795483
0 0.541198 0.780332 0.645859 0.795483
0 0.648310 0.780332 0.728215 0.795483
0 0.729440 0.780332 0.834101 0.795483
0 0.835327 0.780332 0.941213 0.795483
0 0.058826 0.795483 0.129417 0.810634
0 0.131051 0.795483 0.222313 0.810634
0 0.223538 0.795483 0.328199 0.810634
0 0.329425 0.795483 0.434086 0.810634
0 0.435311 0.795483 0.539972 0.810634
0 0.541198 0.795483 0.645859 0.810634
0 0.648310 0.795483 0.728215 0.810634
0 0.729440 0.795483 0.834101 0.810634
0 0.835327 0.795483 0.941213 0.810634
0 0.552963 0.810634 0.645859 0.825785
0 0.847092 0.810634 0.941213 0.825785
0 0.693491 0.888924 0.706564 0.899025
0 0.740552 0.888924 0.753624 0.899025
0 0.805260 0.888924 0.818333 0.899025
0 0.853628 0.886399 0.934677 0.901550
0 0.693491 0.904074 0.706564 0.914176
0 0.740552 0.904074 0.753624 0.914176
0 0.805260 0.904074 0.818333 0.914176
0 0.853628 0.901550 0.934677 0.916701
0 0.693491 0.919225 0.706564 0.929327
0 0.740552 0.919225 0.753624 0.929327
0 0.805260 0.919225 0.818333 0.929327
0 0.853628 0.916701 0.934677 0.931852
