0 0.811797 0.090913 0.941213 0.106064
0 0.811797 0.106064 0.941213 0.121215
0 0.811797 0.121218 0.941213 0.136369
0 0.811797 0.136369 0.941213 0.151520
0 0.811797 0.166675 0.941213 0.181826
0 0.811797 0.181826 0.941213 0.196976
0 0.811797 0.196976 0.941213 0.212127
0 0.811797 0.212131 0.941213 0.227282
0 0.811797 0.227282 0.941213 0.242433
0 0.811797 0.242433 0.941213 0.257584
0 0.811797 0.257587 0.941213 0.272738
0 0.811797 0.272738 0.941213 0.287889
0 0.811797 0.287889 0.941213 0.303040
0 0.811797 0.303044 0.941213 0.318195
0 0.811797 0.318195 0.941213 0.333346
0 0.811797 0.333346 0.941213 0.348496
0 0.811797 0.348500 0.941213 0.363651
0 0.811797 0.363651 0.941213 0.378802
0 0.811797 0.393957 0.941213 0.409107
0 0.083990 0.439409 0.339556 0.454560
0 0.342824 0.439409 0.539564 0.454560
0 0.542832 0.439409 0.739571 0.454560
0 0.742840 0.439409 0.941213 0.454560
0 0.083990 0.454560 0.339556 0.469711
0 0.342824 0.454560 0.539564 0.469711
0 0.542832 0.454560 0.739571 0.469711
0 0.742840 0.454560 0.941213 0.469711
0 0.083990 0.500020 0.339556 0.515171
0 0.342824 0.500020 0.539564 0.515171
0 0.542832 0.500020 0.739571 0.515171
0 0.742840 0.500020 0.941213 0.515171
0 0.083990 0.515171 0.339556 0.530322
0 0.342824 0.515171 0.539564 0.530322
0 0.542832 0.515171 0.739571 0.530322
0 0.742840 0.515171 0.941213 0.530322
0 0.083990 0.530322 0.339556 0.545473
0 0.342824 0.530322 0.539564 0.545473
0 0.542832 0.530322 0.739571 0.545473
0 0.742840 0.530322 0.941213 0.545473
0 0.423546 0.590933 0.551737 0.606084
0 0.552963 0.590933 0.681154 0.606084
0 0.682380 0.590933 0.810571 0.606084
0 0.811797 0.590933 0.941213 0.606084
0 0.423546 0.606084 0.551737 0.621235
0 0.552963 0.606084 0.681154 0.621235
0 0.682380 0.606084 0.810571 0.621235
0 0.811797 0.606084 0.941213 0.621235
0 0.423546 0.621235 0.551737 0.636386
0 0.552963 0.621235 0.681154 0.636386
0 0.682380 0.621235 0.810571 0.636386
0 0.811797 0.621235 0.941213 0.636386
0 0.423546 0.636386 0.551737 0.651536
0 0.552963 0.636386 0.681154 0.651536
0 0.682380 0.636386 0.810571 0.651536
0 0.811797 0.636386 0.941213 0.651536
0 0.423546 0.651536 0.551737 0.666687
0 0.552963 0.651536 0.681154 0.666687
0 0.682380 0.651536 0.810571 0.666687
0 0.811797 0.651536 0.941213 0.666687
0 0.423546 0.666687 0.551737 0.681838
0 0.552963 0.666687 0.681154 0.681838
0 0.682380 0.666687 0.810571 0.681838
0 0.811797 0.666687 0.941213 0.681838
0 0.423546 0.681838 0.551737 0.696989
0 0.552963 0.681838 0.681154 0.696989
0 0.682380 0.681838 0.810571 0.696989
0 0.811797 0.681838 0.941213 0.696989
0 0.423546 0.696989 0.551737 0.712140
0 0.552963 0.696989 0.681154 0.712140
0 0.682380 0.696989 0.810571 0.712140
0 0.811797 0.696989 0.941213 0.712140
0 0.423546 0.712140 0.551737 0.727291
0 0.552963 0.712140 0.681154 0.727291
0 0.682380 0.712140 0.810571 0.727291
0 0.811797 0.712140 0.941213 0.727291
0 0.423546 0.727291 0.551737 0.742442
0 0.552963 0.727291 0.681154 0.742442
0 0.682380 0.727291 0.810571 0.742442
0 0.811797 0.727291 0.941213 0.742442
0 0.423546 0.742442 0.551737 0.757592
0 0.552963 0.742442 0.681154 0.757592
0 0.682380 0.742442 0.810571 0.757592
0 0.811797 0.742442 0.941213 0.757592
0 0.423546 0.757592 0.551737 0.772743
0 0.552963 0.757592 0.681154 0.772743
0 0.682380 0.757592 0.810571 0.772743
0 0.811797 0.757592 0.941213 0.772743
0 0.423546 0.787894 0.551737 0.803045
0 0.552963 0.787894 0.681154 0.803045
0 0.682380 0.787894 0.810571 0.803045
0 0.811797 0.787894 0.941213 0.803045
0 0.423546 0.803045 0.551737 0.818196
0 0.552963 0.803045 0.681154 0.818196
0 0.682380 0.803045 0.810571 0.818196
0 0.811797 0.803045 0.941213 0.818196
0 0.423546 0.818196 0.551737 0.833347
0 0.552963 0.818196 0.681154 0.833347
0 0.682380 0.818196 0.810571 0.833347
0 0.811797 0.818196 0.941213 0.833347
0 0.423546 0.833347 0.551737 0.848498
0 0.552963 0.833347 0.681154 0.848498
0 0.682380 0.833347 0.810571 0.848498
0 0.811797 0.833347 0.941213 0.848498
0 0.423546 0.848498 0.551737 0.863649
0 0.552963 0.848498 0.681154 0.863649
0 0.682380 0.848498 0.810571 0.863649
0 0.811797 0.848498 0.941213 0.863649
0 0.423546 0.878799 0.551737 0.893950
0 0.552963 0.878799 0.681154 0.893950
0 0.682380 0.878799 0.810571 0.893950
0 0.811797 0.878799 0.941213 0.893950
0 0.423546 0.893950 0.551737 0.909101
0 0.552963 0.893950 0.681154 0.909101
0 0.682380 0.893950 0.810571 0.909101
0 0.811797 0.893950 0.941213 0.909101
0 0.423546 0.909101 0.551737 0.924252
0 0.552963 0.909101 0.681154 0.924252
0 0.682380 0.909101 0.810571 0.924252
0 0.811797 0.909101 0.941213 0.924252
0 0.423546 0.924252 0.551737 0.939403
0 0.552963 0.924252 0.681154 0.939403
0 0.682380 0.924252 0.810571 0.939403
0 0.811797 0.924252 0.941213 0.939403
0 0.423546 0.939403 0.551737 0.954554
0 0.552963 0.939403 0.681154 0.954554
0 0.682380 0.939403 0.810571 0.954554
0 0.811797 0.939403 0.941213 0.954554
