0 0.847092 0.108588 0.860164 0.118689
0 0.905918 0.108588 0.918990 0.118689
0 0.058826 0.181826 0.188243 0.196976
0 0.189877 0.181826 0.798806 0.196976
0 0.800031 0.181826 0.941213 0.196976
0 0.058826 0.196976 0.188243 0.212127
0 0.189877 0.196976 0.798806 0.212127
0 0.800031 0.196976 0.941213 0.212127
0 0.058826 0.212127 0.188243 0.227278
0 0.189877 0.212127 0.798806 0.227278
0 0.800031 0.212127 0.941213 0.227278
0 0.811797 0.227282 0.941213 0.242433
0 0.847092 0.260112 0.860164 0.270213
0 0.905918 0.260112 0.918990 0.270213
0 0.058826 0.318195 0.188243 0.333346
0 0.189877 0.318195 0.410555 0.333346
0 0.413415 0.318195 0.798806 0.333346
0 0.800031 0.318195 0.941213 0.333346
0 0.058826 0.333346 0.188243 0.348496
0 0.189877 0.333346 0.410555 0.348496
0 0.413415 0.333346 0.798806 0.348496
0 0.800031 0.333346 0.941213 0.348496
0 0.058826 0.348496 0.188243 0.363647
0 0.189877 0.348496 0.410555 0.363647
0 0.413415 0.348496 0.798806 0.363647
0 0.800031 0.348496 0.941213 0.363647
0 0.058826 0.363647 0.188243 0.378798
0 0.189877 0.363647 0.410555 0.378798
0 0.413415 0.363647 0.798806 0.378798
0 0.800031 0.363647 0.941213 0.378798
0 0.116998 0.426782 0.130070 0.436884
0 0.246415 0.426782 0.259487 0.436884
0 0.319294 0.424258 0.798806 0.439409
0 0.800031 0.424258 0.941213 0.439409
0 0.116998 0.442323 0.130070 0.452425
0 0.246415 0.442323 0.259487 0.452425
0 0.319294 0.439409 0.798806 0.455340
0 0.800031 0.439409 0.941213 0.455340
0 0.116998 0.457864 0.130070 0.467966
0 0.246415 0.457864 0.259487 0.467966
0 0.319294 0.455340 0.798806 0.470491
0 0.800031 0.455340 0.941213 0.470491
0 0.116998 0.473015 0.130070 0.483117
0 0.246415 0.473015 0.259487 0.483117
0 0.319294 0.470491 0.798806 0.485642
0 0.800031 0.470491 0.941213 0.485642
0 0.847092 0.502544 0.860164 0.512646
0 0.905918 0.502544 0.918990 0.512646
0 0.505902 0.545477 0.776501 0.560630
0 0.131051 0.588409 0.363495 0.606088
0 0.761795 0.579569 0.774867 0.589670
0 0.800031 0.588409 0.941213 0.606088
0 0.223538 0.606084 0.716450 0.621235
0 0.223538 0.621238 0.716450 0.636389
0 0.788266 0.606084 0.941213 0.621235
0 0.788266 0.621238 0.941213 0.636389
