0 0.200696 0.060607 0.223538 0.075762
0 0.811797 0.090913 0.941213 0.106064
0 0.811797 0.106064 0.941213 0.121215
0 0.811797 0.121218 0.941213 0.136369
0 0.247069 0.136369 0.388251 0.151520
0 0.811797 0.151520 0.941213 0.166671
0 0.811797 0.166675 0.941213 0.181826
0 0.811797 0.181826 0.941213 0.196976
0 0.811797 0.196976 0.941213 0.212127
0 0.811797 0.212131 0.941213 0.227282
0 0.811797 0.227282 0.941213 0.242433
0 0.811797 0.242433 0.941213 0.257584
0 0.811797 0.257587 0.941213 0.272738
0 0.811797 0.272738 0.941213 0.287889
0 0.811797 0.287889 0.941213 0.303040
0 0.811797 0.303044 0.941213 0.318195
0 0.811797 0.318195 0.941213 0.333346
0 0.811797 0.333346 0.941213 0.348496
0 0.811797 0.348500 0.941213 0.363651
0 0.470607 0.409107 0.776501 0.424262
