0 0.283052 0.060607 0.305894 0.075758
0 0.058826 0.136370 0.681154 0.151524
0 0.684014 0.136370 0.941213 0.151524
0 0.058826 0.166672 0.681154 0.181826
0 0.684014 0.166672 0.941213 0.181826
0 0.058826 0.196976 0.316434 0.212131
0 0.319294 0.196976 0.528207 0.212131
0 0.531067 0.196976 0.681154 0.212131
0 0.684014 0.196976 0.941213 0.212131
0 0.817025 0.229806 0.830098 0.239907
0 0.887617 0.229806 0.900689 0.239907
0 0.817025 0.282208 0.830098 0.292310
0 0.887617 0.282208 0.900689 0.292310
0 0.058826 0.310617 0.681154 0.325772
0 0.684014 0.310617 0.941213 0.325772
0 0.058826 0.340923 0.941213 0.356078
0 0.058826 0.371225 0.316434 0.386379
0 0.319294 0.371225 0.528207 0.386379
0 0.531067 0.371225 0.681154 0.386379
0 0.684014 0.371225 0.941213 0.386379
0 0.058826 0.401530 0.681154 0.416685
0 0.684014 0.401530 0.941213 0.416685
0 0.058826 0.431836 0.941213 0.446990
0 0.058826 0.462137 0.316434 0.477292
0 0.319294 0.462137 0.528207 0.477292
0 0.531067 0.462137 0.681154 0.477292
0 0.684014 0.462137 0.941213 0.477292
0 0.614076 0.477292 0.941213 0.492443
0 0.058826 0.507594 0.681154 0.522748
0 0.684014 0.507594 0.941213 0.522748
0 0.058826 0.537899 0.941213 0.553054
0 0.058826 0.568205 0.316434 0.583359
0 0.319294 0.568205 0.528207 0.583359
0 0.531067 0.568205 0.681154 0.583359
0 0.684014 0.568205 0.941213 0.583359
0 0.058826 0.681846 0.163487 0.696997
0 0.165938 0.681846 0.363495 0.696997
0 0.365946 0.681846 0.539972 0.696997
0 0.542423 0.681846 0.669389 0.696997
0 0.671840 0.681846 0.775276 0.696997
0 0.777727 0.681846 0.941213 0.696997
0 0.058826 0.696997 0.163487 0.712148
0 0.165938 0.696997 0.363495 0.712148
0 0.365946 0.696997 0.539972 0.712148
0 0.542423 0.696997 0.669389 0.712148
0 0.671840 0.696997 0.775276 0.712148
0 0.777727 0.696997 0.941213 0.712148
0 0.058826 0.712148 0.163487 0.727298
0 0.165938 0.712148 0.363495 0.727298
0 0.365946 0.712148 0.539972 0.727298
0 0.542423 0.712148 0.669389 0.727298
0 0.671840 0.712148 0.775276 0.727298
0 0.777727 0.712148 0.941213 0.727298
0 0.058826 0.727298 0.163487 0.742449
0 0.165938 0.727298 0.363495 0.742449
0 0.365946 0.727298 0.539972 0.742449
0 0.542423 0.727298 0.669389 0.742449
0 0.671840 0.727298 0.775276 0.742449
0 0.777727 0.727298 0.941213 0.742449
0 0.058826 0.742449 0.163487 0.757600
0 0.165938 0.742449 0.363495 0.757600
0 0.365946 0.742449 0.539972 0.757600
0 0.542423 0.742449 0.669389 0.757600
0 0.671840 0.742449 0.775276 0.757600
0 0.777727 0.742449 0.941213 0.757600
0 0.058826 0.757600 0.163487 0.772751
0 0.165938 0.757600 0.363495 0.772751
0 0.365946 0.757600 0.539972 0.772751
0 0.542423 0.757600 0.669389 0.772751
0 0.671840 0.757600 0.775276 0.772751
0 0.777727 0.757600 0.941213 0.772751
0 0.058826 0.772751 0.163487 0.787902
0 0.165938 0.772751 0.363495 0.787902
0 0.365946 0.772751 0.539972 0.787902
0 0.542423 0.772751 0.669389 0.787902
0 0.671840 0.772751 0.775276 0.787902
0 0.777727 0.772751 0.941213 0.787902
0 0.058826 0.787902 0.163487 0.803053
0 0.165938 0.787902 0.363495 0.803053
0 0.365946 0.787902 0.539972 0.803053
0 0.542423 0.787902 0.669389 0.803053
0 0.671840 0.787902 0.775276 0.803053
0 0.777727 0.787902 0.941213 0.803053
0 0.788266 0.803064 0.941213 0.818215
0 0.376485 0.851044 0.389558 0.861146
0 0.494137 0.851044 0.507209 0.861146
0 0.623554 0.851044 0.636626 0.861146
0 0.470607 0.909128 0.776501 0.924282
