0 0.283052 0.060607 0.305894 0.075758
0 0.058826 0.136370 0.681154 0.151524
0 0.684014 0.136370 0.941213 0.151524
0 0.058826 0.166672 0.681154 0.181826
0 0.684014 0.166672 0.941213 0.181826
0 0.058826 0.196978 0.316434 0.212131
0 0.319294 0.196978 0.528207 0.212131
0 0.531067 0.196978 0.681154 0.212131
0 0.684014 0.196978 0.941213 0.212131
0 0.817025 0.229806 0.830098 0.239907
0 0.887617 0.229806 0.900689 0.239907
0 0.058826 0.272740 0.681154 0.287893
0 0.684014 0.272740 0.941213 0.287893
0 0.058826 0.303041 0.941213 0.318195
0 0.058826 0.333347 0.316434 0.348500
0 0.319294 0.333347 0.528207 0.348500
0 0.531067 0.333347 0.681154 0.348500
0 0.684014 0.333347 0.941213 0.348500
0 0.058826 0.363652 0.681154 0.378806
0 0.684014 0.363652 0.941213 0.378806
0 0.058826 0.393953 0.941213 0.409107
0 0.058826 0.424258 0.316434 0.439413
0 0.319294 0.424258 0.528207 0.439413
0 0.531067 0.424258 0.681154 0.439413
0 0.684014 0.424258 0.941213 0.439413
0 0.618978 0.439413 0.941213 0.454564
0 0.058826 0.469715 0.681154 0.484869
0 0.684014 0.469715 0.941213 0.484869
0 0.058826 0.500020 0.941213 0.515175
0 0.058826 0.530322 0.316434 0.545477
0 0.319294 0.530322 0.528207 0.545477
0 0.531067 0.530322 0.681154 0.545477
0 0.684014 0.530322 0.941213 0.545477
0 0.105887 0.590933 0.941213 0.606084
0 0.105887 0.606084 0.941213 0.621235
0 0.705256 0.621238 0.941213 0.636389
0 0.058826 0.697000 0.163487 0.712151
0 0.165938 0.697000 0.363495 0.712151
0 0.365946 0.697000 0.539972 0.712151
0 0.542423 0.697000 0.669389 0.712151
0 0.671840 0.697000 0.775276 0.712151
0 0.777727 0.697000 0.941213 0.712151
0 0.058826 0.712151 0.163487 0.727302
0 0.165938 0.712151 0.363495 0.727302
0 0.365946 0.712151 0.539972 0.727302
0 0.542423 0.712151 0.669389 0.727302
0 0.671840 0.712151 0.775276 0.727302
0 0.777727 0.712151 0.941213 0.727302
0 0.058826 0.727302 0.163487 0.742453
0 0.165938 0.727302 0.363495 0.742453
0 0.365946 0.727302 0.539972 0.742453
0 0.542423 0.727302 0.669389 0.742453
0 0.671840 0.727302 0.775276 0.742453
0 0.777727 0.727302 0.941213 0.742453
0 0.058826 0.742453 0.163487 0.757604
0 0.165938 0.742453 0.363495 0.757604
0 0.365946 0.742453 0.539972 0.757604
0 0.542423 0.742453 0.669389 0.757604
0 0.671840 0.742453 0.775276 0.757604
0 0.777727 0.742453 0.941213 0.757604
0 0.058826 0.757604 0.163487 0.772755
0 0.165938 0.757604 0.363495 0.772755
0 0.365946 0.757604 0.539972 0.772755
0 0.542423 0.757604 0.669389 0.772755
0 0.671840 0.757604 0.775276 0.772755
0 0.777727 0.757604 0.941213 0.772755
0 0.058826 0.772755 0.163487 0.787906
0 0.165938 0.772755 0.363495 0.787906
0 0.365946 0.772755 0.539972 0.787906
0 0.542423 0.772755 0.669389 0.787906
0 0.671840 0.772755 0.775276 0.787906
0 0.777727 0.772755 0.941213 0.787906
0 0.058826 0.787906 0.163487 0.803056
0 0.165938 0.787906 0.363495 0.803056
0 0.365946 0.787906 0.539972 0.803056
0 0.542423 0.787906 0.669389 0.803056
0 0.671840 0.787906 0.775276 0.803056
0 0.777727 0.787906 0.941213 0.803056
0 0.058826 0.803056 0.163487 0.818207
0 0.165938 0.803056 0.363495 0.818207
0 0.365946 0.803056 0.539972 0.818207
0 0.542423 0.803056 0.669389 0.818207
0 0.671840 0.803056 0.775276 0.818207
0 0.777727 0.803056 0.941213 0.818207
0 0.788266 0.818215 0.941213 0.833366
