0 0.500000 0.156563 0.513072 0.166664
0 0.529412 0.151514 0.576471 0.166664
0 0.576471 0.151514 0.658824 0.166664
0 0.658824 0.151514 0.751716 0.166664
0 0.752941 0.151514 0.845833 0.166664
0 0.847059 0.151514 0.941176 0.166664
0 0.500000 0.171713 0.513072 0.181814
0 0.529412 0.166664 0.576471 0.181814
0 0.576471 0.166664 0.658824 0.181814
0 0.658824 0.166664 0.751716 0.181814
0 0.752941 0.166664 0.845833 0.181814
0 0.847059 0.166664 0.941176 0.181814
0 0.500000 0.186864 0.513072 0.196965
0 0.529412 0.181814 0.576471 0.196965
0 0.576471 0.181814 0.658824 0.196965
0 0.658824 0.181814 0.751716 0.196965
0 0.752941 0.181814 0.845833 0.196965
0 0.847059 0.181814 0.941176 0.196965
0 0.500000 0.202014 0.513072 0.212115
0 0.529412 0.196965 0.576471 0.212115
0 0.576471 0.196965 0.658824 0.212115
0 0.658824 0.196965 0.751716 0.212115
0 0.752941 0.196965 0.845833 0.212115
0 0.847059 0.196965 0.941176 0.212115
0 0.500000 0.217164 0.513072 0.227265
0 0.529412 0.212115 0.576471 0.227265
0 0.576471 0.212115 0.658824 0.227265
0 0.658824 0.212115 0.751716 0.227265
0 0.752941 0.212115 0.845833 0.227265
0 0.847059 0.212115 0.941176 0.227265
0 0.500000 0.232314 0.513072 0.242415
0 0.529412 0.227265 0.576471 0.242415
0 0.576471 0.227265 0.658824 0.242415
0 0.658824 0.227265 0.751716 0.242415
0 0.752941 0.227265 0.845833 0.242415
0 0.847059 0.227265 0.941176 0.242415
0 0.500000 0.247465 0.513072 0.257566
0 0.529412 0.242415 0.576471 0.257566
0 0.576471 0.242415 0.658824 0.257566
0 0.658824 0.242415 0.751716 0.257566
0 0.752941 0.242415 0.845833 0.257566
0 0.847059 0.242415 0.941176 0.257566
0 0.500000 0.262615 0.513072 0.272716
0 0.529412 0.257566 0.576471 0.272716
0 0.576471 0.257566 0.658824 0.272716
0 0.658824 0.257566 0.751716 0.272716
0 0.752941 0.257566 0.845833 0.272716
0 0.847059 0.257566 0.941176 0.272716
0 0.500000 0.277765 0.513072 0.287866
0 0.529412 0.272716 0.576471 0.287866
0 0.576471 0.272716 0.658824 0.287866
0 0.658824 0.272716 0.751716 0.287866
0 0.752941 0.272716 0.845833 0.287866
0 0.847059 0.272716 0.941176 0.287866
0 0.500000 0.292915 0.513072 0.303016
0 0.529412 0.287866 0.576471 0.303016
0 0.576471 0.287866 0.658824 0.303016
0 0.658824 0.287866 0.751716 0.303016
0 0.752941 0.287866 0.845833 0.303016
0 0.847059 0.287866 0.941176 0.303016
0 0.500000 0.308066 0.513072 0.318167
0 0.529412 0.303016 0.576471 0.318167
0 0.576471 0.303016 0.658824 0.318167
0 0.658824 0.303016 0.751716 0.318167
0 0.752941 0.303016 0.845833 0.318167
0 0.847059 0.303016 0.941176 0.318167
0 0.500000 0.323216 0.513072 0.333317
0 0.529412 0.318167 0.576471 0.333317
0 0.576471 0.318167 0.658824 0.333317
0 0.658824 0.318167 0.751716 0.333317
0 0.752941 0.318167 0.845833 0.333317
0 0.847059 0.318167 0.941176 0.333317
0 0.500000 0.338366 0.513072 0.348467
0 0.529412 0.333317 0.576471 0.348467
0 0.576471 0.333317 0.658824 0.348467
0 0.658824 0.333317 0.751716 0.348467
0 0.752941 0.333317 0.845833 0.348467
0 0.847059 0.333317 0.941176 0.348467
0 0.500000 0.353516 0.513072 0.363617
0 0.529412 0.348467 0.576471 0.363617
0 0.576471 0.348467 0.658824 0.363617
0 0.658824 0.348467 0.751716 0.363617
0 0.752941 0.348467 0.845833 0.363617
0 0.847059 0.348467 0.941176 0.363617
0 0.500000 0.368667 0.513072 0.378768
0 0.529412 0.363617 0.576471 0.378768
0 0.576471 0.363617 0.658824 0.378768
0 0.658824 0.363617 0.751716 0.378768
0 0.752941 0.363617 0.845833 0.378768
0 0.847059 0.363617 0.941176 0.378768
0 0.500000 0.383817 0.513072 0.393918
0 0.529412 0.378768 0.576471 0.393918
0 0.576471 0.378768 0.658824 0.393918
0 0.658824 0.378768 0.751716 0.393918
0 0.752941 0.378768 0.845833 0.393918
0 0.847059 0.378768 0.941176 0.393918
0 0.500000 0.398967 0.513072 0.409068
0 0.529412 0.393918 0.576471 0.409068
0 0.576471 0.393918 0.658824 0.409068
0 0.658824 0.393918 0.751716 0.409068
0 0.752941 0.393918 0.845833 0.409068
0 0.847059 0.393918 0.941176 0.409068
0 0.500000 0.414117 0.513072 0.424218
0 0.529412 0.409068 0.576471 0.424218
0 0.576471 0.409068 0.658824 0.424218
0 0.658824 0.409068 0.751716 0.424218
0 0.752941 0.409068 0.845833 0.424218
0 0.847059 0.409068 0.941176 0.424218
0 0.500000 0.429268 0.513072 0.439369
0 0.529412 0.424218 0.576471 0.439369
0 0.576471 0.424218 0.658824 0.439369
0 0.658824 0.424218 0.751716 0.439369
0 0.752941 0.424218 0.845833 0.439369
0 0.847059 0.424218 0.941176 0.439369
0 0.500000 0.444418 0.513072 0.454519
0 0.529412 0.439369 0.576471 0.454519
0 0.576471 0.439369 0.658824 0.454519
0 0.658824 0.439369 0.751716 0.454519
0 0.752941 0.439369 0.845833 0.454519
0 0.847059 0.439369 0.941176 0.454519
0 0.500000 0.459568 0.513072 0.469669
0 0.529412 0.454519 0.576471 0.469669
0 0.576471 0.454519 0.658824 0.469669
0 0.658824 0.454519 0.751716 0.469669
0 0.752941 0.454519 0.845833 0.469669
0 0.847059 0.454519 0.941176 0.469669
0 0.500000 0.474718 0.513072 0.484819
0 0.529412 0.469669 0.576471 0.484819
0 0.576471 0.469669 0.658824 0.484819
0 0.658824 0.469669 0.751716 0.484819
0 0.752941 0.469669 0.845833 0.484819
0 0.847059 0.469669 0.941176 0.484819
0 0.500000 0.489869 0.513072 0.499970
0 0.529412 0.484819 0.576471 0.499970
0 0.576471 0.484819 0.658824 0.499970
0 0.658824 0.484819 0.751716 0.499970
0 0.752941 0.484819 0.845833 0.499970
0 0.847059 0.484819 0.941176 0.499970
0 0.500000 0.505019 0.513072 0.515120
0 0.529412 0.499970 0.576471 0.515120
0 0.576471 0.499970 0.658824 0.515120
0 0.658824 0.499970 0.751716 0.515120
0 0.752941 0.499970 0.845833 0.515120
0 0.847059 0.499970 0.941176 0.515120
0 0.500000 0.520169 0.513072 0.530270
0 0.529412 0.515120 0.576471 0.530270
0 0.576471 0.515120 0.658824 0.530270
0 0.658824 0.515120 0.751716 0.530270
0 0.752941 0.515120 0.845833 0.530270
0 0.847059 0.515120 0.941176 0.530270
0 0.500000 0.535319 0.513072 0.545420
0 0.529412 0.530270 0.576471 0.545420
0 0.576471 0.530270 0.658824 0.545420
0 0.658824 0.530270 0.751716 0.545420
0 0.752941 0.530270 0.845833 0.545420
0 0.847059 0.530270 0.941176 0.545420
0 0.500000 0.550470 0.513072 0.560571
0 0.529412 0.545420 0.576471 0.560571
0 0.576471 0.545420 0.658824 0.560571
0 0.658824 0.545420 0.751716 0.560571
0 0.752941 0.545420 0.845833 0.560571
0 0.847059 0.545420 0.941176 0.560571
0 0.500000 0.565620 0.513072 0.575721
0 0.529412 0.560571 0.576471 0.575721
0 0.576471 0.560571 0.658824 0.575721
0 0.658824 0.560571 0.751716 0.575721
0 0.752941 0.560571 0.845833 0.575721
0 0.847059 0.560571 0.941176 0.575721
0 0.500000 0.580770 0.513072 0.590871
0 0.529412 0.575721 0.576471 0.590871
0 0.576471 0.575721 0.658824 0.590871
0 0.658824 0.575721 0.751716 0.590871
0 0.752941 0.575721 0.845833 0.590871
0 0.847059 0.575721 0.941176 0.590871
0 0.500000 0.595920 0.513072 0.606021
0 0.529412 0.590871 0.576471 0.606021
0 0.576471 0.590871 0.658824 0.606021
0 0.658824 0.590871 0.751716 0.606021
0 0.752941 0.590871 0.845833 0.606021
0 0.847059 0.590871 0.941176 0.606021
0 0.500000 0.611071 0.513072 0.621172
0 0.529412 0.606021 0.576471 0.621172
0 0.576471 0.606021 0.658824 0.621172
0 0.658824 0.606021 0.751716 0.621172
0 0.752941 0.606021 0.845833 0.621172
0 0.847059 0.606021 0.941176 0.621172
0 0.500000 0.626221 0.513072 0.636322
0 0.529412 0.621172 0.576471 0.636322
0 0.576471 0.621172 0.658824 0.636322
0 0.658824 0.621172 0.751716 0.636322
0 0.752941 0.621172 0.845833 0.636322
0 0.847059 0.621172 0.941176 0.636322
0 0.500000 0.641371 0.513072 0.651472
0 0.529412 0.636322 0.576471 0.651472
0 0.576471 0.636322 0.658824 0.651472
0 0.658824 0.636322 0.751716 0.651472
0 0.752941 0.636322 0.845833 0.651472
0 0.847059 0.636322 0.941176 0.651472
0 0.500000 0.656521 0.513072 0.666622
0 0.529412 0.651472 0.576471 0.666622
0 0.576471 0.651472 0.658824 0.666622
0 0.658824 0.651472 0.751716 0.666622
0 0.752941 0.651472 0.845833 0.666622
0 0.847059 0.651472 0.941176 0.666622
0 0.500000 0.671672 0.513072 0.681773
0 0.529412 0.666622 0.576471 0.681773
0 0.576471 0.666622 0.658824 0.681773
0 0.658824 0.666622 0.751716 0.681773
0 0.752941 0.666622 0.845833 0.681773
0 0.847059 0.666622 0.941176 0.681773
0 0.500000 0.686822 0.513072 0.696923
0 0.529412 0.681773 0.576471 0.696923
0 0.576471 0.681773 0.658824 0.696923
0 0.658824 0.681773 0.751716 0.696923
0 0.752941 0.681773 0.845833 0.696923
0 0.847059 0.681773 0.941176 0.696923
0 0.500000 0.701972 0.513072 0.712073
0 0.529412 0.696923 0.576471 0.712073
0 0.576471 0.696923 0.658824 0.712073
0 0.658824 0.696923 0.751716 0.712073
0 0.752941 0.696923 0.845833 0.712073
0 0.847059 0.696923 0.941176 0.712073
0 0.500000 0.732273 0.513072 0.742374
0 0.529412 0.727223 0.576471 0.742374
0 0.576471 0.727223 0.658824 0.742374
0 0.658824 0.727223 0.751716 0.742374
0 0.752941 0.727223 0.845833 0.742374
0 0.847059 0.727223 0.941176 0.742374
0 0.500000 0.747423 0.513072 0.757524
0 0.529412 0.742374 0.576471 0.757524
0 0.576471 0.742374 0.658824 0.757524
0 0.658824 0.742374 0.751716 0.757524
0 0.752941 0.742374 0.845833 0.757524
0 0.847059 0.742374 0.941176 0.757524
0 0.500000 0.762573 0.513072 0.772674
0 0.529412 0.757524 0.576471 0.772674
0 0.576471 0.757524 0.658824 0.772674
0 0.658824 0.757524 0.751716 0.772674
0 0.752941 0.757524 0.845833 0.772674
0 0.847059 0.757524 0.941176 0.772674
0 0.500000 0.777724 0.513072 0.787825
0 0.529412 0.772674 0.576471 0.787825
0 0.576471 0.772674 0.658824 0.787825
0 0.658824 0.772674 0.751716 0.787825
0 0.752941 0.772674 0.845833 0.787825
0 0.847059 0.772674 0.941176 0.787825
0 0.500000 0.792874 0.513072 0.802975
0 0.529412 0.787825 0.576471 0.802975
0 0.576471 0.787825 0.658824 0.802975
0 0.658824 0.787825 0.751716 0.802975
0 0.752941 0.787825 0.845833 0.802975
0 0.847059 0.787825 0.941176 0.802975
0 0.500000 0.808024 0.513072 0.818125
0 0.529412 0.802975 0.576471 0.818125
0 0.576471 0.802975 0.658824 0.818125
0 0.658824 0.802975 0.751716 0.818125
0 0.752941 0.802975 0.845833 0.818125
0 0.847059 0.802975 0.941176 0.818125
0 0.500000 0.823174 0.513072 0.833275
0 0.529412 0.818125 0.576471 0.833275
0 0.576471 0.818125 0.658824 0.833275
0 0.658824 0.818125 0.751716 0.833275
0 0.752941 0.818125 0.845833 0.833275
0 0.847059 0.818125 0.941176 0.833275
0 0.500000 0.838324 0.513072 0.848426
0 0.529412 0.833275 0.576471 0.848426
0 0.576471 0.833275 0.658824 0.848426
0 0.658824 0.833275 0.751716 0.848426
0 0.752941 0.833275 0.845833 0.848426
0 0.847059 0.833275 0.941176 0.848426
0 0.500000 0.853475 0.513072 0.863576
0 0.529412 0.848426 0.576471 0.863576
0 0.576471 0.848426 0.658824 0.863576
0 0.658824 0.848426 0.751716 0.863576
0 0.752941 0.848426 0.845833 0.863576
0 0.847059 0.848426 0.941176 0.863576
0 0.500000 0.868625 0.513072 0.878726
0 0.529412 0.863576 0.576471 0.878726
0 0.576471 0.863576 0.658824 0.878726
0 0.658824 0.863576 0.751716 0.878726
0 0.752941 0.863576 0.845833 0.878726
0 0.847059 0.863576 0.941176 0.878726
0 0.500000 0.883775 0.513072 0.893876
0 0.529412 0.878726 0.576471 0.893876
0 0.576471 0.878726 0.658824 0.893876
0 0.658824 0.878726 0.751716 0.893876
0 0.752941 0.878726 0.845833 0.893876
0 0.847059 0.878726 0.941176 0.893876
0 0.500000 0.898925 0.513072 0.909026
0 0.529412 0.893876 0.576471 0.909026
0 0.576471 0.893876 0.658824 0.909026
0 0.658824 0.893876 0.751716 0.909026
0 0.752941 0.893876 0.845833 0.909026
0 0.847059 0.893876 0.941176 0.909026
