0 0.500000 0.156563 0.513072 0.166664
0 0.529412 0.151514 0.576471 0.166664
0 0.576471 0.151514 0.658824 0.166664
0 0.658824 0.151514 0.751716 0.166664
0 0.752941 0.151514 0.845833 0.166664
0 0.847059 0.151514 0.941176 0.166664
0 0.500000 0.171713 0.513072 0.181814
0 0.529412 0.166664 0.576471 0.181814
0 0.576471 0.166664 0.658824 0.181814
0 0.658824 0.166664 0.751716 0.181814
0 0.752941 0.166664 0.845833 0.181814
0 0.847059 0.166664 0.941176 0.181814
0 0.500000 0.202018 0.513072 0.212119
0 0.529412 0.196966 0.576471 0.212119
0 0.576471 0.196966 0.658824 0.212119
0 0.658824 0.196966 0.751716 0.212119
0 0.752941 0.196966 0.845833 0.212119
0 0.847059 0.196966 0.941176 0.212119
0 0.500000 0.217168 0.513072 0.227269
0 0.529412 0.212119 0.576471 0.227269
0 0.576471 0.212119 0.658824 0.227269
0 0.658824 0.212119 0.751716 0.227269
0 0.752941 0.212119 0.845833 0.227269
0 0.847059 0.212119 0.941176 0.227269
0 0.500000 0.247472 0.513072 0.257573
0 0.529412 0.242420 0.576471 0.257573
0 0.576471 0.242420 0.658824 0.257573
0 0.658824 0.242420 0.751716 0.257573
0 0.752941 0.242420 0.845833 0.257573
0 0.847059 0.242420 0.941176 0.257573
0 0.500000 0.262622 0.513072 0.272723
0 0.529412 0.257573 0.576471 0.272723
0 0.576471 0.257573 0.658824 0.272723
0 0.658824 0.257573 0.751716 0.272723
0 0.752941 0.257573 0.845833 0.272723
0 0.847059 0.257573 0.941176 0.272723
0 0.500000 0.277773 0.513072 0.287874
0 0.529412 0.272723 0.576471 0.287874
0 0.576471 0.272723 0.658824 0.287874
0 0.658824 0.272723 0.751716 0.287874
0 0.752941 0.272723 0.845833 0.287874
0 0.847059 0.272723 0.941176 0.287874
0 0.500000 0.308077 0.513072 0.318178
0 0.529412 0.303025 0.576471 0.318178
0 0.576471 0.303025 0.658824 0.318178
0 0.658824 0.303025 0.751716 0.318178
0 0.752941 0.303025 0.845833 0.318178
0 0.847059 0.303025 0.941176 0.318178
0 0.500000 0.323227 0.513072 0.333328
0 0.529412 0.318178 0.576471 0.333328
0 0.576471 0.318178 0.658824 0.333328
0 0.658824 0.318178 0.751716 0.333328
0 0.752941 0.318178 0.845833 0.333328
0 0.847059 0.318178 0.941176 0.333328
0 0.500000 0.338378 0.513072 0.348479
0 0.529412 0.333328 0.576471 0.348479
0 0.576471 0.333328 0.658824 0.348479
0 0.658824 0.333328 0.751716 0.348479
0 0.752941 0.333328 0.845833 0.348479
0 0.847059 0.333328 0.941176 0.348479
0 0.500000 0.353528 0.513072 0.363629
0 0.529412 0.348479 0.576471 0.363629
0 0.576471 0.348479 0.658824 0.363629
0 0.658824 0.348479 0.751716 0.363629
0 0.752941 0.348479 0.845833 0.363629
0 0.847059 0.348479 0.941176 0.363629
0 0.500000 0.368678 0.513072 0.378779
0 0.529412 0.363629 0.576471 0.378779
0 0.576471 0.363629 0.658824 0.378779
0 0.658824 0.363629 0.751716 0.378779
0 0.752941 0.363629 0.845833 0.378779
0 0.847059 0.363629 0.941176 0.378779
0 0.500000 0.383828 0.513072 0.393929
0 0.529412 0.378779 0.576471 0.393929
0 0.576471 0.378779 0.658824 0.393929
0 0.658824 0.378779 0.751716 0.393929
0 0.752941 0.378779 0.845833 0.393929
0 0.847059 0.378779 0.941176 0.393929
0 0.500000 0.398979 0.513072 0.409080
0 0.529412 0.393929 0.576471 0.409080
0 0.576471 0.393929 0.658824 0.409080
0 0.658824 0.393929 0.751716 0.409080
0 0.752941 0.393929 0.845833 0.409080
0 0.847059 0.393929 0.941176 0.409080
0 0.500000 0.429279 0.513072 0.439380
0 0.529412 0.424230 0.576471 0.439380
0 0.576471 0.424230 0.658824 0.439380
0 0.658824 0.424230 0.751716 0.439380
0 0.752941 0.424230 0.845833 0.439380
0 0.847059 0.424230 0.941176 0.439380
0 0.500000 0.444429 0.513072 0.454530
0 0.529412 0.439380 0.576471 0.454530
0 0.576471 0.439380 0.658824 0.454530
0 0.658824 0.439380 0.751716 0.454530
0 0.752941 0.439380 0.845833 0.454530
0 0.847059 0.439380 0.941176 0.454530
0 0.500000 0.459580 0.513072 0.469681
0 0.529412 0.454530 0.576471 0.469681
0 0.576471 0.454530 0.658824 0.469681
0 0.658824 0.454530 0.751716 0.469681
0 0.752941 0.454530 0.845833 0.469681
0 0.847059 0.454530 0.941176 0.469681
0 0.500000 0.474730 0.513072 0.484831
0 0.529412 0.469681 0.576471 0.484831
0 0.576471 0.469681 0.658824 0.484831
0 0.658824 0.469681 0.751716 0.484831
0 0.752941 0.469681 0.845833 0.484831
0 0.847059 0.469681 0.941176 0.484831
0 0.500000 0.489880 0.513072 0.499981
0 0.529412 0.484831 0.576471 0.499981
0 0.576471 0.484831 0.658824 0.499981
0 0.658824 0.484831 0.751716 0.499981
0 0.752941 0.484831 0.845833 0.499981
0 0.847059 0.484831 0.941176 0.499981
0 0.500000 0.505030 0.513072 0.515131
0 0.529412 0.499981 0.576471 0.515131
0 0.576471 0.499981 0.658824 0.515131
0 0.658824 0.499981 0.751716 0.515131
0 0.752941 0.499981 0.845833 0.515131
0 0.847059 0.499981 0.941176 0.515131
0 0.500000 0.520181 0.513072 0.530282
0 0.529412 0.515131 0.576471 0.530282
0 0.576471 0.515131 0.658824 0.530282
0 0.658824 0.515131 0.751716 0.530282
0 0.752941 0.515131 0.845833 0.530282
0 0.847059 0.515131 0.941176 0.530282
0 0.500000 0.535331 0.513072 0.545432
0 0.529412 0.530282 0.576471 0.545432
0 0.576471 0.530282 0.658824 0.545432
0 0.658824 0.530282 0.751716 0.545432
0 0.752941 0.530282 0.845833 0.545432
0 0.847059 0.530282 0.941176 0.545432
0 0.500000 0.550481 0.513072 0.560582
0 0.529412 0.545432 0.576471 0.560582
0 0.576471 0.545432 0.658824 0.560582
0 0.658824 0.545432 0.751716 0.560582
0 0.752941 0.545432 0.845833 0.560582
0 0.847059 0.545432 0.941176 0.560582
0 0.500000 0.565631 0.513072 0.575732
0 0.529412 0.560582 0.576471 0.575732
0 0.576471 0.560582 0.658824 0.575732
0 0.658824 0.560582 0.751716 0.575732
0 0.752941 0.560582 0.845833 0.575732
0 0.847059 0.560582 0.941176 0.575732
0 0.500000 0.580782 0.513072 0.590883
0 0.529412 0.575732 0.576471 0.590883
0 0.576471 0.575732 0.658824 0.590883
0 0.658824 0.575732 0.751716 0.590883
0 0.752941 0.575732 0.845833 0.590883
0 0.847059 0.575732 0.941176 0.590883
0 0.500000 0.595932 0.513072 0.606033
0 0.529412 0.590883 0.576471 0.606033
0 0.576471 0.590883 0.658824 0.606033
0 0.658824 0.590883 0.751716 0.606033
0 0.752941 0.590883 0.845833 0.606033
0 0.847059 0.590883 0.941176 0.606033
0 0.500000 0.611082 0.513072 0.621183
0 0.529412 0.606033 0.576471 0.621183
0 0.576471 0.606033 0.658824 0.621183
0 0.658824 0.606033 0.751716 0.621183
0 0.752941 0.606033 0.845833 0.621183
0 0.847059 0.606033 0.941176 0.621183
0 0.500000 0.626232 0.513072 0.636333
0 0.529412 0.621183 0.576471 0.636333
0 0.576471 0.621183 0.658824 0.636333
0 0.658824 0.621183 0.751716 0.636333
0 0.752941 0.621183 0.845833 0.636333
0 0.847059 0.621183 0.941176 0.636333
0 0.500000 0.641383 0.513072 0.651484
0 0.529412 0.636333 0.576471 0.651484
0 0.576471 0.636333 0.658824 0.651484
0 0.658824 0.636333 0.751716 0.651484
0 0.752941 0.636333 0.845833 0.651484
0 0.847059 0.636333 0.941176 0.651484
0 0.500000 0.656533 0.513072 0.666634
0 0.529412 0.651484 0.576471 0.666634
0 0.576471 0.651484 0.658824 0.666634
0 0.658824 0.651484 0.751716 0.666634
0 0.752941 0.651484 0.845833 0.666634
0 0.847059 0.651484 0.941176 0.666634
