0 0.058824 0.118686 0.739951 0.136364
0 0.741176 0.118686 0.941176 0.136364
0 0.823529 0.169192 0.836601 0.179293
0 0.882353 0.169192 0.895425 0.179293
0 0.823529 0.227273 0.941176 0.242423
0 0.670588 0.257577 0.787010 0.272727
0 0.823529 0.272727 0.941176 0.287878
0 0.823529 0.287878 0.941176 0.303028
0 0.763399 0.305556 0.776471 0.315657
0 0.823529 0.318182 0.941176 0.333332
0 0.823529 0.333332 0.941176 0.348482
0 0.823529 0.424241 0.941176 0.439391
0 0.823529 0.515150 0.941176 0.530300
0 0.823529 0.560605 0.941176 0.575755
0 0.670588 0.590909 0.787010 0.606059
0 0.670588 0.606059 0.787010 0.621210
0 0.823529 0.621213 0.941176 0.636364
0 0.823529 0.651514 0.941176 0.666664
0 0.670588 0.681818 0.787010 0.696968
0 0.670588 0.712122 0.787010 0.727273
0 0.670588 0.765150 0.787010 0.780300
0 0.823529 0.803032 0.941176 0.818182
0 0.823529 0.818182 0.941176 0.833332
0 0.823529 0.833332 0.941176 0.848482
