0 0.105882 0.136364 0.211765 0.151514
0 0.245098 0.141413 0.258170 0.151514
0 0.294118 0.136364 0.400000 0.151514
0 0.400000 0.136364 0.517647 0.151514
0 0.517647 0.136364 0.657598 0.151514
0 0.658824 0.136364 0.798775 0.151514
0 0.800000 0.136364 0.941176 0.151514
0 0.105882 0.151514 0.211765 0.166664
0 0.245098 0.156563 0.258170 0.166664
0 0.294118 0.151514 0.400000 0.166664
0 0.400000 0.151514 0.517647 0.166664
0 0.517647 0.151514 0.657598 0.166664
0 0.658824 0.151514 0.798775 0.166664
0 0.800000 0.151514 0.941176 0.166664
0 0.105882 0.166664 0.211765 0.181814
0 0.245098 0.171713 0.258170 0.181814
0 0.294118 0.166664 0.400000 0.181814
0 0.400000 0.166664 0.517647 0.181814
0 0.517647 0.166664 0.657598 0.181814
0 0.658824 0.166664 0.798775 0.181814
0 0.800000 0.166664 0.941176 0.181814
0 0.105882 0.181814 0.211765 0.196965
0 0.245098 0.186864 0.258170 0.196965
0 0.294118 0.181814 0.400000 0.196965
0 0.400000 0.181814 0.517647 0.196965
0 0.517647 0.181814 0.657598 0.196965
0 0.658824 0.181814 0.798775 0.196965
0 0.800000 0.181814 0.941176 0.196965
0 0.105882 0.196965 0.211765 0.212115
0 0.245098 0.202014 0.258170 0.212115
0 0.294118 0.196965 0.400000 0.212115
0 0.400000 0.196965 0.517647 0.212115
0 0.517647 0.196965 0.657598 0.212115
0 0.658824 0.196965 0.798775 0.212115
0 0.800000 0.196965 0.941176 0.212115
0 0.105882 0.212115 0.211765 0.227265
0 0.245098 0.217164 0.258170 0.227265
0 0.294118 0.212115 0.400000 0.227265
0 0.400000 0.212115 0.517647 0.227265
0 0.517647 0.212115 0.657598 0.227265
0 0.658824 0.212115 0.798775 0.227265
0 0.800000 0.212115 0.941176 0.227265
0 0.105882 0.227265 0.211765 0.242415
0 0.245098 0.232314 0.258170 0.242415
0 0.294118 0.227265 0.400000 0.242415
0 0.400000 0.227265 0.517647 0.242415
0 0.517647 0.227265 0.657598 0.242415
0 0.658824 0.227265 0.798775 0.242415
0 0.800000 0.227265 0.941176 0.242415
0 0.105882 0.242415 0.211765 0.257566
0 0.245098 0.247465 0.258170 0.257566
0 0.294118 0.242415 0.400000 0.257566
0 0.400000 0.242415 0.517647 0.257566
0 0.517647 0.242415 0.657598 0.257566
0 0.658824 0.242415 0.798775 0.257566
0 0.800000 0.242415 0.941176 0.257566
0 0.105882 0.257566 0.211765 0.272716
0 0.245098 0.262615 0.258170 0.272716
0 0.294118 0.257566 0.400000 0.272716
0 0.400000 0.257566 0.517647 0.272716
0 0.517647 0.257566 0.657598 0.272716
0 0.658824 0.257566 0.798775 0.272716
0 0.800000 0.257566 0.941176 0.272716
0 0.105882 0.272716 0.211765 0.287866
0 0.245098 0.277765 0.258170 0.287866
0 0.294118 0.272716 0.400000 0.287866
0 0.400000 0.272716 0.517647 0.287866
0 0.517647 0.272716 0.657598 0.287866
0 0.658824 0.272716 0.798775 0.287866
0 0.800000 0.272716 0.941176 0.287866
0 0.105882 0.287866 0.211765 0.303016
0 0.245098 0.292915 0.258170 0.303016
0 0.294118 0.287866 0.400000 0.303016
0 0.400000 0.287866 0.517647 0.303016
0 0.517647 0.287866 0.657598 0.303016
0 0.658824 0.287866 0.798775 0.303016
0 0.800000 0.287866 0.941176 0.303016
0 0.105882 0.303016 0.211765 0.318167
0 0.245098 0.308066 0.258170 0.318167
0 0.294118 0.303016 0.400000 0.318167
0 0.400000 0.303016 0.517647 0.318167
0 0.517647 0.303016 0.657598 0.318167
0 0.658824 0.303016 0.798775 0.318167
0 0.800000 0.303016 0.941176 0.318167
0 0.105882 0.318167 0.211765 0.333317
0 0.245098 0.323216 0.258170 0.333317
0 0.294118 0.318167 0.400000 0.333317
0 0.400000 0.318167 0.517647 0.333317
0 0.517647 0.318167 0.657598 0.333317
0 0.658824 0.318167 0.798775 0.333317
0 0.800000 0.318167 0.941176 0.333317
0 0.105882 0.333317 0.211765 0.348467
0 0.245098 0.338366 0.258170 0.348467
0 0.294118 0.333317 0.400000 0.348467
0 0.400000 0.333317 0.517647 0.348467
0 0.517647 0.333317 0.657598 0.348467
0 0.658824 0.333317 0.798775 0.348467
0 0.800000 0.333317 0.941176 0.348467
0 0.105882 0.348467 0.211765 0.363617
0 0.245098 0.353516 0.258170 0.363617
0 0.294118 0.348467 0.400000 0.363617
0 0.400000 0.348467 0.517647 0.363617
0 0.517647 0.348467 0.657598 0.363617
0 0.658824 0.348467 0.798775 0.363617
0 0.800000 0.348467 0.941176 0.363617
0 0.105882 0.363617 0.211765 0.378768
0 0.245098 0.368667 0.258170 0.378768
0 0.294118 0.363617 0.400000 0.378768
0 0.400000 0.363617 0.517647 0.378768
0 0.517647 0.363617 0.657598 0.378768
0 0.658824 0.363617 0.798775 0.378768
0 0.800000 0.363617 0.941176 0.378768
0 0.105882 0.378768 0.211765 0.393918
0 0.245098 0.383817 0.258170 0.393918
0 0.294118 0.378768 0.400000 0.393918
0 0.400000 0.378768 0.517647 0.393918
0 0.517647 0.378768 0.657598 0.393918
0 0.658824 0.378768 0.798775 0.393918
0 0.800000 0.378768 0.941176 0.393918
0 0.105882 0.393918 0.211765 0.409068
0 0.245098 0.398967 0.258170 0.409068
0 0.294118 0.393918 0.400000 0.409068
0 0.400000 0.393918 0.517647 0.409068
0 0.517647 0.393918 0.657598 0.409068
0 0.658824 0.393918 0.798775 0.409068
0 0.800000 0.393918 0.941176 0.409068
0 0.105882 0.409068 0.211765 0.424218
0 0.245098 0.414117 0.258170 0.424218
0 0.294118 0.409068 0.400000 0.424218
0 0.400000 0.409068 0.517647 0.424218
0 0.517647 0.409068 0.657598 0.424218
0 0.658824 0.409068 0.798775 0.424218
0 0.800000 0.409068 0.941176 0.424218
0 0.105882 0.424218 0.211765 0.439369
0 0.245098 0.429268 0.258170 0.439369
0 0.294118 0.424218 0.400000 0.439369
0 0.400000 0.424218 0.517647 0.439369
0 0.517647 0.424218 0.657598 0.439369
0 0.658824 0.424218 0.798775 0.439369
0 0.800000 0.424218 0.941176 0.439369
0 0.105882 0.439369 0.211765 0.454519
0 0.245098 0.444418 0.258170 0.454519
0 0.294118 0.439369 0.400000 0.454519
0 0.400000 0.439369 0.517647 0.454519
0 0.517647 0.439369 0.657598 0.454519
0 0.658824 0.439369 0.798775 0.454519
0 0.800000 0.439369 0.941176 0.454519
0 0.105882 0.454519 0.211765 0.469669
0 0.245098 0.459568 0.258170 0.469669
0 0.294118 0.454519 0.400000 0.469669
0 0.400000 0.454519 0.517647 0.469669
0 0.517647 0.454519 0.657598 0.469669
0 0.658824 0.454519 0.798775 0.469669
0 0.800000 0.454519 0.941176 0.469669
0 0.105882 0.469669 0.211765 0.484819
0 0.245098 0.474718 0.258170 0.484819
0 0.294118 0.469669 0.400000 0.484819
0 0.400000 0.469669 0.517647 0.484819
0 0.517647 0.469669 0.657598 0.484819
0 0.658824 0.469669 0.798775 0.484819
0 0.800000 0.469669 0.941176 0.484819
0 0.105882 0.484819 0.211765 0.499970
0 0.245098 0.489869 0.258170 0.499970
0 0.294118 0.484819 0.400000 0.499970
0 0.400000 0.484819 0.517647 0.499970
0 0.517647 0.484819 0.657598 0.499970
0 0.658824 0.484819 0.798775 0.499970
0 0.800000 0.484819 0.941176 0.499970
0 0.105882 0.499970 0.211765 0.515120
0 0.245098 0.505019 0.258170 0.515120
0 0.294118 0.499970 0.400000 0.515120
0 0.400000 0.499970 0.517647 0.515120
0 0.517647 0.499970 0.657598 0.515120
0 0.658824 0.499970 0.798775 0.515120
0 0.800000 0.499970 0.941176 0.515120
0 0.105882 0.515120 0.211765 0.530270
0 0.245098 0.520169 0.258170 0.530270
0 0.294118 0.515120 0.400000 0.530270
0 0.400000 0.515120 0.517647 0.530270
0 0.517647 0.515120 0.657598 0.530270
0 0.658824 0.515120 0.798775 0.530270
0 0.800000 0.515120 0.941176 0.530270
0 0.105882 0.530270 0.211765 0.545420
0 0.245098 0.535319 0.258170 0.545420
0 0.294118 0.530270 0.400000 0.545420
0 0.400000 0.530270 0.517647 0.545420
0 0.517647 0.530270 0.657598 0.545420
0 0.658824 0.530270 0.798775 0.545420
0 0.800000 0.530270 0.941176 0.545420
0 0.105882 0.545420 0.211765 0.560571
0 0.245098 0.550470 0.258170 0.560571
0 0.294118 0.545420 0.400000 0.560571
0 0.400000 0.545420 0.517647 0.560571
0 0.517647 0.545420 0.657598 0.560571
0 0.658824 0.545420 0.798775 0.560571
0 0.800000 0.545420 0.941176 0.560571
0 0.105882 0.560571 0.211765 0.575721
0 0.245098 0.565620 0.258170 0.575721
0 0.294118 0.560571 0.400000 0.575721
0 0.400000 0.560571 0.517647 0.575721
0 0.517647 0.560571 0.657598 0.575721
0 0.658824 0.560571 0.798775 0.575721
0 0.800000 0.560571 0.941176 0.575721
0 0.105882 0.575721 0.211765 0.590871
0 0.245098 0.580770 0.258170 0.590871
0 0.294118 0.575721 0.400000 0.590871
0 0.400000 0.575721 0.517647 0.590871
0 0.517647 0.575721 0.657598 0.590871
0 0.658824 0.575721 0.798775 0.590871
0 0.800000 0.575721 0.941176 0.590871
0 0.105882 0.590871 0.211765 0.606021
0 0.245098 0.595920 0.258170 0.606021
0 0.294118 0.590871 0.400000 0.606021
0 0.400000 0.590871 0.517647 0.606021
0 0.517647 0.590871 0.657598 0.606021
0 0.658824 0.590871 0.798775 0.606021
0 0.800000 0.590871 0.941176 0.606021
0 0.105882 0.606021 0.211765 0.621172
0 0.245098 0.611071 0.258170 0.621172
0 0.294118 0.606021 0.400000 0.621172
0 0.400000 0.606021 0.517647 0.621172
0 0.517647 0.606021 0.657598 0.621172
0 0.658824 0.606021 0.798775 0.621172
0 0.800000 0.606021 0.941176 0.621172
0 0.105882 0.621172 0.211765 0.636322
0 0.245098 0.626221 0.258170 0.636322
0 0.294118 0.621172 0.400000 0.636322
0 0.400000 0.621172 0.517647 0.636322
0 0.517647 0.621172 0.657598 0.636322
0 0.658824 0.621172 0.798775 0.636322
0 0.800000 0.621172 0.941176 0.636322
0 0.105882 0.636322 0.211765 0.651472
0 0.245098 0.641371 0.258170 0.651472
0 0.294118 0.636322 0.400000 0.651472
0 0.400000 0.636322 0.517647 0.651472
0 0.517647 0.636322 0.657598 0.651472
0 0.658824 0.636322 0.798775 0.651472
0 0.800000 0.636322 0.941176 0.651472
0 0.105882 0.651472 0.211765 0.666622
0 0.245098 0.656521 0.258170 0.666622
0 0.294118 0.651472 0.400000 0.666622
0 0.400000 0.651472 0.517647 0.666622
0 0.517647 0.651472 0.657598 0.666622
0 0.658824 0.651472 0.798775 0.666622
0 0.800000 0.651472 0.941176 0.666622
0 0.105882 0.666622 0.211765 0.681773
0 0.245098 0.671672 0.258170 0.681773
0 0.294118 0.666622 0.400000 0.681773
0 0.400000 0.666622 0.517647 0.681773
0 0.517647 0.666622 0.657598 0.681773
0 0.658824 0.666622 0.798775 0.681773
0 0.800000 0.666622 0.941176 0.681773
0 0.105882 0.681773 0.211765 0.696923
0 0.245098 0.686822 0.258170 0.696923
0 0.294118 0.681773 0.400000 0.696923
0 0.400000 0.681773 0.517647 0.696923
0 0.517647 0.681773 0.657598 0.696923
0 0.658824 0.681773 0.798775 0.696923
0 0.800000 0.681773 0.941176 0.696923
0 0.105882 0.696923 0.211765 0.712073
0 0.245098 0.701972 0.258170 0.712073
0 0.294118 0.696923 0.400000 0.712073
0 0.400000 0.696923 0.517647 0.712073
0 0.517647 0.696923 0.657598 0.712073
0 0.658824 0.696923 0.798775 0.712073
0 0.800000 0.696923 0.941176 0.712073
0 0.105882 0.712073 0.211765 0.727223
0 0.245098 0.717122 0.258170 0.727223
0 0.294118 0.712073 0.400000 0.727223
0 0.400000 0.712073 0.517647 0.727223
0 0.517647 0.712073 0.657598 0.727223
0 0.658824 0.712073 0.798775 0.727223
0 0.800000 0.712073 0.941176 0.727223
0 0.105882 0.727223 0.211765 0.742374
0 0.245098 0.732273 0.258170 0.742374
0 0.294118 0.727223 0.400000 0.742374
0 0.400000 0.727223 0.517647 0.742374
0 0.517647 0.727223 0.657598 0.742374
0 0.658824 0.727223 0.798775 0.742374
0 0.800000 0.727223 0.941176 0.742374
0 0.105882 0.742374 0.211765 0.757524
0 0.245098 0.747423 0.258170 0.757524
0 0.294118 0.742374 0.400000 0.757524
0 0.400000 0.742374 0.517647 0.757524
0 0.517647 0.742374 0.657598 0.757524
0 0.658824 0.742374 0.798775 0.757524
0 0.800000 0.742374 0.941176 0.757524
0 0.105882 0.757524 0.211765 0.772674
0 0.245098 0.762573 0.258170 0.772674
0 0.294118 0.757524 0.400000 0.772674
0 0.400000 0.757524 0.517647 0.772674
0 0.517647 0.757524 0.657598 0.772674
0 0.658824 0.757524 0.798775 0.772674
0 0.800000 0.757524 0.941176 0.772674
0 0.105882 0.772674 0.211765 0.787825
0 0.245098 0.777724 0.258170 0.787825
0 0.294118 0.772674 0.400000 0.787825
0 0.400000 0.772674 0.517647 0.787825
0 0.517647 0.772674 0.657598 0.787825
0 0.658824 0.772674 0.798775 0.787825
0 0.800000 0.772674 0.941176 0.787825
0 0.105882 0.787825 0.211765 0.802975
0 0.245098 0.792874 0.258170 0.802975
0 0.294118 0.787825 0.400000 0.802975
0 0.400000 0.787825 0.517647 0.802975
0 0.517647 0.787825 0.657598 0.802975
0 0.658824 0.787825 0.798775 0.802975
0 0.800000 0.787825 0.941176 0.802975
0 0.105882 0.802975 0.211765 0.818125
0 0.245098 0.808024 0.258170 0.818125
0 0.294118 0.802975 0.400000 0.818125
0 0.400000 0.802975 0.517647 0.818125
0 0.517647 0.802975 0.657598 0.818125
0 0.658824 0.802975 0.798775 0.818125
0 0.800000 0.802975 0.941176 0.818125
0 0.105882 0.818125 0.211765 0.833275
0 0.245098 0.823174 0.258170 0.833275
0 0.294118 0.818125 0.400000 0.833275
0 0.400000 0.818125 0.517647 0.833275
0 0.517647 0.818125 0.657598 0.833275
0 0.658824 0.818125 0.798775 0.833275
0 0.800000 0.818125 0.941176 0.833275
0 0.105882 0.833275 0.211765 0.848426
0 0.245098 0.838324 0.258170 0.848426
0 0.294118 0.833275 0.400000 0.848426
0 0.400000 0.833275 0.517647 0.848426
0 0.517647 0.833275 0.657598 0.848426
0 0.658824 0.833275 0.798775 0.848426
0 0.800000 0.833275 0.941176 0.848426
0 0.105882 0.848426 0.211765 0.863576
0 0.245098 0.853475 0.258170 0.863576
0 0.294118 0.848426 0.400000 0.863576
0 0.400000 0.848426 0.517647 0.863576
0 0.517647 0.848426 0.657598 0.863576
0 0.658824 0.848426 0.798775 0.863576
0 0.800000 0.848426 0.941176 0.863576
0 0.105882 0.863576 0.211765 0.878726
0 0.245098 0.868625 0.258170 0.878726
0 0.294118 0.863576 0.400000 0.878726
0 0.400000 0.863576 0.517647 0.878726
0 0.517647 0.863576 0.657598 0.878726
0 0.658824 0.863576 0.798775 0.878726
0 0.800000 0.863576 0.941176 0.878726
0 0.105882 0.878726 0.211765 0.893876
0 0.245098 0.883775 0.258170 0.893876
0 0.294118 0.878726 0.400000 0.893876
0 0.400000 0.878726 0.517647 0.893876
0 0.517647 0.878726 0.657598 0.893876
0 0.658824 0.878726 0.798775 0.893876
0 0.800000 0.878726 0.941176 0.893876
