0 0.245455 0.205882 0.318182 0.225489
0 0.318182 0.205882 0.345455 0.225489
0 0.345455 0.205882 0.409091 0.225489
0 0.409091 0.205882 0.499053 0.225489
0 0.500000 0.205882 0.589962 0.225489
0 0.590909 0.205882 0.680871 0.225489
0 0.681818 0.205882 0.771780 0.225489
0 0.772727 0.205882 0.862689 0.225489
0 0.863636 0.205882 0.954545 0.225489
0 0.245455 0.245095 0.318182 0.264701
0 0.318182 0.245095 0.345455 0.264701
0 0.345455 0.245095 0.409091 0.264701
0 0.409091 0.245095 0.499053 0.264701
0 0.500000 0.245095 0.589962 0.264701
0 0.590909 0.245095 0.680871 0.264701
0 0.681818 0.245095 0.771780 0.264701
0 0.772727 0.245095 0.862689 0.264701
0 0.863636 0.245095 0.954545 0.264701
0 0.245455 0.264701 0.318182 0.284307
0 0.318182 0.264701 0.345455 0.284307
0 0.345455 0.264701 0.409091 0.284307
0 0.409091 0.264701 0.499053 0.284307
0 0.500000 0.264701 0.589962 0.284307
0 0.590909 0.264701 0.680871 0.284307
0 0.681818 0.264701 0.771780 0.284307
0 0.772727 0.264701 0.862689 0.284307
0 0.863636 0.264701 0.954545 0.284307
0 0.245455 0.284307 0.318182 0.303913
0 0.318182 0.284307 0.345455 0.303913
0 0.345455 0.284307 0.409091 0.303913
0 0.409091 0.284307 0.499053 0.303913
0 0.500000 0.284307 0.589962 0.303913
0 0.590909 0.284307 0.680871 0.303913
0 0.681818 0.284307 0.771780 0.303913
0 0.772727 0.284307 0.862689 0.303913
0 0.863636 0.284307 0.954545 0.303913
0 0.245455 0.303913 0.318182 0.323520
0 0.318182 0.303913 0.345455 0.323520
0 0.345455 0.303913 0.409091 0.323520
0 0.409091 0.303913 0.499053 0.323520
0 0.500000 0.303913 0.589962 0.323520
0 0.590909 0.303913 0.680871 0.323520
0 0.681818 0.303913 0.771780 0.323520
0 0.772727 0.303913 0.862689 0.323520
0 0.863636 0.303913 0.954545 0.323520
0 0.245455 0.323520 0.318182 0.343126
0 0.318182 0.323520 0.345455 0.343126
0 0.345455 0.323520 0.409091 0.343126
0 0.409091 0.323520 0.499053 0.343126
0 0.500000 0.323520 0.589962 0.343126
0 0.590909 0.323520 0.680871 0.343126
0 0.681818 0.323520 0.771780 0.343126
0 0.772727 0.323520 0.862689 0.343126
0 0.863636 0.323520 0.954545 0.343126
0 0.245455 0.343126 0.318182 0.362732
0 0.318182 0.343126 0.345455 0.362732
0 0.345455 0.343126 0.409091 0.362732
0 0.409091 0.343126 0.499053 0.362732
0 0.500000 0.343126 0.589962 0.362732
0 0.590909 0.343126 0.680871 0.362732
0 0.681818 0.343126 0.771780 0.362732
0 0.772727 0.343126 0.862689 0.362732
0 0.863636 0.343126 0.954545 0.362732
0 0.245455 0.362732 0.318182 0.382338
0 0.318182 0.362732 0.345455 0.382338
0 0.345455 0.362732 0.409091 0.382338
0 0.409091 0.362732 0.499053 0.382338
0 0.500000 0.362732 0.589962 0.382338
0 0.590909 0.362732 0.680871 0.382338
0 0.681818 0.362732 0.771780 0.382338
0 0.772727 0.362732 0.862689 0.382338
0 0.863636 0.362732 0.954545 0.382338
0 0.245455 0.382338 0.318182 0.401944
0 0.318182 0.382338 0.345455 0.401944
0 0.345455 0.382338 0.409091 0.401944
0 0.409091 0.382338 0.499053 0.401944
0 0.500000 0.382338 0.589962 0.401944
0 0.590909 0.382338 0.680871 0.401944
0 0.681818 0.382338 0.771780 0.401944
0 0.772727 0.382338 0.862689 0.401944
0 0.863636 0.382338 0.954545 0.401944
0 0.245455 0.401944 0.318182 0.421551
0 0.318182 0.401944 0.345455 0.421551
0 0.345455 0.401944 0.409091 0.421551
0 0.409091 0.401944 0.499053 0.421551
0 0.500000 0.401944 0.589962 0.421551
0 0.590909 0.401944 0.680871 0.421551
0 0.681818 0.401944 0.771780 0.421551
0 0.772727 0.401944 0.862689 0.421551
0 0.863636 0.401944 0.954545 0.421551
0 0.245455 0.421551 0.318182 0.441157
0 0.318182 0.421551 0.345455 0.441157
0 0.345455 0.421551 0.409091 0.441157
0 0.409091 0.421551 0.499053 0.441157
0 0.500000 0.421551 0.589962 0.441157
0 0.590909 0.421551 0.680871 0.441157
0 0.681818 0.421551 0.771780 0.441157
0 0.772727 0.421551 0.862689 0.441157
0 0.863636 0.421551 0.954545 0.441157
0 0.245455 0.441157 0.318182 0.460763
0 0.318182 0.441157 0.345455 0.460763
0 0.345455 0.441157 0.409091 0.460763
0 0.409091 0.441157 0.499053 0.460763
0 0.500000 0.441157 0.589962 0.460763
0 0.590909 0.441157 0.680871 0.460763
0 0.681818 0.441157 0.771780 0.460763
0 0.772727 0.441157 0.862689 0.460763
0 0.863636 0.441157 0.954545 0.460763
0 0.245455 0.460763 0.318182 0.480369
0 0.318182 0.460763 0.345455 0.480369
0 0.345455 0.460763 0.409091 0.480369
0 0.409091 0.460763 0.499053 0.480369
0 0.500000 0.460763 0.589962 0.480369
0 0.590909 0.460763 0.680871 0.480369
0 0.681818 0.460763 0.771780 0.480369
0 0.772727 0.460763 0.862689 0.480369
0 0.863636 0.460763 0.954545 0.480369
0 0.245455 0.480369 0.318182 0.499975
0 0.318182 0.480369 0.345455 0.499975
0 0.345455 0.480369 0.409091 0.499975
0 0.409091 0.480369 0.499053 0.499975
0 0.500000 0.480369 0.589962 0.499975
0 0.590909 0.480369 0.680871 0.499975
0 0.681818 0.480369 0.771780 0.499975
0 0.772727 0.480369 0.862689 0.499975
0 0.863636 0.480369 0.954545 0.499975
0 0.245455 0.499975 0.318182 0.519582
0 0.318182 0.499975 0.345455 0.519582
0 0.345455 0.499975 0.409091 0.519582
0 0.409091 0.499975 0.499053 0.519582
0 0.500000 0.499975 0.589962 0.519582
0 0.590909 0.499975 0.680871 0.519582
0 0.681818 0.499975 0.771780 0.519582
0 0.772727 0.499975 0.862689 0.519582
0 0.863636 0.499975 0.954545 0.519582
0 0.245455 0.519582 0.318182 0.539188
0 0.318182 0.519582 0.345455 0.539188
0 0.345455 0.519582 0.409091 0.539188
0 0.409091 0.519582 0.499053 0.539188
0 0.500000 0.519582 0.589962 0.539188
0 0.590909 0.519582 0.680871 0.539188
0 0.681818 0.519582 0.771780 0.539188
0 0.772727 0.519582 0.862689 0.539188
0 0.863636 0.519582 0.954545 0.539188
0 0.245455 0.539188 0.318182 0.558794
0 0.318182 0.539188 0.345455 0.558794
0 0.345455 0.539188 0.409091 0.558794
0 0.409091 0.539188 0.499053 0.558794
0 0.500000 0.539188 0.589962 0.558794
0 0.590909 0.539188 0.680871 0.558794
0 0.681818 0.539188 0.771780 0.558794
0 0.772727 0.539188 0.862689 0.558794
0 0.863636 0.539188 0.954545 0.558794
