0 0.058824 0.220909 0.941176 0.240909
0 0.058824 0.257273 0.347059 0.277273
0 0.358824 0.257273 0.641176 0.277273
0 0.652941 0.259596 0.669281 0.272222
0 0.800000 0.259596 0.816340 0.272222
0 0.058824 0.293636 0.941176 0.336364
0 0.058824 0.352727 0.641176 0.372727
0 0.652941 0.353492 0.788235 0.372727
0 0.800000 0.352727 0.941176 0.372727
0 0.652941 0.377778 0.669281 0.390404
0 0.800000 0.377778 0.816340 0.390404
0 0.058824 0.411818 0.641176 0.431818
0 0.652941 0.411818 0.941176 0.431818
0 0.058824 0.448182 0.941176 0.490909
0 0.058824 0.507273 0.494118 0.527273
0 0.505882 0.507273 0.788235 0.527273
0 0.800000 0.507273 0.941176 0.527273
0 0.058824 0.543636 0.788235 0.563636
0 0.800000 0.543636 0.941176 0.563636
0 0.058824 0.602727 0.941176 0.622727
0 0.058824 0.639091 0.941176 0.681818
0 0.058824 0.698182 0.788235 0.718182
0 0.800000 0.698182 0.941176 0.718182
0 0.058824 0.734545 0.276471 0.754545
0 0.288235 0.734545 0.494118 0.754545
0 0.505882 0.736869 0.522222 0.749495
0 0.652941 0.736869 0.669281 0.749495
0 0.800000 0.736869 0.816340 0.749495
0 0.058824 0.770909 0.405882 0.790909
0 0.417647 0.770909 0.788235 0.790909
0 0.800000 0.770909 0.941176 0.790909
