0 0.423529 0.097273 0.564706 0.113636
0 0.809412 0.097273 0.941176 0.113636
0 0.058824 0.148182 0.929412 0.163636
0 0.058824 0.311818 0.641176 0.331818
0 0.652941 0.311818 0.941176 0.331818
0 0.058824 0.348182 0.641176 0.368182
0 0.652941 0.348182 0.941176 0.368182
0 0.058824 0.384545 0.411765 0.404545
0 0.417647 0.384545 0.500000 0.404545
0 0.505882 0.384545 0.794118 0.404545
0 0.800000 0.384545 0.852941 0.404545
0 0.858828 0.384545 0.941176 0.404545
0 0.505882 0.420909 0.641176 0.440909
0 0.652941 0.420909 0.941176 0.440909
0 0.058824 0.480000 0.941176 0.500000
0 0.058824 0.516364 0.411765 0.536364
0 0.417647 0.516364 0.500000 0.536364
0 0.505882 0.516364 0.794118 0.536364
0 0.800000 0.516364 0.852941 0.536364
0 0.858823 0.516364 0.941176 0.536364
0 0.058824 0.575455 0.494118 0.595455
0 0.505882 0.575350 0.941176 0.595455
0 0.188235 0.600505 0.204575 0.613131
0 0.305882 0.600505 0.322222 0.613131
0 0.470588 0.598182 0.552941 0.613636
0 0.564706 0.600505 0.581046 0.613131
0 0.641176 0.595455 0.788235 0.613636
0 0.305882 0.620960 0.322222 0.633586
0 0.423529 0.620960 0.439869 0.633586
0 0.688235 0.618182 0.788235 0.636364
0 0.464706 0.636364 0.788235 0.654545
0 0.188235 0.657323 0.204575 0.669949
0 0.305882 0.657323 0.322222 0.669949
0 0.423529 0.657323 0.439869 0.669949
0 0.500000 0.654545 0.788235 0.672727
0 0.147059 0.672727 0.405882 0.690909
0 0.558824 0.672727 0.788235 0.690909
0 0.800000 0.611818 0.941176 0.645455
0 0.800000 0.661818 0.941176 0.695455
0 0.082353 0.725505 0.098693 0.738131
0 0.323525 0.725505 0.339864 0.738131
0 0.594118 0.725505 0.610458 0.738131
0 0.664706 0.725505 0.681046 0.738131
0 0.747059 0.725505 0.763399 0.738131
0 0.082348 0.743687 0.098688 0.756313
0 0.058824 0.889091 0.788235 0.913636
0 0.800000 0.889091 0.941176 0.913636
0 0.058824 0.930000 0.788235 0.954545
0 0.800000 0.930000 0.941176 0.954545
