0 0.411765 0.030934 0.428105 0.043560
0 0.082353 0.075757 0.482353 0.136362
0 0.082353 0.150150 0.282353 0.166666
0 0.282353 0.148988 0.482353 0.166666
0 0.082353 0.179292 0.482353 0.212120
0 0.082353 0.224746 0.482353 0.242424
0 0.082353 0.255047 0.482353 0.272725
0 0.082353 0.285351 0.482353 0.303028
0 0.482353 0.075758 0.647059 0.090908
0 0.482353 0.121212 0.647059 0.136362
0 0.494118 0.166666 0.647059 0.181816
0 0.658824 0.166666 0.811765 0.181816
0 0.494118 0.196966 0.647059 0.212117
0 0.647059 0.196966 0.811765 0.212117
0 0.482353 0.242421 0.811765 0.257571
0 0.494118 0.287875 0.811765 0.303025
