0 0.400000 0.030934 0.416340 0.043560
0 0.083987 0.070706 0.482353 0.136362
0 0.082353 0.148988 0.282353 0.166666
0 0.282353 0.148988 0.482353 0.166666
0 0.083987 0.179291 0.482353 0.212119
0 0.083987 0.224745 0.482353 0.242423
0 0.083987 0.255035 0.482353 0.272713
0 0.082353 0.285339 0.482353 0.303017
0 0.482353 0.063035 0.647059 0.090908
0 0.482353 0.121212 0.647059 0.136362
0 0.494118 0.166666 0.645425 0.181816
0 0.658824 0.166666 0.810131 0.181816
0 0.482353 0.196966 0.647059 0.212117
0 0.483987 0.242421 0.811765 0.303025
