0 0.029412 0.189091 0.494118 0.204545
0 0.505882 0.189091 0.788235 0.204545
0 0.800000 0.189091 0.970588 0.204545
0 0.029412 0.220909 0.494118 0.236364
0 0.505882 0.220909 0.788235 0.236364
0 0.800000 0.220909 0.858823 0.233636
0 0.870588 0.220909 0.970588 0.236364
0 0.029412 0.252727 0.494118 0.268182
0 0.505882 0.252727 0.970588 0.268182
0 0.029412 0.285859 0.042484 0.295960
0 0.129412 0.285859 0.142484 0.295960
0 0.217647 0.285859 0.230719 0.295960
0 0.394118 0.285859 0.407190 0.295960
0 0.500000 0.285859 0.513072 0.295960
0 0.623529 0.284545 0.970588 0.300000
0 0.029412 0.316364 0.494118 0.331818
0 0.505882 0.316364 0.788235 0.331818
0 0.800000 0.316364 0.970588 0.331818
0 0.029412 0.348182 0.494118 0.363636
0 0.505882 0.348182 0.788235 0.363636
0 0.800000 0.348182 0.858823 0.360909
0 0.870588 0.348182 0.970588 0.363636
0 0.029412 0.380000 0.494118 0.395455
0 0.505882 0.380000 0.970588 0.395455
0 0.029412 0.429040 0.042484 0.439141
0 0.029412 0.442677 0.042484 0.452778
0 0.029412 0.456313 0.042484 0.466414
0 0.029412 0.469950 0.042484 0.480051
0 0.264706 0.429040 0.277778 0.439141
0 0.264706 0.442677 0.277778 0.452778
0 0.264706 0.456313 0.277778 0.466414
0 0.264706 0.469950 0.277778 0.480051
0 0.500000 0.429040 0.513072 0.439141
0 0.500000 0.442677 0.513072 0.452778
0 0.500000 0.456313 0.513072 0.466414
0 0.500000 0.469950 0.513072 0.480051
0 0.735294 0.429040 0.748366 0.439141
0 0.735294 0.442677 0.748366 0.452778
0 0.735294 0.456313 0.748366 0.466414
0 0.735294 0.469950 0.748366 0.480051
0 0.052941 0.516364 0.088235 0.529091
0 0.108023 0.516364 0.178611 0.529091
0 0.210162 0.516364 0.245456 0.529091
0 0.265239 0.516364 0.335827 0.529091
0 0.367379 0.516364 0.402673 0.529091
0 0.422459 0.516364 0.493047 0.529091
0 0.524600 0.516364 0.559894 0.529091
0 0.579680 0.516364 0.650268 0.529091
0 0.681815 0.516364 0.717109 0.529091
0 0.736897 0.516364 0.807485 0.529091
0 0.839036 0.516364 0.874330 0.529091
0 0.894118 0.516364 0.970588 0.529091
0 0.029412 0.561818 0.970588 0.665455
0 0.829412 0.683586 0.842484 0.693687
0 0.900000 0.683586 0.913072 0.693687
0 0.829412 0.697677 0.842484 0.707778
0 0.900000 0.697677 0.913072 0.707778
0 0.029412 0.739091 0.494118 0.754545
0 0.029412 0.770909 0.494118 0.786364
0 0.029412 0.802727 0.317647 0.818182
0 0.329412 0.802727 0.388235 0.815455
0 0.400000 0.802727 0.494118 0.818182
0 0.505882 0.739091 0.970588 0.754545
0 0.505882 0.770909 0.970588 0.786364
0 0.505882 0.802727 0.788235 0.818182
0 0.800000 0.802727 0.858823 0.815455
0 0.870588 0.802727 0.970588 0.818182
0 0.029412 0.884545 0.494118 0.900000
0 0.505882 0.884545 0.670588 0.900000
0 0.682353 0.884545 0.970588 0.900000
0 0.029412 0.916364 0.494118 0.931818
0 0.505882 0.916364 0.788235 0.931818
0 0.800000 0.916364 0.858823 0.929091
0 0.870588 0.916364 0.970588 0.931818
