0 0.058826 0.118690 0.751745 0.136369
0 0.752971 0.118690 0.941213 0.136369
0 0.424772 0.257587 0.541198 0.272738
0 0.610155 0.257587 0.611789 0.272738
0 0.611789 0.257587 0.705910 0.272738
0 0.424772 0.272738 0.541198 0.287889
0 0.610155 0.272738 0.611789 0.287889
0 0.611789 0.272738 0.705910 0.287889
0 0.424772 0.287889 0.541198 0.303048
0 0.610155 0.287889 0.611789 0.303048
0 0.611789 0.287889 0.705910 0.303048
0 0.739245 0.287889 0.845867 0.303048
0 0.847092 0.287889 0.881162 0.303040
0 0.882388 0.287889 0.941213 0.303048
0 0.424772 0.303048 0.541198 0.318198
0 0.610155 0.303048 0.611789 0.318198
0 0.611789 0.303048 0.729440 0.318198
0 0.729440 0.303048 0.845867 0.318198
0 0.847092 0.303048 0.881162 0.318198
0 0.939579 0.303048 0.941213 0.318198
0 0.424772 0.378806 0.541198 0.393957
0 0.610155 0.378806 0.611789 0.393957
0 0.611789 0.378806 0.729440 0.393957
0 0.739245 0.378806 0.845867 0.393957
0 0.847092 0.378806 0.881162 0.393957
0 0.939579 0.378806 0.941213 0.393957
0 0.424772 0.393957 0.541198 0.409107
0 0.610155 0.393957 0.611789 0.409107
0 0.611789 0.393957 0.729440 0.409107
0 0.729440 0.393957 0.845867 0.409107
0 0.847092 0.393957 0.881162 0.409107
0 0.939579 0.393957 0.941213 0.409107
0 0.424772 0.409107 0.541198 0.424258
0 0.610155 0.409107 0.611789 0.424258
0 0.611789 0.409107 0.729440 0.424258
0 0.729440 0.409107 0.845867 0.424258
0 0.847092 0.409107 0.881162 0.424258
0 0.939579 0.409107 0.941213 0.424258
0 0.424772 0.424258 0.541198 0.439409
0 0.610155 0.424258 0.611789 0.439409
0 0.611789 0.424258 0.729440 0.439409
0 0.729440 0.424258 0.845867 0.439409
0 0.847092 0.424258 0.881162 0.439409
0 0.939579 0.424258 0.941213 0.439409
0 0.928141 0.486762 0.941213 0.496864
0 0.424772 0.530326 0.541198 0.545477
0 0.610155 0.530326 0.611789 0.545477
0 0.611789 0.530326 0.705910 0.545477
0 0.424772 0.545477 0.541198 0.560627
0 0.610155 0.545477 0.611789 0.560627
0 0.611789 0.545477 0.705910 0.560627
0 0.739245 0.545477 0.845867 0.560627
0 0.847092 0.545477 0.881162 0.560627
0 0.939579 0.545477 0.941213 0.560627
0 0.424772 0.560627 0.541198 0.575778
0 0.610155 0.560627 0.611789 0.575778
0 0.611789 0.560627 0.729440 0.575778
0 0.729440 0.560627 0.845867 0.575778
0 0.847092 0.560627 0.881162 0.575778
0 0.939579 0.560627 0.941213 0.575778
0 0.424772 0.575778 0.541198 0.606084
0 0.610155 0.590930 0.611789 0.606084
0 0.611789 0.590930 0.729440 0.606084
0 0.729440 0.590930 0.845867 0.606084
0 0.847092 0.590930 0.881162 0.606084
0 0.939579 0.575778 0.941213 0.606084
0 0.424772 0.606084 0.541198 0.621235
0 0.610155 0.606084 0.611789 0.621235
0 0.611789 0.606084 0.729440 0.621235
0 0.729440 0.606084 0.845867 0.621235
0 0.847092 0.606084 0.881162 0.621235
0 0.939579 0.606084 0.941213 0.621235
0 0.928141 0.668588 0.941213 0.678689
0 0.424772 0.712151 0.541198 0.727302
0 0.610155 0.712151 0.611789 0.727302
0 0.611789 0.712151 0.705910 0.727302
0 0.424772 0.727302 0.541198 0.742453
0 0.610155 0.727302 0.611789 0.742453
0 0.611789 0.727302 0.705910 0.742453
0 0.739245 0.727302 0.845867 0.742453
0 0.847092 0.727302 0.881162 0.742453
0 0.939579 0.727302 0.941213 0.742453
0 0.424772 0.742453 0.541198 0.772758
0 0.610155 0.757605 0.611789 0.772758
0 0.611789 0.757605 0.729440 0.772758
0 0.729440 0.757605 0.845867 0.772758
0 0.847092 0.757605 0.881162 0.772758
0 0.939579 0.742453 0.941213 0.772758
0 0.424772 0.772758 0.541198 0.787909
0 0.610155 0.772758 0.611789 0.787909
0 0.611789 0.772758 0.729440 0.787909
0 0.729440 0.772758 0.845867 0.787909
0 0.847092 0.772758 0.881162 0.787909
0 0.939579 0.772758 0.941213 0.787909
0 0.424772 0.787909 0.541198 0.803064
0 0.610155 0.787909 0.611789 0.803064
0 0.611789 0.787909 0.729440 0.803064
0 0.729440 0.787909 0.845867 0.803064
0 0.847092 0.787909 0.881162 0.803060
0 0.939579 0.787909 0.941213 0.803064
0 0.424772 0.803064 0.541198 0.818215
0 0.610155 0.803064 0.611789 0.818215
0 0.611789 0.803064 0.729440 0.818215
0 0.729440 0.803064 0.845867 0.818215
0 0.847092 0.803064 0.881162 0.818215
0 0.939579 0.803064 0.941213 0.818215
