0 0.752317 0.068183 0.941213 0.083337
0 0.541198 0.121218 0.611789 0.136369
0 0.611789 0.121218 0.729440 0.136369
0 0.739245 0.121218 0.845867 0.136369
0 0.847092 0.121218 0.881162 0.136369
0 0.882388 0.121218 0.941213 0.136369
0 0.541198 0.136369 0.611789 0.151520
0 0.611789 0.136369 0.729440 0.151520
0 0.729440 0.136369 0.845867 0.151520
0 0.847092 0.136369 0.881162 0.151520
0 0.882388 0.136369 0.941213 0.151520
0 0.742513 0.159096 0.941213 0.174249
0 0.610155 0.409107 0.611789 0.424258
0 0.611789 0.409107 0.729440 0.424258
0 0.739245 0.409107 0.845867 0.424258
0 0.847092 0.409107 0.881162 0.424258
0 0.939579 0.409107 0.941213 0.424258
0 0.610155 0.424258 0.611789 0.439409
0 0.611789 0.424258 0.729440 0.439409
0 0.729440 0.424258 0.845867 0.439409
0 0.847092 0.424258 0.881162 0.439409
0 0.939579 0.424258 0.941213 0.439409
0 0.610155 0.439409 0.611789 0.454560
0 0.611789 0.439409 0.729440 0.454560
0 0.729440 0.439409 0.845867 0.454560
0 0.847092 0.439409 0.881162 0.454560
0 0.939579 0.439409 0.941213 0.454560
0 0.541198 0.454560 0.611789 0.469711
0 0.611789 0.454560 0.729440 0.469711
0 0.729440 0.454560 0.845867 0.469711
0 0.847092 0.454560 0.881162 0.469711
0 0.939579 0.454560 0.941213 0.469711
0 0.424772 0.575778 0.541198 0.590929
0 0.610155 0.575778 0.611789 0.590929
0 0.611789 0.575778 0.729440 0.590929
0 0.739245 0.575778 0.845867 0.590929
0 0.847092 0.575778 0.881162 0.590929
0 0.939579 0.575778 0.941213 0.590929
0 0.424772 0.590929 0.541198 0.606080
0 0.610155 0.590929 0.611789 0.606080
0 0.611789 0.590929 0.729440 0.606080
0 0.729440 0.590929 0.845867 0.606080
0 0.847092 0.590929 0.881162 0.606080
0 0.939579 0.590929 0.941213 0.606080
0 0.424772 0.606080 0.541198 0.621231
0 0.610155 0.606080 0.611789 0.621231
0 0.611789 0.606080 0.729440 0.621231
0 0.729440 0.606080 0.845867 0.621231
0 0.847092 0.606080 0.881162 0.621231
0 0.939579 0.606080 0.941213 0.621231
0 0.424772 0.621231 0.541198 0.636382
0 0.610155 0.621231 0.611789 0.636382
0 0.611789 0.621231 0.729440 0.636382
0 0.729440 0.621231 0.845867 0.636382
0 0.847092 0.621231 0.881162 0.636382
0 0.939579 0.621231 0.941213 0.636382
0 0.424772 0.651534 0.541198 0.666687
0 0.610155 0.636382 0.611789 0.666687
0 0.611789 0.651534 0.729440 0.666687
0 0.729440 0.651534 0.845867 0.666687
0 0.847092 0.651534 0.881162 0.666687
0 0.939579 0.636382 0.941213 0.666687
0 0.424772 0.666687 0.541198 0.681838
0 0.610155 0.666687 0.611789 0.681838
0 0.611789 0.666687 0.729440 0.681838
0 0.729440 0.666687 0.845867 0.681838
0 0.847092 0.666687 0.881162 0.681838
0 0.939579 0.666687 0.941213 0.681838
0 0.424772 0.681838 0.541198 0.696989
0 0.610155 0.681838 0.611789 0.696989
0 0.611789 0.681838 0.729440 0.696989
0 0.729440 0.681838 0.845867 0.696989
0 0.847092 0.681838 0.881162 0.696989
0 0.939579 0.681838 0.941213 0.696989
0 0.424772 0.696989 0.541198 0.712140
0 0.610155 0.696989 0.611789 0.712140
0 0.611789 0.696989 0.729440 0.712140
0 0.729440 0.696989 0.845867 0.712140
0 0.847092 0.696989 0.881162 0.712140
0 0.939579 0.696989 0.941213 0.712140
