0 0.752317 0.068183 0.941213 0.083337
0 0.610155 0.136369 0.611789 0.151520
0 0.611789 0.136369 0.729440 0.151520
0 0.741206 0.136369 0.845867 0.151520
0 0.847092 0.136369 0.881162 0.151520
0 0.939579 0.136369 0.941213 0.151520
0 0.610155 0.151520 0.611789 0.166671
0 0.611789 0.151520 0.729440 0.166671
0 0.729440 0.151520 0.845867 0.166671
0 0.847092 0.151520 0.881162 0.166671
0 0.939579 0.151520 0.941213 0.166671
0 0.610155 0.166671 0.611789 0.181822
0 0.611789 0.166671 0.729440 0.181822
0 0.729440 0.166671 0.845867 0.181822
0 0.847092 0.166671 0.881162 0.181822
0 0.939579 0.166671 0.941213 0.181822
0 0.610155 0.181822 0.611789 0.196973
0 0.611789 0.181822 0.729440 0.196973
0 0.729440 0.181822 0.845867 0.196973
0 0.847092 0.181822 0.881162 0.196973
0 0.939579 0.181822 0.941213 0.196973
0 0.610155 0.196973 0.611789 0.212123
0 0.611789 0.196973 0.729440 0.212123
0 0.729440 0.196973 0.845867 0.212123
0 0.847092 0.196973 0.881162 0.212123
0 0.939579 0.196973 0.941213 0.212123
0 0.610155 0.212123 0.611789 0.227274
0 0.611789 0.212123 0.729440 0.227274
0 0.729440 0.212123 0.845867 0.227274
0 0.847092 0.212123 0.881162 0.227274
0 0.939579 0.212123 0.941213 0.227274
0 0.610155 0.227274 0.611789 0.242425
0 0.611789 0.227274 0.729440 0.242425
0 0.729440 0.227274 0.845867 0.242425
0 0.847092 0.227274 0.881162 0.242425
0 0.939579 0.227274 0.941213 0.242425
0 0.610155 0.242425 0.611789 0.257576
0 0.611789 0.242425 0.729440 0.257576
0 0.729440 0.242425 0.845867 0.257576
0 0.847092 0.242425 0.881162 0.257576
0 0.939579 0.242425 0.941213 0.257576
0 0.610155 0.257576 0.611789 0.272727
0 0.611789 0.257576 0.729440 0.272727
0 0.729440 0.257576 0.845867 0.272727
0 0.847092 0.257576 0.881162 0.272727
0 0.939579 0.257576 0.941213 0.272727
0 0.752317 0.280314 0.941213 0.295468
0 0.610155 0.333349 0.611789 0.348500
0 0.611789 0.333349 0.729440 0.348500
0 0.739245 0.333349 0.845867 0.348500
0 0.847092 0.333349 0.881162 0.348500
0 0.939579 0.333349 0.941213 0.348500
0 0.610155 0.348500 0.611789 0.363651
0 0.611789 0.348500 0.729440 0.363651
0 0.729440 0.348500 0.845867 0.363651
0 0.847092 0.348500 0.881162 0.363651
0 0.939579 0.348500 0.941213 0.363651
0 0.610155 0.378803 0.611789 0.393957
0 0.611789 0.378803 0.729440 0.393957
0 0.729440 0.378803 0.845867 0.393957
0 0.847092 0.378803 0.881162 0.393957
0 0.939579 0.378803 0.941213 0.393957
0 0.424772 0.469718 0.541198 0.484869
0 0.610155 0.469718 0.611789 0.484869
0 0.611789 0.469718 0.729440 0.484869
0 0.739245 0.469718 0.845867 0.484869
0 0.847092 0.469718 0.881162 0.484869
0 0.939579 0.469718 0.941213 0.484869
0 0.424772 0.484869 0.541198 0.500020
0 0.610155 0.484869 0.611789 0.500020
0 0.611789 0.484869 0.729440 0.500020
0 0.729440 0.484869 0.845867 0.500020
0 0.847092 0.484869 0.881162 0.500020
0 0.939579 0.484869 0.941213 0.500020
0 0.752317 0.507596 0.941213 0.522750
0 0.610155 0.560631 0.611789 0.575782
0 0.611789 0.560631 0.729440 0.575782
0 0.739245 0.560631 0.845867 0.575782
0 0.847092 0.560631 0.881162 0.575782
0 0.939579 0.560631 0.941213 0.575782
0 0.610155 0.651541 0.611789 0.666695
0 0.611789 0.651541 0.729440 0.666695
0 0.739245 0.651541 0.845867 0.666695
0 0.847092 0.651541 0.881162 0.666695
0 0.939579 0.651541 0.941213 0.666695
0 0.610155 0.666695 0.611789 0.681846
0 0.611789 0.666695 0.729440 0.681846
0 0.729440 0.666695 0.845867 0.681846
0 0.847092 0.666695 0.881162 0.681846
0 0.939579 0.666695 0.941213 0.681846
0 0.739245 0.727302 0.845867 0.742453
0 0.847092 0.727302 0.881162 0.742453
