0 0.058824 0.159091 0.688235 0.181818
0 0.705882 0.159091 0.941176 0.181818
0 0.058824 0.209091 0.688235 0.227273
0 0.705882 0.209091 0.941176 0.227273
0 0.058824 0.245455 0.941176 0.268182
0 0.058824 0.304545 0.941176 0.327273
0 0.058824 0.345455 0.941176 0.368182
0 0.058824 0.386364 0.941176 0.477273
0 0.782353 0.477273 0.941176 0.495455
0 0.782353 0.495455 0.941176 0.513636
0 0.782353 0.513636 0.941176 0.531818
0 0.782353 0.531818 0.941176 0.550000
0 0.782353 0.550000 0.941176 0.568182
0 0.782353 0.568182 0.941176 0.586364
0 0.600000 0.586364 0.770588 0.604545
0 0.782353 0.604545 0.941176 0.622727
0 0.782353 0.622727 0.941176 0.640909
0 0.782353 0.640909 0.941176 0.659091
0 0.782353 0.659091 0.941176 0.677273
0 0.782353 0.677273 0.941176 0.695455
0 0.782353 0.695455 0.941176 0.713636
0 0.782353 0.728788 0.941176 0.740909
0 0.782353 0.740909 0.941176 0.759091
0 0.782353 0.759091 0.941176 0.777273
0 0.782353 0.777273 0.941176 0.795455
0 0.782353 0.795455 0.941176 0.813636
0 0.782353 0.813636 0.941176 0.831818
0 0.494118 0.890909 0.770588 0.913636
0 0.788235 0.890909 0.941176 0.913636
0 0.494118 0.931818 0.770588 0.954545
0 0.788235 0.931818 0.941176 0.954545
