0 0.029417 0.100000 0.482358 0.186364
0 0.029412 0.207955 0.044118 0.219318
0 0.570588 0.098182 0.723529 0.113636
0 0.811765 0.098182 0.970588 0.113636
0 0.494118 0.143636 0.723529 0.159091
0 0.735294 0.143636 0.970588 0.159091
0 0.552941 0.200000 0.970588 0.213636
0 0.029412 0.248182 0.223529 0.277273
0 0.235294 0.248182 0.741176 0.277273
0 0.894118 0.234545 0.970588 0.250000
0 0.766297 0.257273 0.970588 0.277273
0 0.047059 0.298182 0.200000 0.310909
0 0.235294 0.298182 0.376471 0.310909
0 0.429412 0.298182 0.552941 0.310909
0 0.611765 0.298182 0.729412 0.310909
0 0.029412 0.350000 0.341176 0.368182
0 0.352941 0.350000 0.658824 0.368182
0 0.670588 0.350000 0.970588 0.368182
0 0.029412 0.368182 0.341176 0.386364
0 0.352941 0.368182 0.658824 0.386364
0 0.670588 0.368182 0.970588 0.386364
0 0.032941 0.407273 0.072941 0.420000
0 0.029412 0.439091 0.658824 0.468182
0 0.200000 0.498182 0.217647 0.510909
0 0.229412 0.498182 0.247059 0.510909
0 0.258824 0.498182 0.276471 0.510909
0 0.288235 0.498182 0.305882 0.510909
0 0.317647 0.498182 0.335294 0.510909
0 0.347059 0.498182 0.364706 0.510909
0 0.376471 0.498182 0.394118 0.510909
0 0.405882 0.498182 0.423529 0.510909
0 0.435294 0.498182 0.452941 0.510909
0 0.200000 0.516364 0.217647 0.529091
0 0.229412 0.516364 0.247059 0.529091
0 0.258824 0.516364 0.276471 0.529091
0 0.288235 0.516364 0.305882 0.529091
0 0.317647 0.516364 0.335294 0.529091
0 0.347059 0.516364 0.364706 0.529091
0 0.376471 0.516364 0.394118 0.529091
0 0.405882 0.516364 0.423529 0.529091
0 0.435294 0.516364 0.452941 0.529091
0 0.464706 0.516364 0.482353 0.529091
0 0.494118 0.516364 0.511765 0.529091
0 0.523529 0.516364 0.541176 0.529091
0 0.552941 0.516364 0.570588 0.529091
0 0.582353 0.516364 0.600000 0.529091
0 0.611765 0.516364 0.629412 0.529091
0 0.641176 0.516364 0.658824 0.529091
0 0.670588 0.516364 0.688235 0.529091
0 0.029412 0.662500 0.044118 0.673864
0 0.029412 0.720909 0.288235 0.736364
0 0.300000 0.720909 0.376471 0.736364
0 0.388235 0.720909 0.611765 0.736364
0 0.888235 0.720909 0.970588 0.736364
0 0.623529 0.720909 0.876471 0.736364
0 0.282353 0.757273 0.300000 0.770000
0 0.311765 0.757273 0.329412 0.770000
0 0.341176 0.757273 0.358824 0.770000
0 0.370588 0.757273 0.388235 0.770000
0 0.029412 0.794318 0.044118 0.805682
0 0.294118 0.794318 0.308824 0.805682
0 0.029412 0.812500 0.044118 0.823864
0 0.294118 0.812500 0.308824 0.823864
0 0.029412 0.830682 0.044118 0.842045
0 0.294118 0.830682 0.308824 0.842045
0 0.205882 0.848182 0.223529 0.860909
0 0.235294 0.848182 0.252941 0.860909
0 0.264706 0.848182 0.282353 0.860909
0 0.294118 0.848182 0.311765 0.860909
0 0.323529 0.848182 0.341176 0.860909
0 0.352941 0.848182 0.370588 0.860909
0 0.482353 0.848182 0.552941 0.860909
0 0.029412 0.867045 0.044118 0.878409
0 0.188235 0.884545 0.317647 0.897273
0 0.441176 0.884545 0.558824 0.897273
0 0.082353 0.902727 0.317647 0.915455
0 0.370588 0.902727 0.558824 0.915455
0 0.564706 0.794318 0.579412 0.805682
0 0.564706 0.812500 0.579412 0.823864
0 0.564706 0.830682 0.579412 0.842045
0 0.564706 0.848864 0.579412 0.860227
0 0.029412 0.939091 0.817647 0.954545
0 0.829412 0.939091 0.970588 0.954545
