0 0.058819 0.235455 0.435289 0.281818
0 0.058954 0.286869 0.075294 0.299495
0 0.058819 0.352727 0.435289 0.372727
0 0.447059 0.234649 0.941176 0.254649
0 0.447059 0.284649 0.941176 0.304545
0 0.500000 0.322727 0.682353 0.336364
0 0.500000 0.336364 0.682353 0.350000
0 0.500000 0.350000 0.682353 0.363636
0 0.747064 0.322727 0.941409 0.336364
0 0.747064 0.336364 0.941409 0.350000
0 0.747064 0.350000 0.941409 0.363636
0 0.182353 0.390909 0.205882 0.406364
0 0.294118 0.390909 0.323529 0.406364
0 0.147059 0.447273 0.223529 0.460000
0 0.335294 0.447273 0.417647 0.460000
0 0.805882 0.433636 0.941176 0.460000
0 0.282353 0.479091 0.358824 0.492273
0 0.511765 0.479091 0.794118 0.492273
0 0.805882 0.465455 0.941176 0.492273
0 0.805882 0.497273 0.941176 0.510000
0 0.805882 0.515455 0.941176 0.528182
0 0.805882 0.533636 0.941176 0.546364
0 0.805882 0.551818 0.941176 0.615000
0 0.805882 0.620000 0.941176 0.632727
0 0.252941 0.670909 0.270588 0.683636
0 0.282353 0.670909 0.300000 0.683636
0 0.311765 0.670909 0.329412 0.683636
0 0.341176 0.670909 0.358824 0.683636
0 0.370588 0.670909 0.388235 0.683636
0 0.400000 0.670909 0.417647 0.683636
0 0.429412 0.670909 0.447059 0.683636
0 0.458824 0.670909 0.476471 0.683636
0 0.488235 0.670909 0.505882 0.683636
0 0.252941 0.689091 0.270588 0.701818
0 0.282353 0.689091 0.300000 0.701818
0 0.311765 0.689091 0.329412 0.701818
0 0.341176 0.689091 0.358824 0.701818
0 0.370588 0.689091 0.388235 0.701818
0 0.400000 0.689091 0.417647 0.701818
0 0.429412 0.689091 0.447059 0.701818
0 0.458824 0.689091 0.476471 0.701818
0 0.488235 0.689091 0.505882 0.701818
0 0.517647 0.689091 0.535294 0.701818
0 0.547059 0.689091 0.564706 0.701818
0 0.576471 0.689091 0.594118 0.701818
0 0.605882 0.689091 0.623529 0.701818
0 0.635294 0.689091 0.652941 0.701818
0 0.664706 0.689091 0.682353 0.701818
0 0.694118 0.689091 0.711765 0.701818
0 0.723529 0.689091 0.741176 0.701818
0 0.898693 0.840404 0.911765 0.850505
0 0.898693 0.899495 0.911765 0.909596
