0 0.458824 0.097221 0.471895 0.107322
0 0.741176 0.097221 0.754248 0.107322
0 0.082353 0.137877 0.670588 0.149998
0 0.741176 0.136362 0.776471 0.149998
0 0.788235 0.136362 0.941176 0.149998
0 0.082353 0.165150 0.270588 0.177271
0 0.294613 0.165150 0.670588 0.177271
0 0.835294 0.165402 0.848366 0.175503
0 0.894118 0.165402 0.907190 0.175503
0 0.082348 0.192422 0.458824 0.204543
0 0.482353 0.192422 0.670588 0.204543
0 0.694118 0.192422 0.941176 0.204543
0 0.082353 0.219695 0.458824 0.231816
0 0.835294 0.219947 0.848366 0.230048
0 0.894118 0.219947 0.907190 0.230048
0 0.082353 0.295452 0.717647 0.322724
0 0.717647 0.295452 0.941176 0.322724
0 0.082353 0.322724 0.717647 0.349996
0 0.717647 0.322724 0.941176 0.349996
0 0.082315 0.386360 0.223492 0.413632
0 0.223492 0.386360 0.447021 0.413632
0 0.447021 0.386360 0.941139 0.413632
0 0.082315 0.413632 0.223492 0.440905
0 0.223492 0.413632 0.447021 0.440905
0 0.447021 0.413632 0.941139 0.440905
0 0.082315 0.440905 0.223492 0.468177
0 0.223492 0.440905 0.447021 0.468177
0 0.447021 0.440905 0.941139 0.468177
0 0.828105 0.468177 0.941176 0.486359
0 0.858823 0.533330 0.928430 0.548483
0 0.082353 0.563634 0.200000 0.590907
0 0.200000 0.563634 0.588235 0.590907
0 0.588235 0.563634 0.811765 0.590907
0 0.829412 0.563634 0.941176 0.590907
0 0.082353 0.590907 0.200000 0.618179
0 0.200000 0.590907 0.588235 0.618179
0 0.588235 0.590907 0.811765 0.618179
0 0.829412 0.590907 0.941176 0.618179
0 0.829412 0.618176 0.941176 0.636357
0 0.082265 0.695448 0.458735 0.722720
0 0.458735 0.695448 0.564618 0.722720
0 0.564618 0.695448 0.658735 0.722720
0 0.658735 0.695448 0.811676 0.722720
0 0.829324 0.695448 0.941088 0.722720
0 0.082265 0.722720 0.458735 0.749992
0 0.458735 0.722720 0.564618 0.749992
0 0.564618 0.722720 0.658735 0.749992
0 0.658735 0.722720 0.811676 0.749992
0 0.829324 0.722720 0.941088 0.749992
0 0.082265 0.749992 0.458735 0.777265
0 0.458735 0.749992 0.564618 0.777265
0 0.564618 0.749992 0.658735 0.777265
0 0.658735 0.749992 0.811676 0.777265
0 0.829324 0.749992 0.941088 0.777265
0 0.082265 0.777265 0.458735 0.804537
0 0.458735 0.777265 0.564618 0.804537
0 0.564618 0.777265 0.658735 0.804537
0 0.658735 0.777265 0.811676 0.804537
0 0.829324 0.777265 0.941088 0.804537
0 0.082265 0.804537 0.458735 0.831810
0 0.458735 0.804537 0.564618 0.831810
0 0.564618 0.804537 0.658735 0.831810
0 0.658735 0.804537 0.811676 0.831810
0 0.829324 0.804537 0.941088 0.831810
0 0.829412 0.831810 0.941176 0.849991
