0 0.058824 0.085227 0.073529 0.096591
0 0.129412 0.085227 0.144118 0.096591
0 0.058824 0.115455 0.941176 0.131818
0 0.058824 0.153409 0.073529 0.164773
0 0.129412 0.153409 0.144118 0.164773
0 0.058824 0.182727 0.941176 0.200000
0 0.058824 0.221591 0.073529 0.232955
0 0.129412 0.221591 0.144118 0.232955
0 0.058824 0.257955 0.073529 0.269318
0 0.129412 0.257955 0.144118 0.269318
0 0.058824 0.287273 0.941176 0.304545
0 0.058824 0.326136 0.073529 0.337500
0 0.129412 0.326136 0.144118 0.337500
0 0.358824 0.322727 0.500000 0.338182
0 0.558824 0.322727 0.941176 0.338182
0 0.058824 0.362500 0.073529 0.373864
0 0.129412 0.362500 0.144118 0.373864
0 0.435294 0.359091 0.576471 0.374545
0 0.729412 0.359091 0.870588 0.374545
0 0.300000 0.377273 0.941176 0.392727
0 0.482353 0.457273 0.782353 0.490909
0 0.794118 0.457273 0.941176 0.490909
0 0.079412 0.526136 0.094118 0.537500
0 0.079412 0.553409 0.094118 0.564773
0 0.079412 0.594318 0.094118 0.605682
0 0.079412 0.635227 0.094118 0.646591
0 0.079412 0.662500 0.094118 0.673864
0 0.079412 0.703409 0.094118 0.714773
0 0.079412 0.744318 0.094118 0.755682
0 0.079412 0.812500 0.094118 0.823864
