0 0.825812 0.090908 0.941176 0.109090
0 0.859796 0.154544 0.929384 0.168180
0 0.082348 0.181816 0.223525 0.209089
0 0.223525 0.181816 0.552931 0.209089
0 0.552931 0.181816 0.811755 0.209089
0 0.829402 0.181816 0.941167 0.209089
0 0.082348 0.209089 0.223525 0.236361
0 0.223525 0.209089 0.552931 0.236361
0 0.552931 0.209089 0.811755 0.236361
0 0.829402 0.209089 0.941167 0.236361
0 0.829412 0.236361 0.941176 0.254543
0 0.718606 0.315151 0.789619 0.331368
0 0.082348 0.345451 0.223525 0.390905
0 0.223529 0.345451 0.552941 0.375755
0 0.272544 0.375755 0.552936 0.390905
0 0.570583 0.345451 0.670583 0.390905
0 0.688230 0.345451 0.811760 0.390905
0 0.829407 0.345451 0.941172 0.390905
0 0.082348 0.390905 0.223525 0.436359
0 0.223525 0.390905 0.552936 0.421209
0 0.272544 0.421209 0.552936 0.436359
0 0.570583 0.390905 0.670583 0.436359
0 0.688230 0.390905 0.811760 0.436359
0 0.829407 0.390905 0.941172 0.436359
0 0.082353 0.481813 0.941176 0.495450
0 0.082353 0.563631 0.223529 0.595449
0 0.223529 0.563631 0.429412 0.595449
0 0.429412 0.563631 0.623529 0.595449
0 0.623529 0.563631 0.811765 0.595449
0 0.829412 0.563631 0.941176 0.595449
0 0.082353 0.595449 0.223529 0.627266
0 0.223529 0.595449 0.429412 0.627266
0 0.429412 0.595449 0.623529 0.627266
0 0.623529 0.595449 0.811765 0.627266
0 0.829412 0.595449 0.941176 0.627266
0 0.829412 0.627266 0.941176 0.645448
0 0.731422 0.678780 0.802417 0.694220
0 0.859806 0.678780 0.930801 0.694177
0 0.082353 0.709084 0.552941 0.740902
0 0.141176 0.740902 0.552941 0.754538
0 0.570588 0.709084 0.670588 0.754538
0 0.688235 0.709084 0.811765 0.754538
0 0.829412 0.709084 0.941176 0.754538
0 0.082353 0.754538 0.552941 0.786356
0 0.141176 0.786356 0.552941 0.799992
0 0.570588 0.754538 0.670588 0.799992
0 0.688235 0.754538 0.811765 0.799992
0 0.829412 0.754538 0.941176 0.799992
0 0.829412 0.799992 0.941176 0.818174
0 0.094118 0.833577 0.107190 0.843678
0 0.188235 0.833577 0.201307 0.843678
0 0.317647 0.845446 0.529412 0.881809
0 0.317647 0.881813 0.529412 0.895449
0 0.317647 0.895446 0.529412 0.909082
0 0.335294 0.909082 0.529412 0.922718
0 0.335294 0.922718 0.529412 0.936354
0 0.529412 0.845446 0.729412 0.881809
0 0.529412 0.881809 0.729412 0.895446
0 0.529412 0.895446 0.729412 0.909082
0 0.547059 0.909082 0.729412 0.922718
0 0.547059 0.922718 0.729412 0.936354
0 0.729412 0.845446 0.941176 0.881809
0 0.729412 0.881813 0.941176 0.895449
0 0.729412 0.895446 0.941176 0.909082
0 0.747059 0.909082 0.941176 0.922718
0 0.747059 0.922718 0.941176 0.936354
0 0.829412 0.936354 0.941176 0.954536
