0 0.333987 0.159089 0.435294 0.172726
0 0.333987 0.172726 0.435294 0.186362
0 0.333987 0.186362 0.435294 0.199998
0 0.333987 0.199998 0.435294 0.213634
0 0.333987 0.213634 0.435294 0.227270
0 0.333987 0.227270 0.435294 0.240907
0 0.333987 0.240907 0.435294 0.254543
0 0.333987 0.254543 0.435294 0.268179
0 0.333987 0.268179 0.435294 0.281815
0 0.333987 0.281815 0.435294 0.295452
0 0.333987 0.295452 0.435294 0.309088
0 0.333987 0.309088 0.435294 0.322724
0 0.075163 0.336360 0.317647 0.349996
0 0.333987 0.336360 0.435294 0.349996
0 0.075163 0.349996 0.317647 0.363633
0 0.333987 0.349996 0.435294 0.363633
0 0.333987 0.378784 0.435294 0.390905
0 0.710457 0.159089 0.811765 0.172726
0 0.710457 0.172726 0.811765 0.186362
0 0.710457 0.186362 0.811765 0.199998
0 0.710457 0.199998 0.811765 0.213634
0 0.710457 0.213634 0.811765 0.227270
0 0.710457 0.227270 0.811765 0.240907
0 0.710457 0.240907 0.811765 0.254543
0 0.710457 0.254543 0.811765 0.268179
0 0.710457 0.268179 0.811765 0.281815
0 0.710457 0.281815 0.811765 0.295452
0 0.710457 0.295452 0.811765 0.309088
0 0.710457 0.309088 0.811765 0.322724
0 0.710457 0.322724 0.811765 0.336360
0 0.710457 0.336360 0.811765 0.349996
0 0.710457 0.365148 0.811765 0.377269
0 0.710457 0.377269 0.811765 0.390905
