0 0.058824 0.121591 0.073529 0.132955
0 0.200000 0.118182 0.305882 0.134545
0 0.317647 0.121591 0.332353 0.132955
0 0.058894 0.152727 0.488235 0.172727
0 0.500000 0.152727 0.711765 0.172727
0 0.058824 0.189091 0.276471 0.209091
0 0.288235 0.189091 0.488235 0.209091
0 0.500000 0.189091 0.711765 0.209091
0 0.058894 0.225455 0.394188 0.268182
0 0.405882 0.234545 0.711765 0.268182
0 0.070658 0.286364 0.188306 0.302727
0 0.247129 0.286364 0.364776 0.302727
0 0.400070 0.286364 0.517717 0.302727
0 0.770659 0.286364 0.941247 0.304545
0 0.058894 0.320909 0.488235 0.340909
0 0.500000 0.320909 0.711765 0.340909
0 0.058824 0.357273 0.276471 0.377273
0 0.288235 0.357273 0.488235 0.377273
0 0.500000 0.357273 0.711765 0.377273
0 0.058894 0.393636 0.394188 0.436364
0 0.405882 0.402727 0.711765 0.436364
0 0.070658 0.454545 0.188306 0.470909
0 0.247129 0.454545 0.364776 0.470909
0 0.400070 0.454545 0.517717 0.470909
0 0.770659 0.454545 0.941247 0.472727
0 0.770659 0.472727 0.941247 0.490909
0 0.770659 0.490909 0.941247 0.513636
0 0.058894 0.561818 0.300070 0.581818
0 0.311835 0.561818 0.370659 0.581818
0 0.382423 0.561818 0.488306 0.581818
0 0.500000 0.561818 0.576471 0.581818
0 0.588235 0.561818 0.711765 0.581818
0 0.058894 0.585227 0.073600 0.596591
0 0.058894 0.603409 0.073600 0.614773
0 0.147129 0.598182 0.370659 0.618182
0 0.382423 0.598182 0.523600 0.618182
0 0.547129 0.600000 0.711835 0.618182
0 0.070658 0.636364 0.182423 0.661818
0 0.241247 0.636364 0.358894 0.661818
0 0.394188 0.636364 0.511835 0.661818
0 0.770659 0.645455 0.941247 0.663636
0 0.770588 0.663636 0.941176 0.695455
0 0.058894 0.711818 0.300070 0.731818
0 0.311835 0.711818 0.370659 0.731818
0 0.382423 0.711818 0.488306 0.731818
0 0.500000 0.711818 0.576471 0.731818
0 0.588235 0.711818 0.711765 0.731818
0 0.058894 0.735227 0.073600 0.746591
0 0.058894 0.753409 0.073600 0.764773
0 0.147129 0.748182 0.370659 0.768182
0 0.382423 0.748182 0.523600 0.768182
0 0.547129 0.750000 0.711835 0.768182
0 0.070658 0.786364 0.182423 0.811818
0 0.241247 0.786364 0.358894 0.811818
0 0.394188 0.786364 0.511835 0.811818
0 0.770659 0.795455 0.941247 0.813636
0 0.770588 0.813636 0.941176 0.859091
0 0.770659 0.859091 0.941247 0.886364
0 0.770659 0.886364 0.941247 0.913636
