0 0.235294 0.081313 0.248366 0.091414
0 0.317647 0.081313 0.330719 0.091414
0 0.422093 0.119949 0.623529 0.140909
0 0.722784 0.119949 0.940828 0.140909
0 0.369281 0.200000 0.494118 0.213636
0 0.369281 0.213636 0.494118 0.227273
0 0.369281 0.227273 0.494118 0.240909
0 0.369281 0.240909 0.494118 0.254545
0 0.369281 0.254545 0.494118 0.268182
0 0.076797 0.281818 0.352941 0.295455
0 0.369281 0.281818 0.494118 0.295455
0 0.076797 0.295455 0.352941 0.309091
0 0.369281 0.295455 0.494118 0.309091
0 0.076797 0.309091 0.352941 0.322727
0 0.369281 0.309091 0.494118 0.322727
0 0.076797 0.322727 0.352941 0.336364
0 0.369281 0.322727 0.494118 0.336364
0 0.076797 0.336364 0.352941 0.350000
0 0.369281 0.336364 0.494118 0.350000
0 0.369281 0.350000 0.494118 0.363636
0 0.804575 0.200000 0.941176 0.213636
0 0.804575 0.213636 0.941176 0.227273
0 0.804575 0.227273 0.941176 0.240909
0 0.804575 0.240909 0.941176 0.254545
0 0.804575 0.254545 0.941176 0.268182
0 0.804575 0.268182 0.941176 0.281818
0 0.804575 0.281818 0.941176 0.295455
0 0.804575 0.295455 0.941176 0.309091
0 0.804575 0.309091 0.941176 0.322727
0 0.804575 0.322727 0.941176 0.336364
0 0.804575 0.336364 0.941176 0.350000
0 0.804577 0.350000 0.941176 0.363636
0 0.804577 0.363636 0.941176 0.377273
0 0.804577 0.377273 0.941176 0.390909
