0 0.835294 0.085859 0.848366 0.095960
0 0.894118 0.085859 0.907190 0.095960
0 0.058824 0.119697 0.764706 0.150000
0 0.764706 0.119697 0.941176 0.150000
0 0.835294 0.158586 0.848366 0.168687
0 0.894118 0.158586 0.907190 0.168687
0 0.097386 0.192677 0.110458 0.202778
0 0.188235 0.192677 0.201307 0.202778
0 0.282353 0.192424 0.505882 0.204545
0 0.505882 0.192424 0.764706 0.204545
0 0.764706 0.192424 0.941691 0.204545
0 0.106863 0.218182 0.282353 0.231818
0 0.282353 0.219697 0.505882 0.231818
0 0.505882 0.219697 0.941704 0.231818
0 0.835294 0.240404 0.848366 0.250505
0 0.894118 0.240404 0.907190 0.250505
0 0.082353 0.274242 0.282353 0.286364
0 0.282353 0.274242 0.482353 0.286364
0 0.482353 0.274242 0.682353 0.286364
0 0.682353 0.274242 0.811765 0.286364
0 0.811765 0.274242 0.941704 0.286364
0 0.835294 0.294949 0.848366 0.305050
0 0.894118 0.294949 0.907190 0.305050
0 0.082353 0.328788 0.411765 0.359091
0 0.411765 0.343939 0.505882 0.359091
0 0.600000 0.313636 0.717647 0.330303
0 0.523529 0.345455 0.717647 0.359091
0 0.717647 0.343939 0.823529 0.359091
0 0.841176 0.345455 0.941176 0.359091
0 0.835294 0.367677 0.848366 0.377778
0 0.894118 0.367677 0.907190 0.377778
0 0.082353 0.401515 0.364706 0.413636
0 0.391407 0.400000 0.588235 0.413636
0 0.588235 0.401515 0.764706 0.413636
0 0.764706 0.401515 0.941694 0.413636
0 0.835294 0.422222 0.848366 0.432323
0 0.894118 0.422222 0.907190 0.432323
0 0.717647 0.456061 0.941699 0.468182
0 0.082353 0.456061 0.717647 0.468182
0 0.835294 0.476768 0.848366 0.486869
0 0.894118 0.476768 0.907190 0.486869
0 0.082353 0.510606 0.564706 0.522727
0 0.578753 0.509091 0.764706 0.522727
0 0.764706 0.510606 0.941704 0.522727
0 0.835294 0.531313 0.848366 0.541414
0 0.894118 0.531313 0.907190 0.541414
0 0.814047 0.568182 0.941176 0.595455
0 0.458824 0.610859 0.471895 0.620960
0 0.517647 0.610859 0.530719 0.620960
0 0.564706 0.610606 0.941176 0.622727
0 0.835294 0.686364 0.941176 0.698496
0 0.082353 0.713636 0.235294 0.759091
0 0.235294 0.713636 0.635294 0.759091
0 0.635294 0.713636 0.800000 0.759091
0 0.816340 0.713636 0.941176 0.759091
0 0.082353 0.759091 0.235294 0.804545
0 0.235294 0.759091 0.635294 0.804545
0 0.635294 0.759091 0.800000 0.804545
0 0.816340 0.759091 0.941176 0.804545
0 0.082353 0.804545 0.235294 0.850000
0 0.235294 0.804545 0.635294 0.850000
0 0.635294 0.804545 0.800000 0.850000
0 0.816340 0.804545 0.941176 0.850000
0 0.816340 0.850000 0.941176 0.877273
