0 0.058824 0.475455 0.252941 0.515455
0 0.058824 0.522222 0.071895 0.532323
0 0.202353 0.522222 0.215425 0.532323
0 0.264706 0.475455 0.382353 0.533636
0 0.389412 0.489091 0.498824 0.504545
0 0.501176 0.489091 0.640000 0.504545
0 0.389412 0.520909 0.498824 0.536364
0 0.501176 0.520909 0.640000 0.536364
0 0.647059 0.475455 0.741176 0.533636
0 0.752941 0.475455 0.841176 0.533636
0 0.852941 0.475455 0.941176 0.533636
0 0.058824 0.539091 0.252941 0.579091
0 0.058824 0.585859 0.071895 0.595960
0 0.202353 0.585859 0.215425 0.595960
0 0.264706 0.539091 0.382353 0.597273
0 0.389412 0.552727 0.498824 0.568182
0 0.501176 0.552727 0.640000 0.568182
0 0.389412 0.584545 0.498824 0.600000
0 0.501176 0.584545 0.640000 0.600000
0 0.647059 0.539091 0.741176 0.597273
0 0.752941 0.539091 0.841176 0.597273
0 0.852941 0.539091 0.941176 0.597273
0 0.058824 0.602727 0.252941 0.642727
0 0.058824 0.649495 0.071895 0.659596
0 0.202353 0.649495 0.215425 0.659596
0 0.264706 0.602727 0.382353 0.660909
0 0.389412 0.616364 0.498824 0.631818
0 0.501176 0.616364 0.640000 0.631818
0 0.389412 0.648182 0.498824 0.663636
0 0.501176 0.648182 0.640000 0.663636
0 0.647059 0.602727 0.741176 0.660909
0 0.752941 0.602727 0.841176 0.660909
0 0.852941 0.602727 0.941176 0.660909
0 0.058824 0.734545 0.294118 0.747273
0 0.305882 0.734545 0.400000 0.747273
0 0.411765 0.734545 0.505882 0.747273
0 0.517647 0.734545 0.558824 0.747273
0 0.588235 0.734545 0.635294 0.747273
0 0.647059 0.734545 0.741176 0.747273
0 0.752941 0.734545 0.847059 0.747273
0 0.858823 0.734545 0.941176 0.747273
0 0.058824 0.752727 0.294118 0.765455
0 0.305882 0.752727 0.400000 0.765455
0 0.411765 0.752727 0.505882 0.765455
0 0.517647 0.752727 0.558824 0.765455
0 0.588235 0.752727 0.635294 0.765455
0 0.647059 0.752727 0.741176 0.765455
0 0.752941 0.752727 0.847059 0.765455
0 0.858823 0.752727 0.941176 0.765455
0 0.058824 0.770909 0.294118 0.783636
0 0.305882 0.770909 0.400000 0.783636
0 0.411765 0.770909 0.505882 0.783636
0 0.517647 0.770909 0.558824 0.783636
0 0.588235 0.770909 0.635294 0.783636
0 0.647059 0.770909 0.741176 0.783636
0 0.752941 0.770909 0.847059 0.783636
0 0.858823 0.770909 0.941176 0.783636
0 0.058824 0.789091 0.294118 0.801818
0 0.305882 0.789091 0.400000 0.801818
0 0.411765 0.789091 0.505882 0.801818
0 0.517647 0.789091 0.558824 0.801818
0 0.588235 0.789091 0.635294 0.801818
0 0.647059 0.789091 0.741176 0.801818
0 0.752941 0.789091 0.847059 0.801818
0 0.858823 0.789091 0.941176 0.801818
0 0.058824 0.807273 0.294118 0.820000
0 0.305882 0.807273 0.400000 0.820000
0 0.411765 0.807273 0.505882 0.820000
0 0.517647 0.807273 0.558824 0.820000
0 0.588235 0.807273 0.635294 0.820000
0 0.647059 0.807273 0.741176 0.820000
0 0.752941 0.807273 0.847059 0.820000
0 0.858823 0.807273 0.941176 0.820000
0 0.058824 0.866364 0.405882 0.879091
0 0.417647 0.866364 0.582353 0.879091
0 0.594118 0.866364 0.758824 0.879091
0 0.770588 0.866364 0.941176 0.879091
0 0.058824 0.884545 0.405882 0.897273
0 0.417647 0.884545 0.582353 0.897273
0 0.594118 0.884545 0.758824 0.897273
0 0.770588 0.884545 0.941176 0.897273
0 0.058824 0.902727 0.405882 0.915455
0 0.417647 0.902727 0.582353 0.915455
0 0.594118 0.902727 0.758824 0.915455
0 0.770588 0.902727 0.941176 0.915455
0 0.058824 0.920909 0.405882 0.933636
0 0.417647 0.920909 0.582353 0.933636
0 0.594118 0.920909 0.758824 0.933636
0 0.770588 0.920909 0.941176 0.933636
0 0.058824 0.939091 0.405882 0.951818
0 0.417647 0.939091 0.582353 0.951818
0 0.594118 0.939091 0.758824 0.951818
0 0.770588 0.939091 0.941176 0.951818
0 0.058824 0.255455 0.490585 0.267273
0 0.497644 0.255455 0.619998 0.267273
0 0.627057 0.255455 0.702350 0.267273
0 0.709408 0.255455 0.819998 0.267273
0 0.875163 0.256313 0.888235 0.266414
0 0.058824 0.269091 0.490585 0.280909
0 0.497644 0.269091 0.619998 0.280909
0 0.627057 0.269091 0.702350 0.280909
0 0.709408 0.269091 0.819998 0.280909
0 0.875163 0.269949 0.888235 0.280050
0 0.058824 0.160000 0.490585 0.171818
0 0.497644 0.160000 0.619998 0.171818
0 0.627057 0.160000 0.702350 0.171818
0 0.709408 0.160000 0.819998 0.171818
0 0.875163 0.160859 0.888235 0.170960
0 0.058824 0.173636 0.490585 0.185455
0 0.497644 0.173636 0.619998 0.185455
0 0.627057 0.173636 0.702350 0.185455
0 0.709408 0.173636 0.819998 0.185455
0 0.875163 0.174495 0.888235 0.184596
0 0.058824 0.382727 0.220000 0.394545
0 0.227059 0.382727 0.420000 0.394545
0 0.427059 0.382727 0.608235 0.394545
0 0.615294 0.382727 0.796471 0.394545
0 0.803529 0.382727 0.941176 0.394545
0 0.058824 0.396364 0.220000 0.408182
0 0.227059 0.396364 0.420000 0.408182
0 0.427059 0.396364 0.608235 0.408182
0 0.615294 0.396364 0.796471 0.408182
0 0.803529 0.396364 0.941176 0.408182
0 0.058824 0.410000 0.220000 0.421818
0 0.227059 0.410000 0.420000 0.421818
0 0.427059 0.410000 0.608235 0.421818
0 0.615294 0.410000 0.796471 0.421818
0 0.803529 0.410000 0.941176 0.421818
