0 0.094118 0.178788 0.494118 0.190909
0 0.094118 0.206061 0.494118 0.218182
0 0.223529 0.218182 0.494118 0.231818
0 0.141176 0.231818 0.494118 0.245455
0 0.141176 0.245455 0.294118 0.259091
0 0.388235 0.245455 0.494118 0.259091
0 0.152941 0.259091 0.494118 0.272727
0 0.294969 0.272727 0.341176 0.286364
0 0.355224 0.272727 0.494118 0.286364
0 0.094118 0.301515 0.494118 0.313636
0 0.094118 0.328788 0.494118 0.340909
0 0.811765 0.163636 0.941176 0.177273
0 0.529412 0.192677 0.542484 0.202778
0 0.658824 0.192677 0.671895 0.202778
0 0.788235 0.192677 0.801307 0.202778
0 0.847059 0.190909 0.941176 0.204545
0 0.529412 0.213131 0.542484 0.223232
0 0.529412 0.233586 0.542484 0.243687
0 0.811765 0.231818 0.941176 0.245455
0 0.741176 0.245455 0.941176 0.257577
0 0.656863 0.272727 0.941176 0.286364
0 0.655229 0.286364 0.941176 0.300000
0 0.800000 0.300000 0.941176 0.313636
0 0.788235 0.329040 0.801307 0.339141
0 0.882353 0.329040 0.895425 0.339141
0 0.788235 0.344950 0.801307 0.355051
0 0.882353 0.344950 0.895425 0.355051
0 0.082353 0.395455 0.705882 0.422727
0 0.705882 0.400505 0.941176 0.422727
0 0.082353 0.422727 0.705882 0.450000
0 0.705882 0.427778 0.941176 0.450000
0 0.082353 0.495455 0.247059 0.540909
0 0.247059 0.510606 0.435294 0.540909
0 0.435294 0.495455 0.941176 0.527273
0 0.729412 0.527273 0.941176 0.540909
0 0.082353 0.540909 0.247059 0.586364
0 0.247059 0.556061 0.435294 0.586364
0 0.435294 0.540909 0.941176 0.572727
0 0.729412 0.572727 0.941176 0.586364
0 0.082353 0.586364 0.247059 0.631818
0 0.247059 0.601515 0.435294 0.631818
0 0.435294 0.586364 0.941176 0.618182
0 0.729412 0.618182 0.941176 0.631818
0 0.211765 0.668182 0.564706 0.681818
0 0.152941 0.681818 0.564706 0.695455
0 0.223529 0.695455 0.564706 0.709091
0 0.141176 0.709091 0.270588 0.722727
0 0.329412 0.709091 0.400000 0.722727
0 0.494118 0.709091 0.564706 0.722727
0 0.470588 0.724495 0.483660 0.734596
0 0.517647 0.724495 0.530719 0.734596
0 0.764706 0.668182 0.941176 0.681818
0 0.788235 0.681818 0.823529 0.695455
0 0.835294 0.681818 0.941176 0.695455
0 0.788235 0.695455 0.823529 0.709091
0 0.835294 0.695455 0.941176 0.709091
0 0.882353 0.709091 0.941176 0.722727
0 0.823529 0.722727 0.941176 0.736364
0 0.211765 0.736364 0.564706 0.750000
0 0.152941 0.750000 0.564706 0.763636
0 0.223529 0.763636 0.564706 0.777273
0 0.141176 0.777273 0.270588 0.790909
0 0.329412 0.777273 0.400000 0.790909
0 0.494118 0.777273 0.564706 0.790909
0 0.470588 0.792677 0.483660 0.802778
0 0.517647 0.792677 0.530719 0.802778
0 0.764706 0.736364 0.941176 0.750000
0 0.788235 0.750000 0.823529 0.763636
0 0.835294 0.750000 0.941176 0.763636
0 0.788235 0.763636 0.823529 0.777273
0 0.835294 0.763636 0.941176 0.777273
0 0.882353 0.777273 0.941176 0.790909
0 0.823529 0.790909 0.941176 0.804545
0 0.211765 0.804545 0.564706 0.818182
0 0.152941 0.818182 0.564706 0.831818
0 0.223529 0.831818 0.564706 0.845455
0 0.141176 0.845455 0.270588 0.859091
0 0.329412 0.845455 0.400000 0.859091
0 0.494118 0.845455 0.564706 0.859091
0 0.470588 0.860859 0.483660 0.870960
0 0.517647 0.860859 0.530719 0.870960
0 0.764706 0.804545 0.941176 0.818182
0 0.788235 0.818182 0.823529 0.831818
0 0.835294 0.818182 0.941176 0.831818
0 0.788235 0.831818 0.823529 0.845455
0 0.835294 0.831818 0.941176 0.845455
0 0.882353 0.845455 0.941176 0.859091
0 0.823529 0.859091 0.941176 0.872727
0 0.211765 0.872727 0.564706 0.886364
0 0.152941 0.886364 0.564706 0.900000
0 0.223529 0.900000 0.564706 0.913636
0 0.141176 0.913636 0.270588 0.927273
0 0.329412 0.913636 0.400000 0.927273
0 0.494118 0.913636 0.564706 0.927273
0 0.470588 0.929040 0.483660 0.939141
0 0.517647 0.929040 0.530719 0.939141
0 0.764706 0.872727 0.941176 0.886364
0 0.788235 0.886364 0.823529 0.900000
0 0.835294 0.886364 0.941176 0.900000
0 0.788235 0.900000 0.823529 0.913636
0 0.835294 0.900000 0.941176 0.913636
0 0.882353 0.913636 0.941176 0.927273
0 0.823529 0.927273 0.941176 0.940909
