0 0.482353 0.480000 0.782353 0.509091
0 0.794118 0.480000 0.941176 0.509091
0 0.077778 0.548232 0.094118 0.560859
0 0.077778 0.575505 0.094118 0.588131
0 0.077778 0.616414 0.094118 0.629040
0 0.077778 0.657323 0.094118 0.669949
0 0.077778 0.684596 0.094118 0.697222
0 0.077778 0.725505 0.094118 0.738131
0 0.077778 0.752778 0.094118 0.765404
0 0.077783 0.820960 0.094123 0.833586
0 0.059106 0.162500 0.073812 0.173864
0 0.117647 0.162500 0.132353 0.173864
0 0.058824 0.191818 0.941176 0.209091
0 0.058824 0.230682 0.073529 0.242045
0 0.117647 0.230682 0.132353 0.242045
0 0.058824 0.335227 0.073529 0.346591
0 0.117647 0.335227 0.132353 0.346591
0 0.300000 0.331818 0.400000 0.347273
0 0.452941 0.331818 0.941176 0.347273
0 0.058824 0.371591 0.073529 0.382955
0 0.117647 0.371591 0.132353 0.382955
0 0.300000 0.368182 0.400000 0.383636
0 0.500000 0.368182 0.647059 0.383636
0 0.423529 0.386364 0.941176 0.401818
0 0.058824 0.267045 0.073529 0.278409
0 0.117647 0.267045 0.132353 0.278409
0 0.058824 0.296364 0.941176 0.313636
0 0.058828 0.094318 0.073534 0.105682
0 0.117647 0.094318 0.132353 0.105682
0 0.058828 0.124545 0.941181 0.140909
