0 0.270588 0.446364 0.376471 0.458182
0 0.388235 0.446364 0.494118 0.458182
0 0.270588 0.460000 0.376471 0.471818
0 0.388235 0.460000 0.494118 0.471818
0 0.270588 0.473636 0.376471 0.485455
0 0.388235 0.473636 0.494118 0.485455
0 0.270588 0.487273 0.376471 0.499091
0 0.388235 0.487273 0.494118 0.499091
0 0.270588 0.500909 0.376471 0.512727
0 0.388235 0.500909 0.494118 0.512727
0 0.270588 0.514545 0.376471 0.526364
0 0.388235 0.514545 0.494118 0.526364
0 0.270588 0.555455 0.376471 0.580833
0 0.388235 0.555455 0.494118 0.580833
0 0.270588 0.582652 0.376471 0.594470
0 0.388235 0.582652 0.494118 0.594470
0 0.270588 0.596288 0.376471 0.608106
0 0.388235 0.596288 0.494118 0.608106
0 0.270588 0.637273 0.376471 0.649091
0 0.388235 0.637273 0.494118 0.649091
0 0.270588 0.650909 0.376471 0.662727
0 0.388235 0.650909 0.494118 0.662727
0 0.270588 0.664545 0.376471 0.676364
0 0.388235 0.664545 0.494118 0.676364
0 0.270588 0.678182 0.376471 0.703636
0 0.388235 0.678182 0.494118 0.703636
0 0.270588 0.705455 0.376471 0.717273
0 0.388235 0.705455 0.494118 0.717273
0 0.270588 0.719091 0.376471 0.730909
0 0.388235 0.719091 0.494118 0.730909
0 0.711765 0.446364 0.817647 0.458182
0 0.829412 0.446364 0.941176 0.458182
0 0.711765 0.460000 0.817647 0.471818
0 0.829412 0.460000 0.941176 0.471818
0 0.711765 0.473636 0.817647 0.485455
0 0.829412 0.473636 0.941176 0.485455
0 0.711765 0.514545 0.817647 0.526364
0 0.829412 0.514545 0.941176 0.526364
0 0.711765 0.528182 0.817647 0.540000
0 0.829412 0.528182 0.941176 0.540000
0 0.711765 0.541818 0.817647 0.553636
0 0.829412 0.541818 0.941176 0.553636
0 0.711765 0.555455 0.817647 0.567273
0 0.829412 0.555455 0.941176 0.567273
0 0.711765 0.569091 0.817647 0.580909
0 0.829412 0.569091 0.941176 0.580909
0 0.711765 0.582727 0.817647 0.594545
0 0.829412 0.582727 0.941176 0.594545
0 0.711765 0.596364 0.817647 0.621818
0 0.829412 0.596364 0.941176 0.621818
0 0.711765 0.623636 0.817647 0.649091
0 0.829412 0.623636 0.941176 0.649091
0 0.711765 0.650909 0.817647 0.662727
0 0.829412 0.650909 0.941176 0.662727
0 0.711765 0.664545 0.817647 0.676364
0 0.829412 0.664545 0.941176 0.676364
0 0.711765 0.678182 0.817647 0.690000
0 0.829412 0.678182 0.941176 0.690000
0 0.600000 0.690909 0.705882 0.704545
0 0.711765 0.691818 0.817647 0.703636
0 0.829412 0.691818 0.941176 0.703636
0 0.600000 0.704545 0.705882 0.718182
0 0.711765 0.705455 0.817647 0.717273
0 0.829412 0.705455 0.941176 0.717273
0 0.711765 0.719091 0.817647 0.730909
0 0.829412 0.719091 0.941176 0.730909
0 0.059046 0.925455 0.441399 0.954545
0 0.453163 0.925455 0.823752 0.954545
0 0.835294 0.925455 0.941176 0.954545
0 0.058824 0.748182 0.941176 0.854545
0 0.058824 0.113088 0.494118 0.163088
0 0.058824 0.179141 0.075163 0.191768
0 0.164706 0.179141 0.181046 0.191768
0 0.270588 0.179141 0.286928 0.191768
0 0.394118 0.179141 0.410458 0.191768
0 0.205882 0.194545 0.329412 0.208182
0 0.223529 0.208182 0.282353 0.221818
0 0.329412 0.208182 0.382353 0.221818
0 0.429412 0.208182 0.494118 0.221818
0 0.241176 0.221818 0.329412 0.235455
0 0.505882 0.113636 0.941176 0.163636
0 0.505882 0.180050 0.522222 0.192677
0 0.611765 0.180050 0.628105 0.192677
0 0.717647 0.180050 0.733987 0.192677
0 0.841176 0.180050 0.857516 0.192677
0 0.652941 0.195455 0.776471 0.209091
0 0.670588 0.209091 0.729412 0.222727
0 0.776471 0.209091 0.829412 0.222727
0 0.876471 0.209091 0.941176 0.222727
0 0.688235 0.222727 0.776471 0.236364
0 0.529185 0.268182 0.640949 0.281818
0 0.529185 0.281818 0.640949 0.295455
0 0.529185 0.295455 0.640949 0.309091
0 0.235294 0.268182 0.347059 0.281818
0 0.235294 0.281818 0.347059 0.295455
0 0.235294 0.295455 0.347059 0.309091
0 0.823302 0.268182 0.940949 0.281818
0 0.823302 0.281818 0.940949 0.295455
0 0.684786 0.295455 0.817420 0.309091
0 0.823302 0.295455 0.940949 0.309091
