0 0.082353 0.154545 0.364706 0.195455
0 0.200000 0.195455 0.364706 0.209091
0 0.129412 0.209091 0.364706 0.222727
0 0.364706 0.154545 0.458824 0.222727
0 0.458824 0.154545 0.552941 0.222727
0 0.552941 0.154545 0.788235 0.222727
0 0.804575 0.154545 0.941176 0.222727
0 0.082353 0.222727 0.364706 0.263636
0 0.200000 0.263636 0.364706 0.277273
0 0.129412 0.277273 0.364706 0.290909
0 0.364706 0.222727 0.458824 0.290909
0 0.458824 0.222727 0.552941 0.290909
0 0.552941 0.222727 0.788235 0.290909
0 0.804575 0.222727 0.941176 0.290909
0 0.082353 0.290909 0.364706 0.331818
0 0.200000 0.331818 0.364706 0.345455
0 0.129412 0.345455 0.364706 0.359091
0 0.364706 0.290909 0.458824 0.359091
0 0.458824 0.290909 0.552941 0.359091
0 0.552941 0.290909 0.788235 0.359091
0 0.804575 0.290909 0.941176 0.359091
0 0.082353 0.359091 0.364706 0.400000
0 0.200000 0.400000 0.364706 0.413636
0 0.129412 0.413636 0.364706 0.427273
0 0.364706 0.359091 0.458824 0.427273
0 0.458824 0.359091 0.552941 0.427273
0 0.552941 0.359091 0.788235 0.427273
0 0.804575 0.359091 0.941176 0.427273
0 0.082353 0.427273 0.364706 0.468182
0 0.200000 0.468182 0.364706 0.481818
0 0.129412 0.481818 0.364706 0.495455
0 0.364706 0.427273 0.458824 0.495455
0 0.458824 0.427273 0.552941 0.495455
0 0.552941 0.427273 0.788235 0.495455
0 0.804575 0.427273 0.941176 0.495455
0 0.804577 0.495455 0.941176 0.522727
0 0.082353 0.613636 0.388235 0.654545
0 0.152941 0.654545 0.388235 0.668182
0 0.400000 0.635859 0.413072 0.645960
0 0.458824 0.635859 0.471895 0.645960
0 0.522222 0.613636 0.647059 0.668182
0 0.663399 0.613636 0.788235 0.668182
0 0.804575 0.613636 0.941176 0.668182
0 0.082353 0.668182 0.388235 0.709091
0 0.152941 0.709091 0.388235 0.722727
0 0.400000 0.690404 0.413072 0.700505
0 0.458824 0.690404 0.471895 0.700505
0 0.522222 0.668182 0.647059 0.722727
0 0.663399 0.668182 0.788235 0.722727
0 0.804575 0.668182 0.941176 0.722727
0 0.804735 0.722727 0.941176 0.750000
0 0.682353 0.790909 0.776471 0.803030
0 0.823529 0.790909 0.929412 0.803030
0 0.082353 0.818182 0.505882 0.859091
0 0.200000 0.859091 0.505882 0.872727
0 0.522222 0.818182 0.647059 0.872727
0 0.663399 0.818182 0.788235 0.872727
0 0.804575 0.818182 0.941176 0.872727
0 0.082353 0.872727 0.505882 0.913636
0 0.200000 0.913636 0.505882 0.927273
0 0.522222 0.872727 0.647059 0.927273
0 0.663399 0.872727 0.788235 0.927273
0 0.804575 0.872727 0.941176 0.927273
0 0.804575 0.927273 0.941176 0.954545
