0 0.082353 0.186362 0.494118 0.199998
0 0.082353 0.213634 0.494118 0.272725
0 0.323529 0.286361 0.358824 0.299997
0 0.370588 0.286361 0.494118 0.299997
0 0.105882 0.313633 0.141176 0.327269
0 0.152941 0.313633 0.276471 0.327269
0 0.323529 0.313633 0.358824 0.327269
0 0.370588 0.313633 0.494118 0.327269
0 0.188235 0.329037 0.201307 0.339138
0 0.258824 0.329037 0.271895 0.339138
0 0.156471 0.354542 0.314118 0.368178
0 0.321176 0.354542 0.490588 0.368178
0 0.156471 0.368178 0.314118 0.381814
0 0.321176 0.368178 0.490588 0.381814
0 0.082353 0.286361 0.276471 0.299997
0 0.497647 0.213634 0.684706 0.227270
0 0.691765 0.213634 0.743529 0.227270
0 0.750588 0.213634 0.941176 0.227270
0 0.497647 0.227270 0.684706 0.240907
0 0.691765 0.227270 0.743529 0.240907
0 0.750588 0.227270 0.941176 0.240907
0 0.497647 0.240907 0.684706 0.254543
0 0.691765 0.240907 0.743529 0.254543
0 0.750588 0.240907 0.941176 0.254543
0 0.529412 0.283583 0.542484 0.293684
0 0.729412 0.281815 0.762544 0.295452
0 0.582353 0.295452 0.941176 0.309088
0 0.794118 0.283583 0.807190 0.293684
0 0.517647 0.322724 0.941176 0.336360
0 0.529412 0.351764 0.542484 0.361865
0 0.676471 0.351764 0.689542 0.361865
0 0.794118 0.351764 0.807190 0.361865
0 0.529412 0.365400 0.542484 0.375501
0 0.594118 0.363633 0.941176 0.377269
0 0.082353 0.442420 0.494118 0.454541
0 0.082353 0.469692 0.494118 0.499991
0 0.105882 0.513631 0.141176 0.527267
0 0.152941 0.513631 0.258824 0.527267
0 0.294118 0.515399 0.307190 0.525500
0 0.364706 0.515399 0.377778 0.525500
0 0.082353 0.540911 0.119611 0.554547
0 0.164706 0.540911 0.201204 0.554547
0 0.282565 0.542423 0.494118 0.554544
0 0.082353 0.581812 0.258824 0.595449
0 0.282353 0.569944 0.295425 0.580045
0 0.282353 0.583580 0.295425 0.593681
0 0.388235 0.569944 0.401307 0.580045
0 0.388235 0.583580 0.401307 0.593681
0 0.517647 0.442420 0.941159 0.454541
0 0.517647 0.469692 0.941159 0.499991
0 0.541176 0.513631 0.576471 0.527267
0 0.588235 0.513631 0.694118 0.527267
0 0.729412 0.515399 0.742484 0.525500
0 0.800000 0.515399 0.813072 0.525500
0 0.517670 0.540911 0.553747 0.554547
0 0.600000 0.540911 0.630984 0.554547
0 0.717647 0.542426 0.941176 0.554547
0 0.517647 0.581812 0.694118 0.595449
0 0.717647 0.569944 0.730719 0.580045
0 0.717647 0.583580 0.730719 0.593681
0 0.823529 0.569944 0.836601 0.580045
0 0.823529 0.583580 0.836601 0.593681
0 0.823529 0.615398 0.836601 0.625499
0 0.882353 0.615398 0.895425 0.625499
0 0.094118 0.642670 0.107190 0.652771
0 0.188235 0.642670 0.201307 0.652771
0 0.282353 0.642418 0.517647 0.654539
0 0.517647 0.642418 0.717647 0.654539
0 0.717647 0.642418 0.941176 0.654539
0 0.106863 0.668175 0.282353 0.681811
0 0.282353 0.669690 0.517647 0.681811
0 0.517647 0.669690 0.941176 0.681811
0 0.823529 0.683579 0.836601 0.693680
0 0.882353 0.683579 0.895425 0.693680
0 0.082353 0.710599 0.235294 0.722720
0 0.235294 0.710599 0.400000 0.722720
0 0.400000 0.710599 0.576471 0.722720
0 0.576471 0.710599 0.729412 0.722720
0 0.729412 0.710599 0.941176 0.722720
0 0.823529 0.724488 0.836601 0.734589
0 0.882353 0.724488 0.895425 0.734589
0 0.334784 0.736356 0.517647 0.749992
0 0.635294 0.736356 0.941176 0.749992
0 0.823529 0.751760 0.836601 0.761861
0 0.882353 0.751760 0.895425 0.761861
0 0.235294 0.777265 0.741176 0.790901
0 0.771595 0.777265 0.800000 0.790901
0 0.800000 0.777265 0.941176 0.790901
0 0.082353 0.806052 0.517647 0.818174
0 0.542157 0.804537 0.717647 0.818174
0 0.717647 0.806052 0.941176 0.818174
0 0.823529 0.819941 0.836601 0.830042
0 0.882353 0.819941 0.895425 0.830042
0 0.204910 0.831810 0.741176 0.845446
0 0.773856 0.831810 0.800000 0.845446
0 0.800000 0.831810 0.941176 0.845446
0 0.823529 0.847214 0.836601 0.857315
0 0.882353 0.847214 0.895425 0.857315
0 0.082353 0.887870 0.611765 0.899991
0 0.611765 0.887870 0.811765 0.899991
0 0.836274 0.886355 0.941176 0.899991
0 0.823529 0.901759 0.836601 0.911859
0 0.882353 0.901759 0.895425 0.911859
0 0.082353 0.942415 0.352941 0.954536
0 0.377451 0.940900 0.517647 0.954536
0 0.517647 0.942415 0.694118 0.954536
0 0.694118 0.942415 0.941176 0.954536
