0 0.058824 0.302727 0.288235 0.322727
0 0.300000 0.302727 0.517647 0.322727
0 0.529412 0.302727 0.764706 0.322727
0 0.776471 0.304545 0.811765 0.322727
0 0.835294 0.304545 0.870588 0.322727
0 0.894118 0.304545 0.941176 0.322727
0 0.058824 0.344318 0.073529 0.355682
0 0.176471 0.344318 0.191176 0.355682
0 0.141176 0.372727 0.288235 0.395455
0 0.300000 0.348182 0.617647 0.395455
0 0.629412 0.339773 0.644118 0.351136
0 0.811765 0.339773 0.826471 0.351136
0 0.629412 0.357955 0.644118 0.369318
0 0.652941 0.377273 0.941176 0.395455
0 0.058824 0.398864 0.073529 0.410227
0 0.058824 0.425455 0.311765 0.445455
0 0.329412 0.427273 0.364706 0.445455
0 0.376471 0.427273 0.423529 0.445455
0 0.435294 0.427273 0.523529 0.445455
0 0.070588 0.459091 0.105882 0.477273
0 0.117647 0.459091 0.164706 0.477273
0 0.176471 0.459091 0.247059 0.477273
0 0.329412 0.459091 0.364706 0.477273
0 0.376471 0.459091 0.423529 0.477273
0 0.435294 0.459091 0.523529 0.477273
0 0.529412 0.439091 0.941176 0.477273
0 0.058824 0.507273 0.311765 0.527273
0 0.323529 0.507273 0.517647 0.527273
0 0.529412 0.507273 0.764706 0.527273
0 0.058824 0.586364 0.347059 0.604545
0 0.358824 0.586364 0.405882 0.604545
0 0.417647 0.586364 0.629412 0.604545
0 0.647059 0.589773 0.661765 0.601136
0 0.723529 0.589773 0.738235 0.601136
0 0.805882 0.589773 0.820588 0.601136
0 0.876471 0.589773 0.891177 0.601136
0 0.058824 0.604545 0.347059 0.622727
0 0.358824 0.604545 0.405882 0.622727
0 0.417647 0.604545 0.629412 0.622727
0 0.647059 0.607955 0.661765 0.619318
0 0.723529 0.607955 0.738235 0.619318
0 0.805882 0.607955 0.820588 0.619318
0 0.876471 0.607955 0.891177 0.619318
0 0.058824 0.622727 0.347059 0.640909
0 0.358824 0.622727 0.405882 0.640909
0 0.417647 0.622727 0.629412 0.640909
0 0.647059 0.626136 0.661765 0.637500
0 0.723529 0.626136 0.738235 0.637500
0 0.805882 0.626136 0.820588 0.637500
0 0.876471 0.626136 0.891177 0.637500
0 0.058824 0.640909 0.347059 0.659091
0 0.358824 0.640909 0.405882 0.659091
0 0.417647 0.640909 0.629412 0.659091
0 0.647059 0.644318 0.661765 0.655682
0 0.723529 0.644318 0.738235 0.655682
0 0.805882 0.644318 0.820588 0.655682
0 0.876471 0.644318 0.891177 0.655682
0 0.776471 0.509091 0.811765 0.527273
0 0.835294 0.509091 0.870588 0.527273
0 0.894118 0.509091 0.941176 0.527273
0 0.058824 0.734545 0.311765 0.759091
0 0.417647 0.726136 0.432353 0.737500
0 0.517647 0.726136 0.532353 0.737500
0 0.417647 0.744318 0.432353 0.755682
0 0.517647 0.744318 0.532353 0.755682
0 0.617647 0.748182 0.941176 0.827273
0 0.058824 0.780682 0.073529 0.792045
0 0.411765 0.780682 0.426471 0.792045
0 0.264706 0.777273 0.376471 0.790909
0 0.058824 0.807273 0.311765 0.827273
0 0.323529 0.809091 0.388235 0.827273
0 0.435294 0.809091 0.500000 0.827273
0 0.058824 0.839091 0.311765 0.863636
0 0.417647 0.830682 0.432353 0.842045
0 0.517647 0.830682 0.532353 0.842045
0 0.417647 0.848864 0.432353 0.860227
0 0.517647 0.848864 0.532353 0.860227
0 0.617647 0.852727 0.941176 0.936364
0 0.058824 0.885227 0.073529 0.896591
0 0.411765 0.885227 0.426471 0.896591
0 0.264706 0.881818 0.376471 0.895455
0 0.058824 0.911818 0.311765 0.936364
0 0.323529 0.918182 0.388235 0.936364
0 0.435294 0.918182 0.500000 0.936364
