0 0.058824 0.115455 0.350588 0.130000
0 0.355294 0.115455 0.762353 0.130000
0 0.767059 0.115455 0.941176 0.130000
0 0.058824 0.133636 0.350588 0.148182
0 0.355294 0.133636 0.762353 0.148182
0 0.767059 0.133636 0.941176 0.148182
0 0.767054 0.151818 0.941172 0.166364
0 0.767054 0.170000 0.941172 0.184545
0 0.058824 0.202727 0.941176 0.218182
0 0.058824 0.247273 0.291765 0.261818
0 0.296471 0.247273 0.762353 0.261818
0 0.767059 0.247273 0.941176 0.261818
0 0.058824 0.265455 0.291765 0.280000
0 0.296471 0.265455 0.762353 0.280000
0 0.767059 0.265455 0.941176 0.280000
0 0.058824 0.283636 0.291765 0.298182
0 0.296471 0.283636 0.762353 0.298182
0 0.767059 0.283636 0.941176 0.298182
0 0.058824 0.346364 0.494118 0.390909
0 0.058824 0.407955 0.073529 0.419318
0 0.164706 0.407955 0.179412 0.419318
0 0.270588 0.407955 0.285294 0.419318
0 0.394118 0.407955 0.408824 0.419318
0 0.205882 0.422727 0.329412 0.436364
0 0.223529 0.436364 0.282353 0.450000
0 0.329412 0.436364 0.382353 0.450000
0 0.429412 0.436364 0.494118 0.450000
0 0.241176 0.450000 0.329412 0.463636
0 0.505882 0.346364 0.941176 0.390909
0 0.505882 0.407955 0.520588 0.419318
0 0.611765 0.407955 0.626471 0.419318
0 0.717647 0.407955 0.732353 0.419318
0 0.841176 0.407955 0.855882 0.419318
0 0.652941 0.422727 0.776471 0.436364
0 0.670588 0.436364 0.729412 0.450000
0 0.776471 0.436364 0.829412 0.450000
0 0.876471 0.436364 0.941176 0.450000
0 0.688235 0.450000 0.776471 0.463636
0 0.235294 0.500271 0.351765 0.513908
0 0.235294 0.513908 0.351765 0.527544
0 0.235294 0.527544 0.351765 0.541181
0 0.529412 0.500271 0.645882 0.513908
0 0.529412 0.513908 0.645882 0.527544
0 0.529412 0.527544 0.645882 0.541181
0 0.823529 0.500271 0.941176 0.513908
0 0.823529 0.513908 0.941176 0.527544
0 0.694118 0.527544 0.823529 0.541181
0 0.823529 0.527544 0.941176 0.541181
0 0.000000 0.563636 0.052941 0.590909
0 0.266592 0.619854 0.379533 0.630763
0 0.384239 0.619854 0.497180 0.630763
0 0.266592 0.633490 0.379533 0.644399
0 0.384239 0.633490 0.497180 0.644399
0 0.266592 0.647126 0.379533 0.658035
0 0.384239 0.647126 0.497180 0.658035
0 0.266592 0.660763 0.379533 0.671672
0 0.384239 0.660763 0.497180 0.671672
0 0.266592 0.674399 0.379533 0.685308
0 0.384239 0.674399 0.497180 0.685308
0 0.266592 0.688035 0.379533 0.698944
0 0.384239 0.688035 0.497180 0.698944
0 0.267059 0.728944 0.380000 0.753414
0 0.384706 0.728944 0.497647 0.753414
0 0.267059 0.756141 0.380000 0.767051
0 0.384706 0.756141 0.497647 0.767051
0 0.267059 0.769778 0.380000 0.780687
0 0.384706 0.769778 0.497647 0.780687
0 0.267059 0.810763 0.380000 0.821672
0 0.384706 0.810763 0.497647 0.821672
0 0.267059 0.824399 0.380000 0.835308
0 0.384706 0.824399 0.497647 0.835308
0 0.267059 0.838035 0.380000 0.848944
0 0.384706 0.838035 0.497647 0.848944
0 0.267059 0.851672 0.380000 0.876217
0 0.384706 0.851672 0.497647 0.876217
0 0.267059 0.878944 0.380000 0.889854
0 0.384706 0.878944 0.497647 0.889854
0 0.267059 0.892581 0.380000 0.903490
0 0.384706 0.892581 0.497647 0.903490
0 0.708235 0.588035 0.821176 0.598944
0 0.825882 0.588035 0.941176 0.598944
0 0.708235 0.601672 0.821176 0.626217
0 0.825882 0.601672 0.941176 0.626217
0 0.708235 0.628944 0.821176 0.644399
0 0.825882 0.628944 0.941176 0.644399
0 0.708235 0.674399 0.821176 0.685308
0 0.825882 0.674399 0.941176 0.685308
0 0.708235 0.688035 0.821176 0.698944
0 0.825882 0.688035 0.941176 0.698944
0 0.708235 0.701672 0.821176 0.712581
0 0.825882 0.701672 0.941176 0.712581
0 0.708235 0.715308 0.821176 0.726217
0 0.825882 0.715308 0.941176 0.726217
0 0.708235 0.728944 0.821176 0.739854
0 0.825882 0.728944 0.941176 0.739854
0 0.708235 0.742581 0.821176 0.753490
0 0.825882 0.742581 0.941176 0.753490
0 0.708235 0.756217 0.821176 0.780763
0 0.825882 0.756217 0.941176 0.780763
0 0.708235 0.783490 0.821176 0.808035
0 0.825882 0.783490 0.941176 0.808035
0 0.708235 0.810763 0.821176 0.821672
0 0.825882 0.810763 0.941176 0.821672
0 0.708235 0.824399 0.821176 0.835308
0 0.825882 0.824399 0.941176 0.835308
0 0.708235 0.838035 0.821176 0.848944
0 0.825882 0.838035 0.941176 0.848944
0 0.600000 0.849854 0.700000 0.863490
0 0.708235 0.851672 0.821176 0.862581
0 0.825882 0.851672 0.941176 0.862581
0 0.600000 0.863490 0.700000 0.877126
0 0.708235 0.865308 0.821176 0.876217
0 0.825882 0.865308 0.941176 0.876217
0 0.600000 0.877126 0.700000 0.890763
0 0.708235 0.878944 0.821176 0.889854
0 0.825882 0.878944 0.941176 0.889854
0 0.708235 0.892581 0.821176 0.903490
0 0.825882 0.892581 0.941176 0.903490
0 0.058824 0.939091 0.441176 0.954545
0 0.452941 0.939091 0.823529 0.954545
0 0.835294 0.939091 0.941176 0.954545
