0 0.825812 0.077272 0.941176 0.095454
0 0.847059 0.142422 0.929412 0.157572
0 0.082348 0.172726 0.223525 0.199998
0 0.223525 0.172726 0.552931 0.199998
0 0.552931 0.172726 0.811755 0.199998
0 0.828095 0.172726 0.941167 0.199998
0 0.082348 0.199998 0.223525 0.227270
0 0.223525 0.199998 0.552931 0.227270
0 0.552931 0.199998 0.811755 0.227270
0 0.828095 0.199998 0.941167 0.227270
0 0.828105 0.227270 0.941176 0.245452
0 0.705877 0.306060 0.788230 0.322277
0 0.082348 0.336360 0.223525 0.381814
0 0.223529 0.336360 0.552941 0.368178
0 0.294113 0.368178 0.552936 0.381814
0 0.569276 0.364138 0.670583 0.381814
0 0.686923 0.364138 0.811760 0.381814
0 0.828100 0.364138 0.941172 0.381814
0 0.082348 0.381814 0.223525 0.427268
0 0.223525 0.381814 0.552936 0.413632
0 0.294113 0.413632 0.552936 0.427268
0 0.569276 0.409592 0.670583 0.427268
0 0.686923 0.409592 0.811760 0.427268
0 0.828100 0.409592 0.941172 0.427268
0 0.828105 0.599994 0.941176 0.618176
0 0.717647 0.633326 0.800000 0.648766
0 0.847059 0.633326 0.929412 0.648723
0 0.082353 0.663630 0.552941 0.709084
0 0.139542 0.708987 0.552941 0.722623
0 0.569281 0.663630 0.670588 0.722720
0 0.686928 0.663630 0.811765 0.722720
0 0.828105 0.663630 0.941176 0.722720
0 0.082353 0.722720 0.552941 0.768174
0 0.139542 0.768174 0.552941 0.781810
0 0.569281 0.722720 0.670588 0.781810
0 0.686928 0.722720 0.811765 0.781810
0 0.828105 0.722720 0.941176 0.781810
0 0.828105 0.781810 0.941176 0.799992
0 0.094118 0.815396 0.107190 0.825497
0 0.188235 0.815396 0.201307 0.825497
0 0.828105 0.927263 0.941176 0.954536
0 0.317647 0.827264 0.529412 0.872718
0 0.317647 0.872718 0.529412 0.886355
0 0.317647 0.886355 0.529412 0.899991
0 0.333987 0.899991 0.529412 0.913627
0 0.333987 0.913627 0.529412 0.927263
0 0.529412 0.827264 0.729412 0.872718
0 0.529412 0.872718 0.729412 0.886355
0 0.529412 0.886355 0.729412 0.899991
0 0.545752 0.899991 0.729412 0.913627
0 0.545752 0.913627 0.729412 0.927263
0 0.729412 0.827264 0.941176 0.872718
0 0.729412 0.872718 0.941176 0.886355
0 0.729412 0.886355 0.941176 0.899991
0 0.745752 0.899991 0.941176 0.913627
0 0.745752 0.913627 0.941176 0.927263
0 0.082353 0.545449 0.223529 0.573227
0 0.223529 0.545449 0.429412 0.573227
0 0.429412 0.545449 0.623529 0.573227
0 0.623529 0.545449 0.811765 0.573227
0 0.829412 0.545449 0.941176 0.573227
0 0.082353 0.573227 0.223529 0.601004
0 0.223529 0.573227 0.429412 0.601004
0 0.429412 0.573227 0.623529 0.601004
0 0.623529 0.573227 0.811765 0.601004
0 0.829412 0.573227 0.941176 0.601004
