0 0.058828 0.189773 0.073534 0.201136
0 0.135299 0.189773 0.150005 0.201136
0 0.241181 0.189773 0.255887 0.201136
0 0.335294 0.189773 0.350000 0.201136
0 0.541181 0.189773 0.555887 0.201136
0 0.670593 0.189773 0.685299 0.201136
0 0.058824 0.220909 0.488235 0.240909
0 0.500000 0.220909 0.711765 0.240909
0 0.770588 0.222727 0.941176 0.240909
0 0.058824 0.244318 0.073529 0.255682
0 0.135299 0.244318 0.150005 0.255682
0 0.241181 0.244318 0.255887 0.255682
0 0.335299 0.244318 0.350005 0.255682
0 0.541181 0.244318 0.555887 0.255682
0 0.670593 0.244318 0.685299 0.255682
0 0.058824 0.275455 0.488235 0.295455
0 0.500000 0.275455 0.711765 0.295455
0 0.770588 0.277273 0.941176 0.295455
0 0.058824 0.298864 0.073529 0.310227
0 0.135299 0.298864 0.150005 0.310227
0 0.241181 0.298864 0.255887 0.310227
0 0.335299 0.298864 0.350005 0.310227
0 0.541181 0.298864 0.555887 0.310227
0 0.670593 0.298864 0.685299 0.310227
0 0.058824 0.330000 0.488235 0.350000
0 0.500000 0.330000 0.711765 0.350000
0 0.770588 0.331818 0.941176 0.350000
0 0.770588 0.350000 0.941176 0.372727
0 0.770588 0.372727 0.941176 0.400000
0 0.188235 0.403409 0.202941 0.414773
0 0.270588 0.403409 0.285294 0.414773
0 0.352941 0.403409 0.367647 0.414773
0 0.423529 0.400000 0.711765 0.418182
0 0.058824 0.434545 0.488235 0.454545
0 0.500000 0.434545 0.711765 0.454545
0 0.070588 0.468182 0.247059 0.489091
0 0.305882 0.468182 0.482353 0.489091
0 0.517647 0.468182 0.694118 0.489091
0 0.770588 0.472727 0.941176 0.490909
0 0.188235 0.494318 0.202941 0.505682
0 0.270588 0.494318 0.285294 0.505682
0 0.352941 0.494318 0.367647 0.505682
0 0.423529 0.490909 0.711765 0.509091
0 0.058824 0.525455 0.488235 0.545455
0 0.500000 0.525455 0.711765 0.545455
0 0.070588 0.559091 0.247059 0.580000
0 0.305882 0.559091 0.482353 0.580000
0 0.517647 0.559091 0.694118 0.580000
0 0.770588 0.563636 0.941176 0.581818
0 0.058824 0.585227 0.073529 0.596591
0 0.058824 0.616364 0.217647 0.636364
0 0.229412 0.616364 0.464706 0.636364
0 0.476471 0.616364 0.711765 0.636364
0 0.723529 0.616364 0.935294 0.636364
0 0.058824 0.659091 0.352941 0.681818
0 0.376471 0.659091 0.552941 0.679091
0 0.770588 0.663636 0.941176 0.681818
0 0.770588 0.681818 0.941176 0.704545
0 0.770588 0.704545 0.941176 0.731818
0 0.270588 0.762500 0.285294 0.773864
0 0.341176 0.762500 0.355882 0.773864
0 0.494118 0.839773 0.508824 0.851136
0 0.564706 0.839773 0.579412 0.851136
