0 0.800000 0.067045 0.814706 0.078409
0 0.870588 0.067045 0.885294 0.078409
0 0.058824 0.093636 0.941176 0.118182
0 0.800000 0.121591 0.814706 0.132955
0 0.870588 0.121591 0.885294 0.132955
0 0.217647 0.136364 0.323529 0.154545
0 0.382353 0.136364 0.941176 0.154545
0 0.623529 0.211818 0.941176 0.245455
0 0.623529 0.257273 0.941176 0.290909
0 0.073529 0.339773 0.088235 0.351136
0 0.073529 0.367045 0.088235 0.378409
0 0.073529 0.394318 0.088235 0.405682
0 0.073534 0.485227 0.088240 0.496591
0 0.073534 0.526136 0.088240 0.537500
0 0.071900 0.566414 0.088240 0.579040
0 0.073534 0.607955 0.088240 0.619318
0 0.073534 0.635227 0.088240 0.646591
0 0.073534 0.676136 0.088240 0.687500
0 0.073534 0.717045 0.088240 0.728409
0 0.073534 0.744318 0.088240 0.755682
0 0.073534 0.785227 0.088240 0.796591
0 0.073534 0.851136 0.088240 0.862500
