0 0.800000 0.067045 0.814706 0.078409
0 0.870588 0.067045 0.885294 0.078409
0 0.058824 0.111818 0.347059 0.131818
0 0.370588 0.113636 0.511765 0.131818
0 0.523529 0.111818 0.688235 0.131818
0 0.700000 0.111818 0.941176 0.131818
0 0.800000 0.135227 0.814706 0.146591
0 0.870588 0.135227 0.885294 0.146591
0 0.058824 0.166364 0.941176 0.186364
0 0.800000 0.189773 0.814706 0.201136
0 0.870588 0.189773 0.885294 0.201136
0 0.170588 0.204545 0.270588 0.222727
0 0.329412 0.204545 0.941176 0.222727
0 0.623529 0.293636 0.941176 0.322727
0 0.623529 0.339091 0.941176 0.368182
0 0.072090 0.416414 0.088430 0.429040
0 0.072090 0.443687 0.088430 0.456313
0 0.072090 0.470960 0.088430 0.483586
0 0.072090 0.552778 0.088430 0.565404
0 0.072090 0.593687 0.088430 0.606313
0 0.072090 0.634596 0.088430 0.647222
0 0.072090 0.675505 0.088430 0.688131
0 0.072090 0.702778 0.088430 0.715404
0 0.071966 0.743687 0.088306 0.756313
0 0.071966 0.770960 0.088306 0.783586
0 0.072090 0.798232 0.088430 0.810859
0 0.072090 0.825505 0.088430 0.838131
0 0.072025 0.895960 0.088364 0.908586
