0 0.058824 0.156059 0.329412 0.168180
0 0.329412 0.140908 0.423529 0.168180
0 0.439869 0.140908 0.529412 0.168180
0 0.545752 0.140908 0.635294 0.168180
0 0.651634 0.140908 0.741176 0.168180
0 0.741176 0.140908 0.835294 0.168180
0 0.851634 0.140908 0.941176 0.168180
0 0.058824 0.183331 0.494118 0.227270
0 0.494118 0.190907 0.941176 0.213634
0 0.752941 0.213634 0.941176 0.227270
0 0.059134 0.242424 0.329722 0.254543
0 0.329722 0.227270 0.423840 0.254543
0 0.440180 0.227270 0.529722 0.254543
0 0.546062 0.227270 0.635605 0.254543
0 0.651944 0.227270 0.741487 0.254543
0 0.741487 0.227270 0.835605 0.254543
0 0.851944 0.227270 0.941487 0.254543
0 0.058824 0.269694 0.494118 0.313633
0 0.494118 0.277270 0.941176 0.299997
0 0.752941 0.299997 0.941176 0.313633
0 0.816340 0.313633 0.941176 0.331815
0 0.282353 0.374491 0.295425 0.384592
0 0.517647 0.374491 0.530719 0.384592
0 0.422093 0.399996 0.635294 0.413632
0 0.734897 0.399996 0.941176 0.413632
0 0.357516 0.454541 0.494118 0.468177
0 0.357516 0.468177 0.494118 0.481813
0 0.357516 0.481813 0.494118 0.495450
0 0.357516 0.495450 0.494118 0.509086
0 0.357516 0.509086 0.494118 0.522722
0 0.082353 0.536358 0.341176 0.549994
0 0.357516 0.536358 0.494118 0.549994
0 0.082353 0.549994 0.341176 0.563631
0 0.357516 0.549994 0.494118 0.563631
0 0.082353 0.563631 0.341176 0.577267
0 0.357516 0.563631 0.494118 0.577267
0 0.082353 0.577267 0.341176 0.590903
0 0.357516 0.577267 0.494118 0.590903
0 0.357516 0.590903 0.494118 0.618176
0 0.804575 0.454541 0.941176 0.468177
0 0.804575 0.468177 0.941176 0.481813
0 0.804575 0.481813 0.941176 0.495450
0 0.804575 0.495450 0.941176 0.509086
0 0.804575 0.509086 0.941176 0.522722
0 0.804575 0.522722 0.941176 0.536358
0 0.804575 0.536358 0.941176 0.549994
0 0.804575 0.549994 0.941176 0.563631
0 0.804575 0.563631 0.941176 0.577267
0 0.804575 0.577267 0.941176 0.590903
0 0.804575 0.604539 0.941176 0.618176
0 0.804575 0.618176 0.941176 0.631812
0 0.804575 0.631812 0.941176 0.645448
0 0.611765 0.604539 0.776471 0.618176
