0 0.029417 0.100000 0.494118 0.186364
0 0.029412 0.217045 0.044118 0.228409
0 0.511765 0.107273 0.729412 0.122727
0 0.741176 0.107273 0.970588 0.122727
0 0.511765 0.148182 0.729412 0.163636
0 0.741176 0.148182 0.970588 0.163636
0 0.576471 0.207273 0.970588 0.224545
0 0.029412 0.261818 0.364706 0.277273
0 0.376471 0.261818 0.700000 0.277273
0 0.858823 0.243636 0.970588 0.259091
0 0.729412 0.259091 0.970588 0.277273
0 0.047059 0.293636 0.200000 0.306364
0 0.235294 0.293636 0.376471 0.306364
0 0.417647 0.293636 0.552941 0.306364
0 0.588235 0.293636 0.729412 0.306364
0 0.029412 0.340909 0.364706 0.363636
0 0.376471 0.340909 0.700000 0.363636
0 0.711765 0.340909 0.970588 0.363636
0 0.029412 0.363636 0.364706 0.386364
0 0.376471 0.363636 0.700000 0.386364
0 0.711765 0.363636 0.970588 0.386364
0 0.032941 0.407273 0.072941 0.420000
0 0.029412 0.448795 0.670588 0.472727
0 0.200000 0.502727 0.217647 0.515455
0 0.229412 0.502727 0.247059 0.515455
0 0.258824 0.502727 0.276471 0.515455
0 0.288235 0.502727 0.305882 0.515455
0 0.317647 0.502727 0.335294 0.515455
0 0.347059 0.502727 0.364706 0.515455
0 0.376471 0.502727 0.394118 0.515455
0 0.405882 0.502727 0.423529 0.515455
0 0.435294 0.502727 0.452941 0.515455
0 0.200000 0.520909 0.217647 0.533636
0 0.229412 0.520909 0.247059 0.533636
0 0.258824 0.520909 0.276471 0.533636
0 0.288235 0.520909 0.305882 0.533636
0 0.317647 0.520909 0.335294 0.533636
0 0.347059 0.520909 0.364706 0.533636
0 0.376471 0.520909 0.394118 0.533636
0 0.405882 0.520909 0.423529 0.533636
0 0.435294 0.520909 0.452941 0.533636
0 0.464706 0.520909 0.482353 0.533636
0 0.494118 0.520909 0.511765 0.533636
0 0.523529 0.520909 0.541176 0.533636
0 0.552941 0.520909 0.570588 0.533636
0 0.582353 0.520909 0.600000 0.533636
0 0.611765 0.520909 0.629412 0.533636
0 0.641176 0.520909 0.658824 0.533636
0 0.670588 0.520909 0.688235 0.533636
0 0.029412 0.657045 0.044118 0.668409
0 0.247059 0.713636 0.323529 0.731818
0 0.335294 0.713636 0.570588 0.731818
0 0.888235 0.713636 0.970588 0.731818
0 0.282353 0.752727 0.300000 0.765455
0 0.311765 0.752727 0.329412 0.765455
0 0.341176 0.752727 0.358824 0.765455
0 0.370588 0.752727 0.388235 0.765455
0 0.029412 0.789773 0.044118 0.801136
0 0.300000 0.789773 0.314706 0.801136
0 0.029412 0.807955 0.044118 0.819318
0 0.300000 0.807955 0.314706 0.819318
0 0.029412 0.826136 0.044118 0.837500
0 0.300000 0.826136 0.314706 0.837500
0 0.194118 0.843636 0.211765 0.856364
0 0.223529 0.843636 0.241176 0.856364
0 0.252941 0.843636 0.270588 0.856364
0 0.282353 0.843636 0.300000 0.856364
0 0.311765 0.843636 0.329412 0.856364
0 0.341176 0.843636 0.358824 0.856364
0 0.464706 0.843636 0.552941 0.856364
0 0.029412 0.862500 0.044118 0.873864
0 0.176471 0.880000 0.317647 0.892727
0 0.441176 0.880000 0.552941 0.892727
0 0.082353 0.898182 0.317647 0.910909
0 0.370588 0.898182 0.552941 0.910909
0 0.564706 0.780682 0.579412 0.792045
0 0.564706 0.798864 0.579412 0.810227
0 0.564706 0.817045 0.579412 0.828409
0 0.564706 0.835227 0.579412 0.846591
0 0.029412 0.934545 0.817647 0.954545
0 0.829412 0.934545 0.970588 0.954545
