0 0.058824 0.194318 0.073529 0.205682
0 0.135294 0.194318 0.150000 0.205682
0 0.241176 0.194318 0.255882 0.205682
0 0.335294 0.194318 0.350000 0.205682
0 0.541176 0.194318 0.555882 0.205682
0 0.670588 0.194318 0.685294 0.205682
0 0.058824 0.225455 0.417647 0.245455
0 0.429412 0.225455 0.711765 0.245455
0 0.770588 0.227273 0.941176 0.245455
0 0.058824 0.248864 0.073529 0.260227
0 0.158824 0.248864 0.173529 0.260227
0 0.252941 0.248864 0.267647 0.260227
0 0.452941 0.248864 0.467647 0.260227
0 0.582353 0.248864 0.597059 0.260227
0 0.058824 0.280000 0.417647 0.300000
0 0.429412 0.280000 0.711765 0.300000
0 0.770588 0.281818 0.941176 0.300000
0 0.770588 0.300000 0.941176 0.318182
0 0.770588 0.318182 0.941176 0.336364
0 0.200000 0.339773 0.214706 0.351136
0 0.282353 0.339773 0.297059 0.351136
0 0.358824 0.339773 0.373529 0.351136
0 0.423529 0.336364 0.711765 0.354545
0 0.058824 0.370909 0.417647 0.390909
0 0.429412 0.370909 0.711765 0.390909
0 0.070588 0.404545 0.247059 0.425455
0 0.305882 0.404545 0.482353 0.425455
0 0.517647 0.404545 0.694118 0.425455
0 0.770588 0.409091 0.941176 0.427273
0 0.200005 0.430682 0.214711 0.442045
0 0.282358 0.430682 0.297064 0.442045
0 0.358828 0.430682 0.373534 0.442045
0 0.423534 0.427273 0.711770 0.445455
0 0.058828 0.461818 0.417652 0.481818
0 0.429417 0.461818 0.711770 0.481818
0 0.070593 0.495455 0.247064 0.516364
0 0.305887 0.495455 0.482358 0.516364
0 0.517652 0.495455 0.694123 0.516364
0 0.770361 0.500000 0.941181 0.518182
0 0.770588 0.618182 0.941176 0.636364
0 0.770588 0.636364 0.941176 0.654545
0 0.058824 0.521591 0.073529 0.532955
0 0.058824 0.552727 0.217647 0.572727
0 0.229412 0.552727 0.464706 0.572727
0 0.476471 0.552727 0.711765 0.572727
0 0.723529 0.552727 0.935294 0.572727
0 0.058824 0.595455 0.352941 0.618182
0 0.376471 0.595455 0.552941 0.615455
0 0.770588 0.600000 0.941176 0.618182
0 0.200000 0.657955 0.214706 0.669318
0 0.270588 0.657955 0.285294 0.669318
0 0.341176 0.657955 0.355882 0.669318
0 0.411765 0.654545 0.711765 0.672727
0 0.058824 0.689091 0.417647 0.709091
0 0.429412 0.689091 0.711765 0.709091
0 0.070588 0.722727 0.247059 0.743636
0 0.305882 0.722727 0.482353 0.743636
0 0.517647 0.722727 0.694118 0.743636
0 0.770588 0.727273 0.941176 0.745455
0 0.770588 0.745455 0.941176 0.763636
0 0.770588 0.763636 0.941176 0.781818
0 0.058824 0.834545 0.417647 0.854545
0 0.429412 0.834545 0.711765 0.854545
0 0.070588 0.868182 0.423529 0.889091
0 0.458824 0.868182 0.694118 0.889091
0 0.770588 0.872727 0.941176 0.890909
0 0.070588 0.909091 0.423529 0.930000
0 0.458824 0.909091 0.694118 0.930000
0 0.770588 0.913636 0.941176 0.931818
0 0.770588 0.931818 0.941176 0.954545
