0 0.058824 0.061818 0.500000 0.118182
0 0.511765 0.061818 0.941176 0.118182
0 0.058824 0.150000 0.347059 0.168182
0 0.370588 0.150000 0.423529 0.163636
0 0.447059 0.150000 0.652941 0.163636
0 0.676471 0.150000 0.729412 0.163636
0 0.752941 0.150000 0.941176 0.163636
0 0.058824 0.184545 0.652941 0.213636
0 0.676466 0.195455 0.729412 0.209167
0 0.752941 0.195455 0.941176 0.209091
0 0.058824 0.230000 0.370588 0.263636
0 0.382353 0.230000 0.652941 0.263636
0 0.676471 0.245455 0.729412 0.259091
0 0.752941 0.245455 0.941176 0.259091
