0 0.058824 0.130000 0.458824 0.150000
0 0.470588 0.130000 0.758824 0.150000
0 0.764706 0.130000 0.941176 0.150000
0 0.058824 0.166364 0.752941 0.200000
0 0.764706 0.180000 0.941176 0.200000
0 0.076471 0.277273 0.388235 0.295455
0 0.400000 0.277273 0.670588 0.295455
0 0.700000 0.277273 0.941176 0.295455
0 0.317647 0.354545 0.500000 0.381818
0 0.300000 0.381818 0.500000 0.413636
0 0.300000 0.413636 0.500000 0.440909
0 0.300000 0.440909 0.500000 0.468182
0 0.300000 0.468182 0.500000 0.500000
0 0.300000 0.500000 0.500000 0.527273
0 0.300000 0.527273 0.500000 0.554545
0 0.300000 0.554545 0.500000 0.581818
0 0.747059 0.354545 0.941176 0.381818
0 0.764706 0.381818 0.941176 0.413636
0 0.764706 0.413636 0.941176 0.440909
0 0.764706 0.468182 0.941176 0.500000
0 0.747059 0.500000 0.941176 0.527273
0 0.747059 0.527273 0.941176 0.554545
0 0.747059 0.554545 0.941176 0.581818
0 0.747059 0.581818 0.941176 0.609091
0 0.764706 0.609091 0.941176 0.636364
0 0.076373 0.716414 0.092712 0.729040
0 0.076373 0.736869 0.092712 0.749495
0 0.375993 0.716414 0.392333 0.729040
0 0.375993 0.736869 0.392333 0.749495
0 0.588235 0.702985 0.604575 0.715611
0 0.700000 0.702985 0.716340 0.715611
0 0.805882 0.702778 0.822222 0.715404
0 0.800000 0.732025 0.941176 0.750207
0 0.058824 0.770909 0.641176 0.827273
0 0.652941 0.770909 0.941176 0.790909
0 0.670588 0.804545 0.941176 0.822727
