0 0.861472 0.090912 0.881080 0.106064
0 0.908532 0.090912 0.928141 0.106064
0 0.861472 0.106062 0.881080 0.121215
0 0.908532 0.106062 0.928141 0.121215
0 0.861472 0.121217 0.881080 0.136369
0 0.908532 0.121217 0.928141 0.136369
0 0.861472 0.151519 0.881080 0.166671
0 0.908532 0.151519 0.928141 0.166671
0 0.861472 0.181824 0.881080 0.196976
0 0.908532 0.181824 0.928141 0.196976
0 0.861472 0.227281 0.881080 0.242433
0 0.908532 0.227281 0.928141 0.242433
0 0.861472 0.272737 0.881080 0.287889
0 0.908532 0.272737 0.928141 0.287889
0 0.861472 0.318193 0.881080 0.333346
0 0.908532 0.318193 0.928141 0.333346
0 0.423546 0.348500 0.694145 0.363651
0 0.861472 0.363650 0.881080 0.378802
0 0.908532 0.363650 0.928141 0.378802
0 0.861472 0.378801 0.881080 0.393953
0 0.908532 0.378801 0.928141 0.393953
0 0.861472 0.409106 0.881080 0.424258
0 0.908532 0.409106 0.928141 0.424258
