0 0.125480 0.257587 0.341190 0.272738
0 0.107847 0.290413 0.120920 0.300515
0 0.107847 0.305568 0.120920 0.315669
0 0.447076 0.303044 0.670615 0.333346
0 0.670615 0.303044 0.941213 0.333346
0 0.105887 0.348498 0.668980 0.363651
0 0.105887 0.378802 0.668980 0.393957
0 0.105887 0.409107 0.423546 0.424262
0 0.447076 0.409107 0.529433 0.424262
0 0.564728 0.409107 0.670615 0.424262
0 0.670615 0.363651 0.941213 0.393953
0 0.670615 0.409107 0.941213 0.424262
0 0.105887 0.441937 0.118959 0.452038
0 0.247069 0.441941 0.260141 0.452042
0 0.105887 0.469715 0.610155 0.484869
0 0.611789 0.469715 0.776501 0.484869
0 0.776501 0.469715 0.941213 0.484869
0 0.105887 0.500021 0.517667 0.515175
0 0.922912 0.502544 0.935984 0.512646
0 0.105887 0.530323 0.517667 0.545477
0 0.517667 0.530323 0.941213 0.545477
0 0.105887 0.563152 0.118959 0.573253
0 0.364720 0.563152 0.377793 0.573253
0 0.105887 0.593457 0.118959 0.603558
0 0.364720 0.593457 0.377793 0.603558
0 0.635319 0.593457 0.648391 0.603558
0 0.105887 0.608608 0.118959 0.618709
0 0.364720 0.608608 0.377793 0.618709
0 0.635319 0.608608 0.648391 0.618709
0 0.105887 0.638913 0.118959 0.649015
0 0.305894 0.638913 0.318967 0.649015
0 0.517667 0.696997 0.729440 0.712148
