0 0.125480 0.257587 0.341190 0.272738
0 0.305894 0.275262 0.318967 0.285364
0 0.107847 0.290417 0.120920 0.300518
0 0.541198 0.303044 0.800031 0.318195
0 0.800031 0.303044 0.941213 0.318195
0 0.105887 0.331438 0.669389 0.348500
0 0.105887 0.363651 0.669389 0.378806
0 0.105887 0.393957 0.423546 0.409107
0 0.447076 0.393957 0.529433 0.409107
0 0.564728 0.393957 0.670615 0.409107
0 0.670615 0.363651 0.941213 0.378802
0 0.670615 0.393957 0.941213 0.409107
0 0.105887 0.426151 0.118959 0.436252
0 0.305894 0.426151 0.318967 0.436252
0 0.494137 0.426151 0.507209 0.436252
0 0.752971 0.426151 0.766043 0.436252
0 0.105887 0.454568 0.551737 0.469718
0 0.552963 0.454568 0.741206 0.469718
0 0.741206 0.454568 0.941213 0.469718
0 0.105887 0.484866 0.482372 0.500020
0 0.922912 0.487393 0.935984 0.497495
0 0.105887 0.515171 0.517667 0.530326
0 0.517667 0.515171 0.941213 0.530326
0 0.105887 0.545477 0.941213 0.560631
0 0.694145 0.590933 0.941213 0.606088
0 0.694145 0.606084 0.941213 0.621238
0 0.694145 0.621238 0.941213 0.636393
0 0.105887 0.698889 0.118959 0.708991
0 0.329425 0.698889 0.342497 0.708991
0 0.105887 0.729195 0.118959 0.739296
0 0.329425 0.729195 0.342497 0.739296
0 0.105887 0.759500 0.118959 0.769602
0 0.470607 0.759500 0.483679 0.769602
0 0.682380 0.759500 0.695452 0.769602
0 0.105887 0.804957 0.118959 0.815058
0 0.470607 0.804957 0.483679 0.815058
0 0.105887 0.820108 0.118959 0.830209
0 0.470607 0.820108 0.483679 0.830209
0 0.105887 0.850413 0.118959 0.860515
0 0.470607 0.850413 0.483679 0.860515
0 0.682380 0.850413 0.695452 0.860515
0 0.105887 0.865564 0.118959 0.875665
0 0.470607 0.865564 0.483679 0.875665
0 0.509839 0.909124 0.729440 0.924275
