0 0.315205 0.106064 0.352955 0.121215
0 0.464038 0.106064 0.541198 0.121215
0 0.563246 0.106064 0.600024 0.121215
0 0.667418 0.106064 0.741206 0.121215
0 0.767115 0.106064 0.796763 0.121215
0 0.058826 0.133845 0.751745 0.151524
0 0.058826 0.164147 0.751745 0.181826
0 0.058826 0.194452 0.751745 0.212131
0 0.752971 0.133845 0.941213 0.151524
0 0.752971 0.164147 0.941213 0.212127
0 0.058826 0.229806 0.071898 0.239907
0 0.176478 0.229806 0.189550 0.239907
0 0.317659 0.229806 0.330732 0.239907
0 0.458841 0.229806 0.471914 0.239907
0 0.588258 0.229806 0.601331 0.239907
0 0.729440 0.229806 0.742513 0.239907
0 0.800031 0.227282 0.941213 0.242433
0 0.788266 0.272738 0.904692 0.287889
0 0.905918 0.272738 0.941213 0.287889
0 0.788266 0.303044 0.904692 0.318195
0 0.905918 0.303044 0.941213 0.318195
0 0.788266 0.333346 0.904692 0.348496
0 0.905918 0.333346 0.941213 0.348496
0 0.600024 0.378802 0.716450 0.393953
0 0.717675 0.378802 0.751745 0.393953
0 0.411781 0.424258 0.528207 0.439409
0 0.529433 0.424258 0.563502 0.439409
0 0.411781 0.454564 0.528207 0.469715
0 0.529433 0.454564 0.563502 0.469715
0 0.600024 0.484869 0.716450 0.500020
0 0.717675 0.484869 0.751745 0.500020
0 0.788266 0.515171 0.904692 0.530322
0 0.905918 0.515171 0.941213 0.530322
0 0.788266 0.575782 0.904692 0.590933
0 0.905918 0.575782 0.941213 0.590933
0 0.058826 0.636393 0.294129 0.666699
0 0.294129 0.636393 0.504677 0.666699
0 0.505902 0.636393 0.741206 0.666699
0 0.741206 0.636393 0.941213 0.666699
0 0.058826 0.666699 0.294129 0.697004
0 0.294129 0.666699 0.504677 0.697004
0 0.505902 0.666699 0.741206 0.697004
0 0.741206 0.666699 0.941213 0.697004
0 0.564728 0.742453 0.682380 0.757606
0 0.705910 0.742453 0.941213 0.757606
