0 0.357578 0.108590 0.467059 0.119954
0 0.726689 0.116168 0.841071 0.127532
0 0.058826 0.242434 0.495995 0.257587
0 0.495995 0.242434 0.942089 0.257587
0 0.058826 0.282837 0.495995 0.295463
0 0.495995 0.282841 0.942089 0.295466
0 0.058826 0.308093 0.941213 0.320721
0 0.058826 0.333348 0.941213 0.345976
0 0.058831 0.358600 0.941218 0.371228
0 0.396097 0.415421 0.584340 0.426782
0 0.922912 0.466175 0.935984 0.476277
0 0.922912 0.508099 0.935984 0.518200
0 0.922912 0.543709 0.935984 0.553810
0 0.922912 0.574262 0.935984 0.584363
0 0.922912 0.637650 0.935984 0.647751
0 0.334507 0.709625 0.369802 0.724776
0 0.381567 0.709625 0.416219 0.724776
0 0.428628 0.709625 0.475689 0.724776
0 0.487454 0.709625 0.522749 0.724776
0 0.534514 0.709625 0.569166 0.724776
0 0.581575 0.709625 0.628636 0.724776
0 0.640401 0.709625 0.675696 0.724776
0 0.687462 0.709625 0.722113 0.724776
0 0.734522 0.709625 0.781583 0.724776
0 0.793348 0.709625 0.828644 0.724776
0 0.840409 0.709625 0.875060 0.724776
0 0.887469 0.709625 0.934530 0.724776
0 0.059479 0.803573 0.072552 0.813674
0 0.717675 0.826302 0.941213 0.846505
0 0.117652 0.861656 0.941213 0.876809
