0 0.058826 0.277284 0.585905 0.331832
0 0.590611 0.313663 0.941213 0.331832
0 0.058826 0.356749 0.585905 0.386379
0 0.590611 0.368576 0.941213 0.386379
0 0.058826 0.400016 0.941213 0.436381
0 0.058836 0.450018 0.941223 0.486383
0 0.058836 0.511301 0.941223 0.550022
0 0.647084 0.627298 0.941213 0.645481
0 0.922162 0.654067 0.935234 0.664168
0 0.105887 0.690637 0.141182 0.703060
0 0.152947 0.690637 0.187599 0.703060
0 0.200008 0.690637 0.247069 0.703060
0 0.341190 0.690637 0.376485 0.703060
0 0.388251 0.690637 0.422902 0.703060
0 0.435311 0.690637 0.482372 0.703263
0 0.552963 0.690637 0.588258 0.703060
0 0.600024 0.690637 0.634675 0.703060
0 0.647084 0.690637 0.694145 0.703060
0 0.776501 0.690637 0.811797 0.703060
0 0.823562 0.690637 0.858213 0.703060
0 0.870622 0.690637 0.917683 0.703263
0 0.105887 0.720938 0.141182 0.733362
0 0.152947 0.720938 0.187599 0.733362
0 0.200008 0.720938 0.247069 0.733362
0 0.341190 0.720938 0.376485 0.733362
0 0.388251 0.720938 0.422902 0.733362
0 0.435311 0.720938 0.482372 0.733362
0 0.552963 0.720938 0.588258 0.733362
0 0.600024 0.720938 0.634675 0.733362
0 0.647084 0.720938 0.694145 0.733362
0 0.776501 0.720938 0.811797 0.733362
0 0.823562 0.720938 0.858213 0.733362
0 0.870622 0.720938 0.917683 0.733362
0 0.800031 0.795487 0.941213 0.813669
0 0.776501 0.813669 0.941213 0.831852
0 0.800031 0.831852 0.941213 0.850034
0 0.922912 0.867713 0.935984 0.877815
