0 0.058824 0.280000 0.494118 0.304545
0 0.505882 0.280000 0.941176 0.304545
0 0.058824 0.320909 0.494118 0.345455
0 0.505882 0.320909 0.941176 0.345455
0 0.058824 0.361818 0.941176 0.386364
0 0.058824 0.450505 0.075163 0.463131
0 0.058824 0.473232 0.075163 0.485859
0 0.058824 0.495960 0.075163 0.508586
0 0.058824 0.518687 0.075163 0.531313
0 0.058824 0.552727 0.941176 0.577273
0 0.058824 0.593636 0.941176 0.618182
0 0.058824 0.634545 0.941176 0.659091
0 0.058824 0.675454 0.647059 0.700000
0 0.652941 0.675454 0.941176 0.700000
0 0.058824 0.743636 0.941176 0.768182
0 0.058824 0.834545 0.405882 0.859091
0 0.417647 0.834545 0.758824 0.859091
0 0.770588 0.834545 0.941176 0.859091
0 0.058824 0.875455 0.941176 0.900000
