0 0.041176 0.143636 0.170588 0.159091
0 0.182353 0.143636 0.264706 0.159091
0 0.276471 0.143636 0.494118 0.159091
0 0.041176 0.184545 0.494118 0.200000
0 0.041176 0.225455 0.170588 0.240909
0 0.182353 0.225455 0.264706 0.240909
0 0.276471 0.225455 0.494118 0.240909
0 0.505882 0.143636 0.670588 0.159091
0 0.682353 0.143636 0.758824 0.159091
0 0.770588 0.143636 0.958824 0.159091
0 0.505882 0.184545 0.958824 0.200000
0 0.505882 0.225455 0.670588 0.240909
0 0.682353 0.225455 0.758824 0.240909
0 0.770588 0.225455 0.958824 0.240909
0 0.041176 0.266364 0.494118 0.281818
0 0.505882 0.266364 0.670588 0.281818
0 0.682353 0.266364 0.758824 0.281818
0 0.770588 0.266364 0.958824 0.281818
0 0.041176 0.307273 0.494118 0.322727
0 0.505882 0.307273 0.670588 0.322727
0 0.682353 0.307273 0.758824 0.322727
0 0.770588 0.307273 0.958824 0.322727
0 0.041176 0.348182 0.494118 0.363636
0 0.505882 0.348182 0.670588 0.363636
0 0.682353 0.348182 0.958824 0.363636
0 0.041176 0.375455 0.494118 0.390909
0 0.505882 0.375455 0.670588 0.390909
0 0.682353 0.375455 0.758824 0.390909
0 0.770588 0.375455 0.958824 0.390909
0 0.041176 0.402727 0.494118 0.418182
0 0.505882 0.402727 0.958824 0.418182
0 0.041176 0.443636 0.758824 0.459091
0 0.770588 0.443636 0.958824 0.459091
0 0.041176 0.470909 0.494118 0.486364
0 0.505882 0.470909 0.670588 0.486364
0 0.682353 0.470909 0.758824 0.486364
0 0.770588 0.470909 0.958824 0.486364
0 0.041176 0.530000 0.958824 0.545455
0 0.158824 0.548232 0.175163 0.560859
0 0.423529 0.548232 0.439869 0.560859
0 0.682353 0.548232 0.698693 0.560859
0 0.423529 0.566414 0.439869 0.579040
0 0.500000 0.581818 0.641176 0.600000
0 0.652941 0.581818 0.788235 0.600000
0 0.800000 0.581818 0.958824 0.600000
0 0.158824 0.616414 0.175163 0.629040
0 0.423529 0.616414 0.439869 0.629040
0 0.035299 0.648182 0.070593 0.663636
0 0.082358 0.648182 0.117008 0.663636
0 0.129417 0.648182 0.176475 0.663636
0 0.300000 0.648182 0.335294 0.663636
0 0.347059 0.648182 0.381709 0.663636
0 0.394118 0.648182 0.441176 0.663636
0 0.558824 0.648182 0.594118 0.663636
0 0.605882 0.648182 0.640533 0.663636
0 0.652941 0.648182 0.700000 0.663636
0 0.823534 0.648182 0.858828 0.663636
0 0.870593 0.648182 0.905243 0.663636
0 0.917647 0.648182 0.964706 0.663636
0 0.041176 0.743687 0.057516 0.756313
0 0.100000 0.770909 0.547059 0.790909
0 0.558824 0.770909 0.694118 0.790909
0 0.705882 0.770909 0.958824 0.790909
0 0.100000 0.793687 0.116340 0.806313
0 0.558824 0.793687 0.575163 0.806313
0 0.100000 0.820909 0.958824 0.840909
0 0.100000 0.852727 0.958824 0.872727
0 0.100000 0.884545 0.694118 0.904545
0 0.100000 0.907323 0.116340 0.919949
0 0.558824 0.907323 0.575163 0.919949
0 0.705882 0.884545 0.958824 0.904545
0 0.100000 0.934545 0.958824 0.954545
