0 0.623529 0.086364 0.776471 0.100000
0 0.817647 0.113636 0.941176 0.127273
0 0.335294 0.195455 0.482353 0.209091
0 0.082353 0.295455 0.505882 0.313636
0 0.517647 0.295455 0.935294 0.313636
0 0.082353 0.327273 0.300000 0.345455
0 0.311765 0.327273 0.505882 0.345455
0 0.517647 0.327273 0.941176 0.345455
0 0.082353 0.359091 0.505882 0.377273
0 0.517647 0.359091 0.941176 0.377273
0 0.082353 0.390909 0.300000 0.409091
0 0.311765 0.390909 0.511765 0.409091
0 0.517647 0.390909 0.764706 0.409091
0 0.770588 0.390909 0.941176 0.409091
0 0.082353 0.436364 0.758824 0.454545
0 0.770588 0.436364 0.941176 0.454545
0 0.082353 0.468182 0.505882 0.486364
0 0.517647 0.468182 0.941176 0.486364
0 0.082353 0.500000 0.300000 0.518182
0 0.311765 0.500000 0.511765 0.518182
0 0.517647 0.500000 0.764706 0.518182
0 0.770588 0.500000 0.941176 0.518182
0 0.247059 0.520581 0.260131 0.530682
0 0.423529 0.520581 0.436601 0.530682
0 0.682353 0.520581 0.695425 0.530682
0 0.752941 0.518182 0.941176 0.536364
0 0.247059 0.537500 0.260131 0.547601
0 0.423529 0.537500 0.436601 0.547601
0 0.058824 0.577273 0.941176 0.590909
0 0.058824 0.590909 0.941176 0.604545
0 0.058824 0.604545 0.941176 0.618182
0 0.082353 0.665404 0.095425 0.675505
0 0.082353 0.679040 0.095425 0.689141
0 0.082353 0.692677 0.095425 0.702778
0 0.082353 0.706313 0.095425 0.716414
0 0.058824 0.718182 0.941176 0.731818
0 0.058824 0.731818 0.941176 0.745455
0 0.058824 0.745455 0.941176 0.759091
0 0.058828 0.763636 0.941181 0.786364
