0 0.058826 0.222671 0.494137 0.242873
0 0.494137 0.222671 0.941213 0.242873
0 0.058826 0.255500 0.494137 0.288330
0 0.494137 0.268127 0.941213 0.288330
0 0.058826 0.300957 0.941213 0.318635
0 0.058826 0.331258 0.941213 0.348937
0 0.058826 0.361535 0.941213 0.379214
0 0.247069 0.436184 0.435311 0.451335
0 0.922912 0.488671 0.935984 0.498773
0 0.922912 0.529621 0.935984 0.539723
0 0.922912 0.559923 0.935984 0.570024
0 0.922912 0.590228 0.935984 0.600330
0 0.922912 0.650836 0.935984 0.660937
0 0.059479 0.818019 0.072552 0.828121
0 0.717675 0.840749 0.941213 0.860951
0 0.141182 0.876102 0.941213 0.891256
0 0.106947 0.724073 0.142243 0.739224
0 0.154008 0.724073 0.188659 0.739224
0 0.201068 0.724073 0.248129 0.739224
0 0.259894 0.724073 0.295190 0.739224
0 0.306955 0.724073 0.341607 0.739224
0 0.354016 0.724073 0.401076 0.739224
0 0.412841 0.724073 0.448137 0.739224
0 0.459902 0.724073 0.494554 0.739224
0 0.506963 0.724073 0.554023 0.739224
0 0.565789 0.724073 0.601084 0.739224
0 0.612849 0.724073 0.647501 0.739224
0 0.659910 0.724073 0.706970 0.739224
