0 0.635294 0.095455 0.788235 0.109091
0 0.535294 0.140909 0.664706 0.154545
0 0.435294 0.154545 0.547059 0.168182
0 0.517647 0.204545 0.629412 0.218182
0 0.529412 0.218182 0.641176 0.231818
0 0.082353 0.263636 0.647059 0.281818
0 0.647059 0.263636 0.941176 0.281818
0 0.082353 0.295455 0.941176 0.313636
0 0.082353 0.327273 0.941176 0.345455
0 0.082353 0.372727 0.647059 0.390909
0 0.082353 0.404545 0.647059 0.422727
0 0.082353 0.436364 0.647059 0.454545
0 0.647059 0.372727 0.941176 0.390909
0 0.647059 0.404545 0.941176 0.422727
0 0.647059 0.436364 0.941176 0.454545
0 0.247059 0.456944 0.260131 0.467045
0 0.423529 0.456944 0.436601 0.467045
0 0.682353 0.456944 0.695425 0.467045
0 0.752941 0.454545 0.941176 0.472727
0 0.247059 0.473864 0.260131 0.483965
0 0.423529 0.473864 0.436601 0.483965
0 0.058824 0.513636 0.941176 0.527273
0 0.058824 0.527273 0.941176 0.540909
0 0.294118 0.645455 0.352451 0.659091
0 0.364706 0.645455 0.423039 0.659091
0 0.435294 0.645455 0.493627 0.659091
0 0.747059 0.619949 0.760131 0.630051
0 0.829412 0.619949 0.842484 0.630051
0 0.682353 0.631818 0.740686 0.645455
0 0.752941 0.631818 0.811275 0.645455
0 0.823529 0.631818 0.882353 0.645455
0 0.729412 0.645451 0.787745 0.659087
0 0.800000 0.645451 0.858333 0.659087
0 0.870588 0.645451 0.929412 0.659087
0 0.294118 0.704545 0.352451 0.718182
0 0.364706 0.704545 0.423039 0.718182
0 0.435294 0.704545 0.493627 0.718182
0 0.747059 0.679040 0.760131 0.689141
0 0.829412 0.679040 0.842484 0.689141
0 0.682353 0.690909 0.740686 0.704545
0 0.752941 0.690909 0.811275 0.704545
0 0.823529 0.690909 0.882353 0.704545
0 0.729412 0.704545 0.787745 0.718182
0 0.800000 0.704545 0.858333 0.718182
0 0.870588 0.704545 0.929412 0.718182
0 0.294118 0.763636 0.352451 0.777273
0 0.364706 0.763636 0.423039 0.777273
0 0.435294 0.763636 0.493627 0.777273
0 0.747059 0.738131 0.760131 0.748232
0 0.829412 0.738131 0.842484 0.748232
0 0.682353 0.750000 0.740686 0.763636
0 0.752941 0.750000 0.811275 0.763636
0 0.823529 0.750000 0.882353 0.763636
0 0.729412 0.763636 0.787745 0.777273
0 0.800000 0.763636 0.858333 0.777273
0 0.870588 0.763636 0.929412 0.777273
0 0.294118 0.822727 0.352451 0.836364
0 0.364706 0.822727 0.423039 0.836783
0 0.435294 0.822727 0.493627 0.836364
0 0.294118 0.859091 0.352451 0.872727
0 0.364706 0.859091 0.423039 0.873146
0 0.435294 0.859091 0.493627 0.872727
