0 0.058824 0.133840 0.751716 0.151518
0 0.752941 0.133840 0.941176 0.151518
0 0.344444 0.166668 0.588235 0.181818
0 0.697386 0.166668 0.941176 0.181818
0 0.341176 0.184974 0.354248 0.195075
0 0.635294 0.184974 0.648366 0.195075
0 0.341176 0.199492 0.354248 0.209593
0 0.635294 0.199492 0.648366 0.209593
0 0.835294 0.214646 0.848366 0.224747
0 0.894118 0.214646 0.907190 0.224747
0 0.359967 0.227273 0.941176 0.242423
0 0.105882 0.242423 0.941176 0.257573
0 0.835294 0.260101 0.848366 0.270202
0 0.894118 0.260101 0.907190 0.270202
0 0.164706 0.287878 0.941176 0.303028
0 0.105882 0.303032 0.941176 0.318182
0 0.491503 0.318182 0.941176 0.333332
0 0.105882 0.333332 0.941176 0.348482
0 0.058824 0.409091 0.164706 0.424241
0 0.164706 0.409091 0.270588 0.424241
0 0.270588 0.409091 0.364706 0.424241
0 0.365931 0.409091 0.941176 0.424241
0 0.058824 0.424241 0.164706 0.439391
0 0.164706 0.424241 0.270588 0.439391
0 0.270588 0.424241 0.364706 0.439391
0 0.365931 0.424241 0.941176 0.439391
0 0.058824 0.439391 0.164706 0.454542
0 0.164706 0.439391 0.270588 0.454542
0 0.270588 0.439391 0.364706 0.454542
0 0.365931 0.439391 0.941176 0.454542
0 0.058824 0.454542 0.164706 0.469692
0 0.164706 0.454542 0.270588 0.469692
0 0.270588 0.454542 0.364706 0.469692
0 0.365931 0.454542 0.941176 0.469692
0 0.823529 0.484850 0.941176 0.500000
0 0.823529 0.500000 0.941176 0.515150
0 0.823529 0.515150 0.941176 0.530300
0 0.823529 0.530304 0.941176 0.545455
0 0.823529 0.545455 0.941176 0.560605
0 0.823529 0.560605 0.941176 0.575755
0 0.823529 0.575759 0.941176 0.590909
0 0.367320 0.590909 0.776471 0.606059
0 0.105882 0.606059 0.776471 0.621210
0 0.823529 0.606059 0.941176 0.621210
0 0.823529 0.621213 0.941176 0.636364
