0 0.058826 0.133845 0.751745 0.151524
0 0.752971 0.133845 0.941213 0.151524
0 0.823562 0.181826 0.941213 0.196976
0 0.823562 0.196976 0.941213 0.212127
0 0.823562 0.212131 0.941213 0.227282
0 0.823562 0.227282 0.941213 0.242433
0 0.823562 0.242433 0.941213 0.257584
0 0.823562 0.257587 0.941213 0.272738
0 0.823562 0.272738 0.941213 0.287889
0 0.823562 0.287889 0.941213 0.303040
0 0.823562 0.303044 0.941213 0.318195
0 0.823562 0.348500 0.941213 0.363651
0 0.823562 0.378802 0.941213 0.393953
0 0.823562 0.393957 0.941213 0.409107
0 0.823562 0.454564 0.941213 0.469715
0 0.823562 0.469715 0.941213 0.484866
0 0.823562 0.484869 0.941213 0.500020
0 0.823562 0.530326 0.941213 0.545477
