0 0.670588 0.121213 0.787010 0.136364
0 0.188235 0.136364 0.623529 0.151514
0 0.670588 0.136364 0.787010 0.151514
0 0.188235 0.151514 0.623529 0.166664
0 0.670588 0.151514 0.787010 0.166664
0 0.188235 0.166668 0.623529 0.181818
0 0.670588 0.166668 0.787010 0.181818
0 0.188235 0.181818 0.623529 0.196968
0 0.670588 0.181818 0.787010 0.196968
0 0.188235 0.196968 0.623529 0.212119
0 0.670588 0.196968 0.787010 0.212119
0 0.188235 0.212122 0.623529 0.227273
0 0.670588 0.212122 0.787010 0.227273
0 0.823529 0.227273 0.941176 0.242423
0 0.670588 0.272727 0.787010 0.287878
0 0.670588 0.287878 0.787010 0.303028
0 0.823529 0.303032 0.941176 0.318182
0 0.670588 0.318182 0.755556 0.333332
0 0.670588 0.348486 0.787010 0.363636
0 0.823529 0.363636 0.941176 0.378787
0 0.823529 0.378787 0.941176 0.393937
0 0.823529 0.393941 0.941176 0.409091
0 0.823529 0.409091 0.941176 0.424241
0 0.823529 0.424241 0.941176 0.439391
