0 0.105882 0.093433 0.118954 0.103534
0 0.105882 0.108583 0.118954 0.118684
0 0.105882 0.138888 0.118954 0.148989
0 0.105882 0.154038 0.118954 0.164139
0 0.594118 0.204545 0.621895 0.217170
0 0.630065 0.204545 0.658824 0.217170
0 0.666993 0.204545 0.700000 0.217170
0 0.711765 0.204545 0.739542 0.217170
0 0.747712 0.204545 0.776471 0.217170
0 0.784641 0.204545 0.817647 0.217170
0 0.829412 0.204545 0.857190 0.217170
0 0.865359 0.204545 0.894118 0.217170
0 0.902288 0.204545 0.935294 0.217170
0 0.588235 0.234850 0.704657 0.250000
0 0.705882 0.234850 0.822304 0.250000
0 0.823529 0.234850 0.941176 0.250000
0 0.588235 0.250000 0.704657 0.265150
0 0.705882 0.250000 0.822304 0.265150
0 0.823529 0.250000 0.941176 0.265150
0 0.588235 0.280302 0.704657 0.295455
0 0.705882 0.280302 0.822304 0.295455
0 0.823529 0.280302 0.941176 0.295455
0 0.588235 0.310605 0.704657 0.325755
0 0.705882 0.310605 0.822304 0.325755
0 0.823529 0.310605 0.941176 0.325755
0 0.588235 0.340907 0.704657 0.356059
0 0.705882 0.340907 0.822304 0.356059
0 0.823529 0.340907 0.941176 0.356059
0 0.588235 0.356059 0.704657 0.371210
0 0.705882 0.356059 0.822304 0.371210
0 0.823529 0.356059 0.941176 0.371210
0 0.588235 0.371210 0.704657 0.386360
0 0.705882 0.371210 0.822304 0.386360
0 0.823529 0.371210 0.941176 0.386360
0 0.588235 0.386360 0.704657 0.401510
0 0.705882 0.386360 0.822304 0.401510
0 0.823529 0.386360 0.941176 0.401510
0 0.588235 0.416662 0.704657 0.431814
0 0.705882 0.416662 0.822304 0.431814
0 0.823529 0.416662 0.941176 0.431814
0 0.823529 0.431818 0.941176 0.446968
0 0.823529 0.446968 0.941176 0.462119
0 0.105882 0.479797 0.118954 0.489898
0 0.105882 0.494631 0.118954 0.504732
