0 0.058824 0.118686 0.727778 0.136364
0 0.731046 0.118686 0.941176 0.136364
0 0.835294 0.150251 0.848366 0.160352
0 0.900654 0.150251 0.913726 0.160352
0 0.835294 0.218433 0.848366 0.228534
0 0.900654 0.218433 0.913726 0.228534
0 0.594118 0.325755 0.621895 0.338380
0 0.630065 0.325755 0.658824 0.338380
0 0.666993 0.325755 0.700000 0.338380
0 0.711765 0.325755 0.739542 0.338380
0 0.747712 0.325755 0.776471 0.338380
0 0.784641 0.325755 0.817647 0.338380
0 0.829412 0.325755 0.857190 0.338380
0 0.865359 0.325755 0.894118 0.338380
0 0.902288 0.325755 0.935294 0.338380
0 0.588235 0.371213 0.704657 0.386364
0 0.705882 0.371213 0.822304 0.386364
0 0.823529 0.371213 0.941176 0.386364
0 0.588235 0.401515 0.704657 0.416668
0 0.705882 0.401515 0.822304 0.416668
0 0.823529 0.401515 0.941176 0.416668
0 0.588235 0.431819 0.704657 0.446972
0 0.705882 0.431819 0.822304 0.446972
0 0.823529 0.431819 0.941176 0.446972
0 0.588235 0.446972 0.704657 0.462122
0 0.705882 0.446972 0.822304 0.462122
0 0.823529 0.446972 0.941176 0.462122
0 0.588235 0.462122 0.704657 0.477273
0 0.705882 0.462122 0.822304 0.477273
0 0.823529 0.462122 0.941176 0.477273
0 0.588235 0.492424 0.704657 0.507577
0 0.705882 0.492424 0.822304 0.507577
0 0.823529 0.492424 0.941176 0.507577
0 0.588235 0.522727 0.704657 0.537878
0 0.705882 0.522727 0.822304 0.537878
0 0.823529 0.522727 0.941176 0.537878
0 0.588235 0.553029 0.704657 0.568182
0 0.705882 0.553029 0.822304 0.568182
0 0.823529 0.553029 0.941176 0.568182
0 0.588235 0.598485 0.704657 0.613636
0 0.705882 0.598485 0.822304 0.613636
0 0.823529 0.598485 0.941176 0.613636
0 0.593137 0.628788 0.700980 0.643941
0 0.710784 0.628788 0.818627 0.643941
0 0.828431 0.628788 0.936275 0.643941
0 0.588235 0.643941 0.704657 0.659091
0 0.705882 0.643941 0.822304 0.659091
0 0.823529 0.643941 0.941176 0.659091
0 0.588235 0.659091 0.704657 0.674241
0 0.705882 0.659091 0.822304 0.674241
0 0.823529 0.659091 0.941176 0.674241
0 0.588235 0.674241 0.704657 0.689391
0 0.705882 0.674241 0.822304 0.689391
0 0.823529 0.674241 0.941176 0.689391
0 0.588235 0.689391 0.704657 0.704542
0 0.705882 0.689391 0.822304 0.704542
0 0.823529 0.689391 0.941176 0.704542
0 0.588235 0.704542 0.704657 0.719692
0 0.705882 0.704542 0.822304 0.719692
0 0.823529 0.704542 0.941176 0.719692
0 0.588235 0.719692 0.704657 0.734842
0 0.705882 0.719692 0.822304 0.734842
0 0.823529 0.719692 0.941176 0.734842
0 0.588235 0.734842 0.704657 0.749992
0 0.705882 0.734842 0.822304 0.749992
0 0.823529 0.734842 0.941176 0.749992
0 0.588235 0.749992 0.704657 0.765143
0 0.705882 0.749992 0.822304 0.765143
0 0.823529 0.749992 0.941176 0.765143
0 0.588235 0.765143 0.704657 0.780293
0 0.705882 0.765143 0.822304 0.780293
0 0.823529 0.765143 0.941176 0.780293
0 0.588235 0.780293 0.704657 0.795443
0 0.705882 0.780293 0.822304 0.795443
0 0.823529 0.780293 0.941176 0.795443
0 0.588235 0.795443 0.704657 0.810593
0 0.705882 0.795443 0.822304 0.810593
0 0.823529 0.795443 0.941176 0.810593
0 0.588235 0.810593 0.704657 0.825744
0 0.705882 0.810593 0.822304 0.825744
0 0.823529 0.810593 0.941176 0.825744
0 0.588235 0.825744 0.704657 0.840894
0 0.705882 0.825744 0.822304 0.840894
0 0.823529 0.825744 0.941176 0.840894
0 0.588235 0.840894 0.704657 0.856044
0 0.705882 0.840894 0.822304 0.856044
0 0.823529 0.840894 0.941176 0.856044
0 0.588235 0.856044 0.704657 0.871194
0 0.705882 0.856044 0.822304 0.871194
0 0.823529 0.856044 0.941176 0.871194
0 0.588235 0.871194 0.704657 0.886345
0 0.705882 0.871194 0.822304 0.886345
0 0.823529 0.871194 0.941176 0.886345
0 0.588235 0.886345 0.704657 0.901495
0 0.705882 0.886345 0.822304 0.901495
0 0.823529 0.886345 0.941176 0.901495
0 0.588235 0.901495 0.704657 0.916645
0 0.705882 0.901495 0.822304 0.916645
0 0.823529 0.901495 0.941176 0.916645
0 0.588235 0.916645 0.704657 0.931795
0 0.705882 0.916645 0.822304 0.931795
0 0.823529 0.916645 0.941176 0.931795
0 0.823529 0.931818 0.941176 0.946968
0 0.823529 0.946968 0.941176 0.962119
