0 0.823529 0.090909 0.941176 0.106059
0 0.823529 0.106059 0.941176 0.121210
0 0.823529 0.121210 0.941176 0.136360
0 0.823529 0.136360 0.941176 0.151510
0 0.823529 0.151514 0.941176 0.166664
0 0.823529 0.166668 0.941176 0.181818
0 0.823529 0.196968 0.941176 0.212119
0 0.823529 0.212122 0.941176 0.227273
0 0.823529 0.227273 0.941176 0.242423
0 0.823529 0.242423 0.941176 0.257573
0 0.823529 0.272727 0.941176 0.287878
0 0.823529 0.287878 0.941176 0.303028
0 0.823529 0.303032 0.941176 0.318182
0 0.823529 0.318182 0.941176 0.333332
0 0.823529 0.333332 0.941176 0.348482
0 0.823529 0.348486 0.941176 0.363636
0 0.823529 0.363636 0.941176 0.378787
0 0.823529 0.378787 0.941176 0.393937
0 0.823529 0.393941 0.941176 0.409091
0 0.823529 0.409091 0.941176 0.424241
0 0.823529 0.424241 0.941176 0.439391
0 0.823529 0.439395 0.941176 0.454545
0 0.823529 0.454545 0.941176 0.469696
0 0.823529 0.469696 0.941176 0.484846
0 0.823529 0.484850 0.941176 0.500000
0 0.823529 0.500000 0.941176 0.515150
0 0.823529 0.515150 0.941176 0.530300
0 0.823529 0.530304 0.941176 0.545455
0 0.823529 0.545455 0.941176 0.560605
0 0.823529 0.560605 0.941176 0.575755
0 0.823529 0.575759 0.941176 0.590909
0 0.823529 0.590909 0.941176 0.606059
0 0.823529 0.606059 0.941176 0.621210
0 0.823529 0.621213 0.941176 0.636364
0 0.823529 0.636364 0.941176 0.651514
0 0.823529 0.651518 0.941176 0.666668
0 0.823529 0.666668 0.941176 0.681818
0 0.823529 0.681818 0.941176 0.696968
0 0.823529 0.712122 0.941176 0.727273
0 0.823529 0.742427 0.941176 0.757577
0 0.823529 0.757577 0.941176 0.772727
0 0.823525 0.772731 0.941172 0.787881
0 0.823529 0.787881 0.941176 0.803032
0 0.823529 0.803032 0.941176 0.818182
0 0.823529 0.818186 0.941176 0.833336
0 0.823529 0.833336 0.941176 0.848486
0 0.823529 0.848486 0.941176 0.863636
0 0.823529 0.863640 0.941176 0.878790
0 0.823529 0.878790 0.941176 0.893941
0 0.823529 0.893941 0.941176 0.909091
0 0.823529 0.909095 0.941176 0.924245
0 0.823529 0.924245 0.941176 0.939395
0 0.823529 0.939395 0.941176 0.954545
0 0.823529 0.954545 0.941176 0.969696
