0 0.740909 0.156864 0.840909 0.176471
0 0.740909 0.176471 0.840909 0.196077
0 0.850000 0.156864 0.950000 0.176471
0 0.850000 0.176471 0.950000 0.196077
0 0.083081 0.215688 0.408144 0.235294
0 0.409091 0.215688 0.518182 0.235294
0 0.518182 0.215688 0.626326 0.235294
0 0.627273 0.215688 0.735417 0.235294
0 0.736364 0.215688 0.844508 0.235294
0 0.845455 0.215688 0.954545 0.235294
0 0.083081 0.235294 0.408144 0.254900
0 0.409091 0.235294 0.518182 0.254900
0 0.518182 0.235294 0.626326 0.254900
0 0.627273 0.235294 0.735417 0.254900
0 0.736364 0.235294 0.844508 0.254900
0 0.845455 0.235294 0.954545 0.254900
0 0.083081 0.254900 0.408144 0.274507
0 0.409091 0.254900 0.518182 0.274507
0 0.518182 0.254900 0.626326 0.274507
0 0.627273 0.254900 0.735417 0.274507
0 0.736364 0.254900 0.844508 0.274507
0 0.845455 0.254900 0.954545 0.274507
0 0.083081 0.274507 0.408144 0.294113
0 0.409091 0.274507 0.518182 0.294113
0 0.518182 0.274507 0.626326 0.294113
0 0.627273 0.274507 0.735417 0.294113
0 0.736364 0.274507 0.844508 0.294113
0 0.845455 0.274507 0.954545 0.294113
0 0.083081 0.294113 0.408144 0.313719
0 0.409091 0.294113 0.518182 0.313719
0 0.518182 0.294113 0.626326 0.313719
0 0.627273 0.294113 0.735417 0.313719
0 0.736364 0.294113 0.844508 0.313719
0 0.845455 0.294113 0.954545 0.313719
0 0.083081 0.313719 0.408144 0.333325
0 0.409091 0.313719 0.518182 0.333325
0 0.518182 0.313719 0.626326 0.333325
0 0.627273 0.313719 0.735417 0.333325
0 0.736364 0.313719 0.844508 0.333325
0 0.845455 0.313719 0.954545 0.333325
0 0.083081 0.333325 0.408144 0.352931
0 0.409091 0.333325 0.518182 0.352931
0 0.518182 0.333325 0.626326 0.352931
0 0.627273 0.333325 0.735417 0.352931
0 0.736364 0.333325 0.844508 0.352931
0 0.845455 0.333325 0.954545 0.352931
0 0.083081 0.352931 0.408144 0.372538
0 0.409091 0.352931 0.518182 0.372538
0 0.518182 0.352931 0.626326 0.372538
0 0.627273 0.352931 0.735417 0.372538
0 0.736364 0.352931 0.844508 0.372538
0 0.845455 0.352931 0.954545 0.372538
0 0.083081 0.372538 0.408144 0.392144
0 0.409091 0.372538 0.518182 0.392144
0 0.518182 0.372538 0.626326 0.392144
0 0.627273 0.372538 0.735417 0.392144
0 0.736364 0.372538 0.844508 0.392144
0 0.845455 0.372538 0.954545 0.392144
0 0.083081 0.392144 0.408144 0.411750
0 0.409091 0.392144 0.518182 0.411750
0 0.518182 0.392144 0.626326 0.411750
0 0.627273 0.392144 0.735417 0.411750
0 0.736364 0.392144 0.844508 0.411750
0 0.845455 0.392144 0.954545 0.411750
0 0.518182 0.431373 0.626326 0.450982
0 0.627273 0.431373 0.735417 0.450982
0 0.736364 0.431373 0.844508 0.450982
0 0.845455 0.431373 0.954545 0.450982
0 0.086364 0.490194 0.186364 0.509801
0 0.086364 0.509806 0.186364 0.529412
0 0.195455 0.490194 0.295455 0.509801
0 0.195455 0.509806 0.295455 0.529412
0 0.304545 0.490194 0.404545 0.509801
0 0.304545 0.509806 0.404545 0.529412
0 0.413636 0.490194 0.513636 0.509801
0 0.413636 0.509806 0.513636 0.529412
0 0.522727 0.490194 0.622727 0.509801
0 0.522727 0.509806 0.622727 0.529412
0 0.081818 0.549023 0.189962 0.568629
0 0.190909 0.549023 0.299053 0.568629
0 0.300000 0.549023 0.408144 0.568629
0 0.409091 0.549023 0.517235 0.568629
0 0.518182 0.549023 0.626326 0.568629
0 0.627273 0.549023 0.735417 0.568629
0 0.736364 0.549023 0.844508 0.568629
0 0.845455 0.549023 0.954545 0.568629
0 0.081818 0.568629 0.189962 0.588235
0 0.190909 0.568629 0.299053 0.588235
0 0.300000 0.568629 0.408144 0.588235
0 0.409091 0.568629 0.517235 0.588235
0 0.518182 0.568629 0.626326 0.588235
0 0.627273 0.568629 0.735417 0.588235
0 0.736364 0.568629 0.844508 0.588235
0 0.845455 0.568629 0.954545 0.588235
0 0.081818 0.588235 0.189962 0.607841
0 0.190909 0.588235 0.299053 0.607841
0 0.300000 0.588235 0.408144 0.607841
0 0.409091 0.588235 0.517235 0.607841
0 0.518182 0.588235 0.626326 0.607841
0 0.627273 0.588235 0.735417 0.607841
0 0.736364 0.588235 0.844508 0.607841
0 0.845455 0.588235 0.954545 0.607841
0 0.081818 0.607841 0.189962 0.627448
0 0.190909 0.607841 0.299053 0.627448
0 0.300000 0.607841 0.408144 0.627448
0 0.409091 0.607841 0.517235 0.627448
0 0.518182 0.607841 0.626326 0.627448
0 0.627273 0.607841 0.735417 0.627448
0 0.736364 0.607841 0.844508 0.627448
0 0.845455 0.607841 0.954545 0.627448
0 0.081818 0.627448 0.189962 0.647054
0 0.190909 0.627448 0.299053 0.647054
0 0.300000 0.627448 0.408144 0.647054
0 0.409091 0.627448 0.517235 0.647054
0 0.518182 0.627448 0.626326 0.647054
0 0.627273 0.627448 0.735417 0.647054
0 0.736364 0.627448 0.844508 0.647054
0 0.845455 0.627448 0.954545 0.647054
0 0.081818 0.647054 0.189962 0.666660
0 0.190909 0.647054 0.299053 0.666660
0 0.300000 0.647054 0.408144 0.666660
0 0.409091 0.647054 0.517235 0.666660
0 0.518182 0.647054 0.626326 0.666660
0 0.627273 0.647054 0.735417 0.666660
0 0.736364 0.647054 0.844508 0.666660
0 0.845455 0.647054 0.954545 0.666660
0 0.081818 0.666660 0.189962 0.686266
0 0.190909 0.666660 0.299053 0.686266
0 0.300000 0.666660 0.408144 0.686266
0 0.409091 0.666660 0.517235 0.686266
0 0.518182 0.666660 0.626326 0.686266
0 0.627273 0.666660 0.735417 0.686266
0 0.736364 0.666660 0.844508 0.686266
0 0.845455 0.666660 0.954545 0.686266
0 0.081818 0.686266 0.189962 0.705873
0 0.190909 0.686266 0.299053 0.705873
0 0.300000 0.686266 0.408144 0.705873
0 0.409091 0.686266 0.517235 0.705873
0 0.518182 0.686266 0.626326 0.705873
0 0.627273 0.686266 0.735417 0.705873
0 0.736364 0.686266 0.844508 0.705873
0 0.845455 0.686266 0.954545 0.705873
0 0.081818 0.705873 0.189962 0.725479
0 0.190909 0.705873 0.299053 0.725479
0 0.300000 0.705873 0.408144 0.725479
0 0.409091 0.705873 0.517235 0.725479
0 0.518182 0.705873 0.626326 0.725479
0 0.627273 0.705873 0.735417 0.725479
0 0.736364 0.705873 0.844508 0.725479
0 0.845455 0.705873 0.954545 0.725479
0 0.081818 0.725479 0.189962 0.745085
0 0.190909 0.725479 0.299053 0.745085
0 0.300000 0.725479 0.408144 0.745085
0 0.409091 0.725479 0.517235 0.745085
0 0.518182 0.725479 0.626326 0.745085
0 0.627273 0.725479 0.735417 0.745085
0 0.736364 0.725479 0.844508 0.745085
0 0.845455 0.725479 0.954545 0.745085
0 0.081818 0.764693 0.189962 0.784302
0 0.190909 0.764693 0.299053 0.784302
0 0.300000 0.764693 0.408144 0.784302
0 0.409091 0.764693 0.517235 0.784302
0 0.518182 0.764693 0.626326 0.784302
0 0.627273 0.764693 0.735417 0.784302
0 0.736364 0.764693 0.844508 0.784302
0 0.845455 0.764693 0.954545 0.784302
