0 0.318182 0.245100 0.408144 0.264706
0 0.409091 0.245100 0.499053 0.264706
0 0.500000 0.245100 0.589962 0.264706
0 0.590909 0.245100 0.680871 0.264706
0 0.681818 0.245100 0.771780 0.264706
0 0.772727 0.245100 0.862689 0.264706
0 0.863636 0.245100 0.954545 0.264706
0 0.081818 0.303923 0.316919 0.323529
0 0.318182 0.303923 0.408144 0.323529
0 0.409091 0.303923 0.499053 0.323529
0 0.500000 0.303923 0.589962 0.323529
0 0.590909 0.303923 0.680871 0.323529
0 0.681818 0.303923 0.771780 0.323529
0 0.772727 0.303923 0.862689 0.323529
0 0.863636 0.303923 0.954545 0.323529
0 0.081818 0.323529 0.316919 0.343136
0 0.318182 0.323529 0.408144 0.343136
0 0.409091 0.323529 0.499053 0.343136
0 0.500000 0.323529 0.589962 0.343136
0 0.590909 0.323529 0.680871 0.343136
0 0.681818 0.323529 0.771780 0.343136
0 0.772727 0.323529 0.862689 0.343136
0 0.863636 0.323529 0.954545 0.343136
0 0.081818 0.343136 0.316919 0.362742
0 0.318182 0.343136 0.408144 0.362742
0 0.409091 0.343136 0.499053 0.362742
0 0.500000 0.343136 0.589962 0.362742
0 0.590909 0.343136 0.680871 0.362742
0 0.681818 0.343136 0.771780 0.362742
0 0.772727 0.343136 0.862689 0.362742
0 0.863636 0.343136 0.954545 0.362742
0 0.081818 0.362742 0.316919 0.382348
0 0.318182 0.362742 0.408144 0.382348
0 0.409091 0.362742 0.499053 0.382348
0 0.500000 0.362742 0.589962 0.382348
0 0.590909 0.362742 0.680871 0.382348
0 0.681818 0.362742 0.771780 0.382348
0 0.772727 0.362742 0.862689 0.382348
0 0.863636 0.362742 0.954545 0.382348
0 0.081818 0.382348 0.316919 0.401954
0 0.318182 0.382348 0.408144 0.401954
0 0.409091 0.382348 0.499053 0.401954
0 0.500000 0.382348 0.589962 0.401954
0 0.590909 0.382348 0.680871 0.401954
0 0.681818 0.382348 0.771780 0.401954
0 0.772727 0.382348 0.862689 0.401954
0 0.863636 0.382348 0.954545 0.401954
0 0.081818 0.401954 0.316919 0.421560
0 0.318182 0.401954 0.408144 0.421560
0 0.409091 0.401954 0.499053 0.421560
0 0.500000 0.401954 0.589962 0.421560
0 0.590909 0.401954 0.680871 0.421560
0 0.681818 0.401954 0.771780 0.421560
0 0.772727 0.401954 0.862689 0.421560
0 0.863636 0.401954 0.954545 0.421560
0 0.081818 0.421560 0.316919 0.441167
0 0.318182 0.421560 0.408144 0.441167
0 0.409091 0.421560 0.499053 0.441167
0 0.500000 0.421560 0.589962 0.441167
0 0.590909 0.421560 0.680871 0.441167
0 0.681818 0.421560 0.771780 0.441167
0 0.772727 0.421560 0.862689 0.441167
0 0.863636 0.421560 0.954545 0.441167
0 0.318182 0.441167 0.408144 0.460773
0 0.409091 0.441167 0.499053 0.460773
0 0.500000 0.441167 0.589962 0.460773
0 0.590909 0.441167 0.680871 0.460773
0 0.681818 0.441167 0.771780 0.460773
0 0.772727 0.441167 0.862689 0.460773
0 0.863636 0.441167 0.954545 0.460773
0 0.318182 0.499989 0.408144 0.519596
0 0.409091 0.499989 0.499053 0.519596
0 0.500000 0.499989 0.589962 0.519596
0 0.590909 0.499989 0.680871 0.519596
0 0.681818 0.499989 0.771780 0.519596
0 0.772727 0.499989 0.862689 0.519596
0 0.863636 0.499989 0.954545 0.519596
0 0.321970 0.539204 0.405303 0.558814
0 0.412879 0.539204 0.496212 0.558814
0 0.503788 0.539204 0.587121 0.558814
0 0.594697 0.539204 0.678030 0.558814
0 0.685606 0.539204 0.768939 0.558814
0 0.772727 0.539204 0.862689 0.558814
0 0.867424 0.539204 0.950758 0.558814
0 0.321970 0.578422 0.405303 0.598031
0 0.409091 0.578422 0.499053 0.598031
0 0.500000 0.578422 0.589962 0.598031
0 0.590909 0.578422 0.680871 0.598031
0 0.681818 0.578422 0.771780 0.598031
0 0.772727 0.578422 0.862689 0.598031
0 0.867424 0.578422 0.950758 0.598031
0 0.318182 0.617639 0.408144 0.637248
0 0.409091 0.617639 0.499053 0.637248
0 0.500000 0.617639 0.589962 0.637248
0 0.590909 0.617639 0.680871 0.637248
0 0.681818 0.617639 0.771780 0.637248
0 0.772727 0.617639 0.862689 0.637248
0 0.863636 0.617639 0.954545 0.637248
0 0.318182 0.676464 0.408144 0.696072
0 0.409091 0.676464 0.499053 0.696072
0 0.500000 0.676464 0.589962 0.696072
0 0.590909 0.676464 0.680871 0.696072
0 0.681818 0.676464 0.771780 0.696072
0 0.772727 0.676464 0.862689 0.696072
0 0.863636 0.676464 0.954545 0.696072
