0 0.058826 0.073234 0.739980 0.090913
0 0.741206 0.073234 0.941213 0.090913
0 0.682380 0.136369 0.810571 0.151520
0 0.682380 0.151520 0.810571 0.166671
0 0.682380 0.181826 0.810571 0.196976
0 0.682380 0.196976 0.810571 0.212127
0 0.682380 0.212131 0.810571 0.227282
0 0.682380 0.227282 0.810571 0.242433
0 0.682380 0.257587 0.764736 0.272738
0 0.776501 0.257587 0.810571 0.272738
0 0.811797 0.272738 0.941213 0.287889
0 0.682380 0.287889 0.810571 0.303040
0 0.682380 0.303044 0.810571 0.318195
0 0.811797 0.318195 0.941213 0.333346
0 0.811797 0.363651 0.941213 0.378802
0 0.235303 0.424258 0.941213 0.439409
0 0.316352 0.439413 0.941213 0.454564
0 0.129417 0.454564 0.941213 0.469715
0 0.058826 0.590933 0.941213 0.606084
0 0.058826 0.606084 0.941213 0.621235
0 0.058826 0.621238 0.941213 0.636389
