0 0.058826 0.073386 0.739980 0.090913
0 0.741206 0.073234 0.941213 0.090913
0 0.164712 0.151520 0.941213 0.166671
0 0.164712 0.166675 0.941213 0.181826
0 0.164712 0.181826 0.941213 0.196976
0 0.164712 0.196976 0.941213 0.212127
0 0.470607 0.242433 0.587033 0.257584
0 0.588258 0.242433 0.704684 0.257584
0 0.705910 0.242433 0.822336 0.257584
0 0.823562 0.242433 0.941213 0.257584
0 0.470607 0.272736 0.587033 0.287889
0 0.588258 0.272736 0.704684 0.287889
0 0.705910 0.272736 0.822336 0.287889
0 0.823562 0.272736 0.941213 0.287889
0 0.470607 0.363649 0.587033 0.378802
0 0.588258 0.363649 0.704684 0.378802
0 0.705910 0.363649 0.822336 0.378802
0 0.823562 0.363649 0.941213 0.378802
0 0.470607 0.378802 0.587033 0.393953
0 0.588258 0.378802 0.704684 0.393953
0 0.705910 0.378802 0.822336 0.393953
0 0.823562 0.378802 0.941213 0.393953
0 0.470607 0.393953 0.587033 0.409104
0 0.588258 0.393953 0.704684 0.409104
0 0.705910 0.393953 0.822336 0.409104
0 0.823562 0.393953 0.941213 0.409104
0 0.470607 0.409104 0.587033 0.424255
0 0.588258 0.409104 0.704684 0.424255
0 0.705910 0.409104 0.822336 0.424255
0 0.823562 0.409104 0.941213 0.424255
0 0.470607 0.424255 0.587033 0.439405
0 0.588258 0.424255 0.704684 0.439405
0 0.705910 0.424255 0.822336 0.439405
0 0.823562 0.424255 0.941213 0.439405
0 0.470607 0.469711 0.587033 0.484862
0 0.588258 0.469711 0.704684 0.484862
0 0.705910 0.469711 0.822336 0.484862
0 0.823562 0.469711 0.941213 0.484862
0 0.823562 0.484869 0.941213 0.500020
0 0.094121 0.560627 0.587033 0.575778
0 0.600024 0.560627 0.694145 0.575778
0 0.717675 0.560627 0.811797 0.575778
0 0.823562 0.560627 0.941213 0.575778
0 0.094121 0.575778 0.587033 0.590929
0 0.600024 0.575778 0.694145 0.590929
0 0.717675 0.575778 0.811797 0.590929
0 0.823562 0.575778 0.941213 0.590929
0 0.600024 0.590933 0.694145 0.606084
0 0.717675 0.590933 0.811797 0.606084
0 0.823562 0.590933 0.941213 0.606084
0 0.823562 0.621238 0.941213 0.636389
0 0.823562 0.666695 0.941213 0.681846
0 0.823562 0.696997 0.941213 0.712148
0 0.094121 0.712148 0.587033 0.727298
0 0.600024 0.712148 0.694145 0.727298
0 0.717675 0.712148 0.811797 0.727298
0 0.823562 0.712148 0.941213 0.727298
0 0.094121 0.727298 0.587033 0.742449
0 0.600024 0.727298 0.694145 0.742449
0 0.717675 0.727298 0.811797 0.742449
0 0.823562 0.727298 0.941213 0.742449
0 0.600024 0.742453 0.694145 0.757604
0 0.717675 0.742453 0.811797 0.757604
0 0.823562 0.757608 0.941213 0.772758
0 0.823562 0.772758 0.941213 0.787909
0 0.823562 0.825792 0.941213 0.840943
0 0.823562 0.878822 0.941213 0.893973
0 0.823562 0.909128 0.941213 0.924279
