0 0.058826 0.118690 0.739980 0.136369
0 0.741206 0.118690 0.941213 0.136369
0 0.617676 0.214655 0.630749 0.224757
0 0.764736 0.212131 0.811797 0.227282
0 0.858857 0.212131 0.917683 0.227282
0 0.166346 0.303040 0.398790 0.318191
0 0.401650 0.303040 0.692919 0.318191
0 0.694145 0.303040 0.811797 0.318191
0 0.811797 0.303040 0.941213 0.318191
0 0.166346 0.318191 0.398790 0.333342
0 0.401650 0.318191 0.692919 0.333342
0 0.694145 0.318191 0.811797 0.333342
0 0.811797 0.318191 0.941213 0.333342
0 0.166346 0.333342 0.398790 0.348493
0 0.401650 0.333342 0.692919 0.348493
0 0.694145 0.333342 0.811797 0.348493
0 0.811797 0.333342 0.941213 0.348493
0 0.166346 0.348493 0.398790 0.363643
0 0.401650 0.348493 0.692919 0.363643
0 0.694145 0.348493 0.811797 0.363643
0 0.811797 0.348493 0.941213 0.363643
0 0.470607 0.393953 0.587033 0.409104
0 0.588258 0.393953 0.704684 0.409104
0 0.705910 0.393953 0.822336 0.409104
0 0.823562 0.393953 0.941213 0.409104
0 0.470607 0.424256 0.587033 0.439409
0 0.588258 0.424256 0.704684 0.439409
0 0.705910 0.424256 0.822336 0.439409
0 0.823562 0.424256 0.941213 0.439409
0 0.470607 0.500016 0.587033 0.515167
0 0.588258 0.500016 0.704684 0.515167
0 0.705910 0.500016 0.822336 0.515167
0 0.823562 0.500016 0.941213 0.515167
0 0.470607 0.515167 0.587033 0.530318
0 0.588258 0.515167 0.704684 0.530318
0 0.705910 0.515167 0.822336 0.530318
0 0.823562 0.515167 0.941213 0.530318
0 0.470607 0.530318 0.587033 0.545469
0 0.588258 0.530318 0.704684 0.545469
0 0.705910 0.530318 0.822336 0.545469
0 0.823562 0.530318 0.941213 0.545469
0 0.470607 0.545469 0.587033 0.560620
0 0.588258 0.545469 0.704684 0.560620
0 0.705910 0.545469 0.822336 0.560620
0 0.823562 0.545469 0.941213 0.560620
0 0.470607 0.560620 0.587033 0.575771
0 0.588258 0.560620 0.704684 0.575771
0 0.705910 0.560620 0.822336 0.575771
0 0.823562 0.560620 0.941213 0.575771
0 0.470607 0.575771 0.587033 0.590922
0 0.588258 0.575771 0.704684 0.590922
0 0.705910 0.575771 0.822336 0.590922
0 0.823562 0.575771 0.941213 0.590922
0 0.823562 0.590933 0.941213 0.606084
0 0.823562 0.606084 0.941213 0.621235
0 0.823562 0.621238 0.941213 0.636389
0 0.823562 0.651540 0.941213 0.666691
0 0.823562 0.681846 0.941213 0.696997
0 0.823562 0.787909 0.941213 0.803060
0 0.823562 0.878822 0.941213 0.893973
0 0.823562 0.909128 0.941213 0.924279
0 0.823562 0.939433 0.941213 0.954584
