0 0.107521 0.151520 0.339964 0.166671
0 0.342824 0.151520 0.681154 0.166671
0 0.682380 0.151520 0.811797 0.166671
0 0.811797 0.151520 0.941213 0.166671
0 0.107521 0.166671 0.339964 0.181822
0 0.342824 0.166671 0.681154 0.181822
0 0.682380 0.166671 0.811797 0.181822
0 0.811797 0.166671 0.941213 0.181822
0 0.107521 0.181822 0.339964 0.196973
0 0.342824 0.181822 0.681154 0.196973
0 0.682380 0.181822 0.811797 0.196973
0 0.811797 0.181822 0.941213 0.196973
0 0.107521 0.196973 0.339964 0.212123
0 0.342824 0.196973 0.681154 0.212123
0 0.682380 0.196973 0.811797 0.212123
0 0.811797 0.196973 0.941213 0.212123
0 0.107521 0.212123 0.339964 0.227274
0 0.342824 0.212123 0.681154 0.227274
0 0.682380 0.212123 0.811797 0.227274
0 0.811797 0.212123 0.941213 0.227274
0 0.811797 0.257587 0.941213 0.272738
0 0.811797 0.272738 0.941213 0.287889
0 0.107521 0.333349 0.445851 0.348500
0 0.447076 0.333349 0.610563 0.348500
0 0.611789 0.333349 0.775276 0.348500
0 0.776501 0.333349 0.941213 0.348500
0 0.107521 0.348500 0.445851 0.363651
0 0.447076 0.348500 0.610563 0.363651
0 0.611789 0.348500 0.775276 0.363651
0 0.776501 0.348500 0.941213 0.363651
0 0.107521 0.363651 0.445851 0.378802
0 0.447076 0.363651 0.610563 0.378802
0 0.611789 0.363651 0.775276 0.378802
0 0.776501 0.363651 0.941213 0.378802
0 0.107521 0.378802 0.445851 0.393953
0 0.447076 0.378802 0.610563 0.393953
0 0.611789 0.378802 0.775276 0.393953
0 0.776501 0.378802 0.941213 0.393953
0 0.107521 0.393953 0.445851 0.409104
0 0.447076 0.393953 0.610563 0.409104
0 0.611789 0.393953 0.775276 0.409104
0 0.776501 0.393953 0.941213 0.409104
0 0.776501 0.409107 0.941213 0.424258
0 0.776501 0.424258 0.941213 0.439409
0 0.776501 0.439413 0.941213 0.454564
0 0.213407 0.537901 0.363495 0.553054
0 0.364720 0.537901 0.470607 0.553054
0 0.470607 0.537901 0.587033 0.553054
0 0.588258 0.537901 0.704684 0.553054
0 0.705910 0.537901 0.822336 0.553054
0 0.823562 0.537901 0.941213 0.553054
0 0.213407 0.568206 0.363495 0.583359
0 0.364720 0.568206 0.470607 0.583359
0 0.470607 0.568206 0.587033 0.583359
0 0.588258 0.568206 0.704684 0.583359
0 0.705910 0.568206 0.822336 0.583359
0 0.823562 0.568206 0.941213 0.583359
0 0.213407 0.598512 0.363495 0.613665
0 0.364720 0.598512 0.470607 0.613665
0 0.470607 0.598512 0.587033 0.613665
0 0.588258 0.598512 0.704684 0.613665
0 0.705910 0.598512 0.822336 0.613665
0 0.823562 0.598512 0.941213 0.613665
0 0.213407 0.628817 0.363495 0.643970
0 0.364720 0.628817 0.470607 0.643970
0 0.470607 0.628817 0.587033 0.643970
0 0.588258 0.628817 0.704684 0.643970
0 0.705910 0.628817 0.822336 0.643970
0 0.823562 0.628817 0.941213 0.643970
0 0.470607 0.659119 0.587033 0.674272
0 0.588258 0.659119 0.704684 0.674272
0 0.705910 0.659119 0.822336 0.674272
0 0.823562 0.659119 0.941213 0.674272
0 0.470607 0.689421 0.587033 0.704574
0 0.588258 0.689421 0.704684 0.704574
0 0.705910 0.689421 0.822336 0.704574
0 0.823562 0.689421 0.941213 0.704574
0 0.823562 0.719726 0.941213 0.734879
