0 0.105887 0.121218 0.234078 0.136369
0 0.235303 0.121218 0.364720 0.136369
0 0.384329 0.121217 0.403937 0.136369
0 0.443155 0.121217 0.462763 0.136369
0 0.484006 0.121218 0.939988 0.136369
0 0.105887 0.136369 0.234078 0.151520
0 0.235303 0.136369 0.364720 0.151520
0 0.384329 0.136368 0.403937 0.151520
0 0.443155 0.136368 0.462763 0.151520
0 0.484006 0.136369 0.939988 0.151520
0 0.105887 0.151520 0.234078 0.166671
0 0.235303 0.151520 0.364720 0.166671
0 0.384329 0.151519 0.403937 0.166671
0 0.443155 0.151519 0.462763 0.166671
0 0.484006 0.151520 0.939988 0.166671
0 0.105887 0.166671 0.234078 0.181822
0 0.235303 0.166671 0.364720 0.181822
0 0.384329 0.166670 0.403937 0.181822
0 0.443155 0.166670 0.462763 0.181822
0 0.484006 0.166671 0.939988 0.181822
0 0.105887 0.181822 0.234078 0.196973
0 0.235303 0.181822 0.364720 0.196973
0 0.384329 0.181821 0.403937 0.196973
0 0.443155 0.181821 0.462763 0.196973
0 0.484006 0.181822 0.939988 0.196973
0 0.058826 0.257584 0.517667 0.272735
0 0.517667 0.257584 0.658849 0.272735
0 0.658849 0.257584 0.798806 0.272735
0 0.800031 0.257584 0.941213 0.272735
0 0.058826 0.272735 0.517667 0.287885
0 0.517667 0.272735 0.658849 0.287885
0 0.658849 0.272735 0.798806 0.287885
0 0.800031 0.272735 0.941213 0.287885
0 0.058826 0.287885 0.517667 0.303036
0 0.517667 0.287885 0.658849 0.303036
0 0.658849 0.287885 0.798806 0.303036
0 0.800031 0.287885 0.941213 0.303036
0 0.058826 0.303036 0.517667 0.318187
0 0.517667 0.303036 0.658849 0.318187
0 0.658849 0.303036 0.798806 0.318187
0 0.800031 0.303036 0.941213 0.318187
0 0.058826 0.318187 0.517667 0.333338
0 0.517667 0.318187 0.658849 0.333338
0 0.658849 0.318187 0.798806 0.333338
0 0.800031 0.318187 0.941213 0.333338
0 0.658849 0.333346 0.798806 0.348496
0 0.800031 0.348500 0.941213 0.363651
0 0.058826 0.416681 0.445851 0.462137
0 0.447076 0.416685 0.541198 0.431836
0 0.447076 0.431836 0.541198 0.446987
0 0.447076 0.446987 0.541198 0.462137
0 0.541198 0.416685 0.751745 0.431836
0 0.541198 0.431836 0.751745 0.446987
0 0.541198 0.446987 0.751745 0.462137
0 0.752971 0.446985 0.941213 0.462137
0 0.058826 0.462137 0.445851 0.507594
0 0.447076 0.462141 0.541198 0.477292
0 0.447076 0.477292 0.541198 0.492443
0 0.447076 0.492443 0.541198 0.507594
0 0.541198 0.462141 0.751745 0.477292
0 0.541198 0.477292 0.751745 0.492443
0 0.541198 0.492443 0.751745 0.507594
0 0.752971 0.492442 0.941213 0.507594
0 0.058826 0.507594 0.445851 0.553050
0 0.447076 0.507598 0.541198 0.522748
0 0.447076 0.522748 0.541198 0.537899
0 0.447076 0.537899 0.541198 0.553050
0 0.541198 0.507598 0.751745 0.522748
0 0.541198 0.522748 0.751745 0.537899
0 0.541198 0.537899 0.751745 0.553050
0 0.752971 0.537898 0.941213 0.553050
0 0.105887 0.643963 0.234078 0.659114
0 0.235303 0.643963 0.352955 0.659114
0 0.366681 0.643962 0.386290 0.659114
0 0.413742 0.643962 0.433350 0.659114
0 0.448710 0.643963 0.704684 0.659114
0 0.705910 0.643963 0.822336 0.659114
0 0.823562 0.643963 0.941213 0.659114
0 0.105887 0.659114 0.234078 0.674265
0 0.235303 0.659114 0.352955 0.674265
0 0.366681 0.659113 0.386290 0.674265
0 0.413742 0.659113 0.433350 0.674265
0 0.448710 0.659114 0.704684 0.674265
0 0.705910 0.659114 0.822336 0.674265
0 0.823562 0.659114 0.941213 0.674265
0 0.105887 0.674265 0.234078 0.689415
0 0.235303 0.674265 0.352955 0.689415
0 0.366681 0.674263 0.386290 0.689415
0 0.413742 0.674263 0.433350 0.689415
0 0.448710 0.674265 0.704684 0.689415
0 0.705910 0.674265 0.822336 0.689415
0 0.823562 0.674265 0.941213 0.689415
0 0.105887 0.689415 0.234078 0.704566
0 0.235303 0.689415 0.352955 0.704566
0 0.366681 0.689414 0.386290 0.704566
0 0.413742 0.689414 0.433350 0.704566
0 0.448710 0.689415 0.704684 0.704566
0 0.705910 0.689415 0.822336 0.704566
0 0.823562 0.689415 0.941213 0.704566
0 0.105887 0.704566 0.234078 0.719717
0 0.235303 0.704566 0.352955 0.719717
0 0.366681 0.704565 0.386290 0.719717
0 0.413742 0.704565 0.433350 0.719717
0 0.448710 0.704566 0.704684 0.719717
0 0.705910 0.704566 0.822336 0.719717
0 0.823562 0.704566 0.941213 0.719717
0 0.705910 0.719725 0.822336 0.734876
0 0.823562 0.734879 0.941213 0.750030
0 0.058826 0.803060 0.445851 0.848517
0 0.447076 0.803064 0.541198 0.818215
0 0.447076 0.818215 0.541198 0.833366
0 0.447076 0.833366 0.541198 0.848517
0 0.541198 0.803064 0.751745 0.818215
0 0.541198 0.818215 0.751745 0.833366
0 0.541198 0.833366 0.751745 0.848517
0 0.752971 0.833365 0.941213 0.848517
0 0.058826 0.848517 0.445851 0.893973
0 0.447076 0.848520 0.541198 0.863671
0 0.447076 0.863671 0.541198 0.878822
0 0.447076 0.878822 0.541198 0.893973
0 0.541198 0.848520 0.751745 0.863671
0 0.541198 0.863671 0.751745 0.878822
0 0.541198 0.878822 0.751745 0.893973
0 0.752971 0.878821 0.941213 0.893973
0 0.058826 0.893973 0.445851 0.939429
0 0.447076 0.893977 0.541198 0.909128
0 0.447076 0.909128 0.541198 0.924279
0 0.447076 0.924279 0.541198 0.939429
0 0.541198 0.893977 0.751745 0.909128
0 0.541198 0.909128 0.751745 0.924279
0 0.541198 0.924279 0.751745 0.939429
0 0.752971 0.924277 0.941213 0.939429
