0 0.058826 0.121218 0.445851 0.166675
0 0.447076 0.121218 0.541198 0.136369
0 0.447076 0.136369 0.541198 0.151520
0 0.447076 0.151520 0.541198 0.166671
0 0.541198 0.121218 0.751745 0.136369
0 0.541198 0.136369 0.751745 0.151520
0 0.541198 0.151520 0.751745 0.166671
0 0.752971 0.151523 0.941213 0.166675
0 0.058826 0.166675 0.445851 0.212131
0 0.447076 0.166675 0.541198 0.181826
0 0.447076 0.181826 0.541198 0.196976
0 0.447076 0.196976 0.541198 0.212127
0 0.541198 0.166675 0.751745 0.181826
0 0.541198 0.181826 0.751745 0.196976
0 0.541198 0.196976 0.751745 0.212127
0 0.752971 0.196979 0.941213 0.212131
0 0.058826 0.212131 0.445851 0.257587
0 0.447076 0.212131 0.541198 0.227282
0 0.447076 0.227282 0.541198 0.242433
0 0.447076 0.242433 0.541198 0.257584
0 0.541198 0.212131 0.751745 0.227282
0 0.541198 0.227282 0.751745 0.242433
0 0.541198 0.242433 0.751745 0.257584
0 0.752971 0.242435 0.941213 0.257587
0 0.058826 0.257587 0.445851 0.303044
0 0.447076 0.257587 0.541198 0.272738
0 0.447076 0.272738 0.541198 0.287889
0 0.447076 0.287889 0.541198 0.303040
0 0.541198 0.257587 0.751745 0.272738
0 0.541198 0.272738 0.751745 0.287889
0 0.541198 0.287889 0.751745 0.303040
0 0.752971 0.287892 0.941213 0.303044
0 0.058826 0.303044 0.445851 0.348500
0 0.447076 0.303044 0.541198 0.318195
0 0.447076 0.318195 0.541198 0.333346
0 0.447076 0.333346 0.541198 0.348496
0 0.541198 0.303044 0.751745 0.318195
0 0.541198 0.318195 0.751745 0.333346
0 0.541198 0.333346 0.751745 0.348496
0 0.752971 0.333348 0.941213 0.348500
0 0.119286 0.424262 0.516442 0.439413
0 0.119286 0.439413 0.516442 0.454564
0 0.519301 0.424262 0.941213 0.439413
0 0.519301 0.439413 0.941213 0.454564
0 0.119286 0.454571 0.516442 0.469722
0 0.119286 0.469722 0.516442 0.484873
0 0.519301 0.454571 0.941213 0.469722
0 0.519301 0.469722 0.941213 0.484873
0 0.119286 0.484873 0.516442 0.500024
0 0.119286 0.500028 0.516442 0.515179
0 0.519301 0.484873 0.941213 0.500024
0 0.519301 0.500028 0.941213 0.515179
0 0.119286 0.515179 0.516442 0.530330
0 0.119286 0.530330 0.516442 0.545480
0 0.519301 0.515179 0.941213 0.530330
0 0.519301 0.530330 0.941213 0.545480
0 0.058826 0.583356 0.247069 0.598507
0 0.247069 0.583356 0.516442 0.598507
0 0.517667 0.583356 0.728215 0.598507
0 0.729440 0.583356 0.941213 0.598507
0 0.058826 0.598507 0.247069 0.613657
0 0.247069 0.598507 0.516442 0.613657
0 0.517667 0.598507 0.728215 0.613657
0 0.729440 0.598507 0.941213 0.613657
0 0.058826 0.613657 0.247069 0.628808
0 0.247069 0.613657 0.516442 0.628808
0 0.517667 0.613657 0.728215 0.628808
0 0.729440 0.613657 0.941213 0.628808
0 0.058826 0.628808 0.247069 0.643959
0 0.247069 0.628808 0.516442 0.643959
0 0.517667 0.628808 0.728215 0.643959
0 0.729440 0.628808 0.941213 0.643959
0 0.517667 0.643967 0.728215 0.659118
0 0.729440 0.659118 0.941213 0.674268
0 0.058826 0.727302 0.445851 0.772758
0 0.447076 0.727306 0.541198 0.742457
0 0.447076 0.742457 0.541198 0.757608
0 0.447076 0.757608 0.541198 0.772758
0 0.541198 0.727306 0.751745 0.742457
0 0.541198 0.742457 0.751745 0.757608
0 0.541198 0.757608 0.751745 0.772758
0 0.752971 0.757606 0.941213 0.772758
0 0.058826 0.772758 0.445851 0.818215
0 0.447076 0.772762 0.541198 0.787913
0 0.447076 0.787913 0.541198 0.803064
0 0.447076 0.803064 0.541198 0.818215
0 0.541198 0.772762 0.751745 0.787913
0 0.541198 0.787913 0.751745 0.803064
0 0.541198 0.803064 0.751745 0.818215
0 0.752971 0.803063 0.941213 0.818215
0 0.058826 0.818215 0.445851 0.863671
0 0.447076 0.818219 0.541198 0.833370
0 0.447076 0.833370 0.541198 0.848520
0 0.447076 0.848520 0.541198 0.863671
0 0.541198 0.818219 0.751745 0.833370
0 0.541198 0.833370 0.751745 0.848520
0 0.541198 0.848520 0.751745 0.863671
0 0.752971 0.848519 0.941213 0.863671
0 0.058826 0.863671 0.445851 0.909128
0 0.447076 0.863675 0.541198 0.878826
0 0.447076 0.878826 0.541198 0.893977
0 0.447076 0.893977 0.541198 0.909128
0 0.541198 0.863675 0.751745 0.878826
0 0.541198 0.878826 0.751745 0.893977
0 0.541198 0.893977 0.751745 0.909128
0 0.752971 0.893975 0.941213 0.909128
