0 0.105887 0.121218 0.235303 0.136369
0 0.254912 0.121217 0.274521 0.136369
0 0.313738 0.121217 0.333346 0.136369
0 0.354589 0.121218 0.941213 0.136369
0 0.105887 0.136369 0.235303 0.151520
0 0.254912 0.136368 0.274521 0.151520
0 0.313738 0.136368 0.333346 0.151520
0 0.354589 0.136369 0.941213 0.151520
0 0.105887 0.151520 0.235303 0.166671
0 0.254912 0.151519 0.274521 0.166671
0 0.313738 0.151519 0.333346 0.166671
0 0.354589 0.151520 0.941213 0.166671
0 0.105887 0.166671 0.235303 0.181822
0 0.254912 0.166670 0.274521 0.181822
0 0.313738 0.166670 0.333346 0.181822
0 0.354589 0.166671 0.941213 0.181822
0 0.105887 0.181822 0.235303 0.196973
0 0.254912 0.181821 0.274521 0.196973
0 0.313738 0.181821 0.333346 0.196973
0 0.354589 0.181822 0.941213 0.196973
0 0.058826 0.242433 0.270599 0.257584
0 0.270599 0.242433 0.492911 0.257584
0 0.494137 0.242433 0.716450 0.257584
0 0.717675 0.242433 0.941213 0.257584
0 0.058826 0.257584 0.270599 0.272735
0 0.270599 0.257584 0.492911 0.272735
0 0.494137 0.257584 0.716450 0.272735
0 0.717675 0.257584 0.941213 0.272735
0 0.058826 0.272735 0.270599 0.287885
0 0.270599 0.272735 0.492911 0.287885
0 0.494137 0.272735 0.716450 0.287885
0 0.717675 0.272735 0.941213 0.287885
0 0.058826 0.287885 0.270599 0.303036
0 0.270599 0.287885 0.492911 0.303036
0 0.494137 0.287885 0.716450 0.303036
0 0.717675 0.287885 0.941213 0.303036
0 0.058826 0.303036 0.270599 0.318187
0 0.270599 0.303036 0.492911 0.318187
0 0.494137 0.303036 0.716450 0.318187
0 0.717675 0.303036 0.941213 0.318187
0 0.058826 0.371225 0.445851 0.416681
0 0.447076 0.371228 0.541198 0.386379
0 0.447076 0.386379 0.541198 0.401530
0 0.447076 0.401530 0.541198 0.416681
0 0.541198 0.371228 0.751745 0.386379
0 0.541198 0.386379 0.751745 0.401530
0 0.541198 0.401530 0.751745 0.416681
0 0.752971 0.401529 0.941213 0.416681
0 0.058826 0.416681 0.445851 0.462137
0 0.447076 0.416685 0.541198 0.431836
0 0.447076 0.431836 0.541198 0.446987
0 0.447076 0.446987 0.541198 0.462137
0 0.541198 0.416685 0.751745 0.431836
0 0.541198 0.431836 0.751745 0.446987
0 0.541198 0.446987 0.751745 0.462137
0 0.752971 0.446985 0.941213 0.462137
0 0.058826 0.462137 0.445851 0.507594
0 0.447076 0.462141 0.541198 0.477292
0 0.447076 0.477292 0.541198 0.492443
0 0.447076 0.492443 0.541198 0.507594
0 0.541198 0.462141 0.751745 0.477292
0 0.541198 0.477292 0.751745 0.492443
0 0.541198 0.492443 0.751745 0.507594
0 0.752971 0.492442 0.941213 0.507594
0 0.058826 0.507594 0.445851 0.553050
0 0.447076 0.507598 0.541198 0.522748
0 0.447076 0.522748 0.541198 0.537899
0 0.447076 0.537899 0.541198 0.553050
0 0.541198 0.507598 0.751745 0.522748
0 0.541198 0.522748 0.751745 0.537899
0 0.541198 0.537899 0.751745 0.553050
0 0.752971 0.537898 0.941213 0.553050
0 0.058826 0.606084 0.445851 0.651540
0 0.447076 0.606084 0.541198 0.621235
0 0.447076 0.621238 0.541198 0.636389
0 0.447076 0.636389 0.541198 0.651540
0 0.541198 0.606084 0.751745 0.621235
0 0.541198 0.621238 0.751745 0.636389
0 0.541198 0.636389 0.751745 0.651540
0 0.752971 0.636388 0.941213 0.651540
0 0.058826 0.651540 0.445851 0.696997
0 0.447076 0.651540 0.541198 0.666691
0 0.447076 0.666695 0.541198 0.681846
0 0.447076 0.681846 0.541198 0.696997
0 0.541198 0.651540 0.751745 0.666691
0 0.541198 0.666695 0.751745 0.681846
0 0.541198 0.681846 0.751745 0.696997
0 0.752971 0.681844 0.941213 0.696997
0 0.058826 0.696997 0.445851 0.742453
0 0.447076 0.696997 0.541198 0.712148
0 0.447076 0.712151 0.541198 0.727302
0 0.447076 0.727302 0.541198 0.742453
0 0.541198 0.696997 0.751745 0.712148
0 0.541198 0.712151 0.751745 0.727302
0 0.541198 0.727302 0.751745 0.742453
0 0.752971 0.727301 0.941213 0.742453
0 0.764736 0.757608 0.941213 0.772758
0 0.764736 0.772758 0.941213 0.787909
0 0.764736 0.803064 0.941213 0.818215
0 0.764736 0.818215 0.941213 0.833366
