0 0.117652 0.151521 0.282364 0.166675
0 0.283998 0.136369 0.941213 0.166675
0 0.117652 0.181827 0.282364 0.196980
0 0.283998 0.166675 0.941213 0.196980
0 0.117652 0.212132 0.282364 0.227286
0 0.283998 0.196980 0.941213 0.227286
0 0.117652 0.242438 0.282364 0.257591
0 0.283998 0.227286 0.941213 0.257591
0 0.117652 0.272743 0.282364 0.287897
0 0.283998 0.257591 0.941213 0.287897
0 0.058826 0.325768 0.351729 0.340919
0 0.352955 0.325768 0.645859 0.340919
0 0.647084 0.325768 0.941213 0.340919
0 0.058826 0.340919 0.351729 0.356070
0 0.352955 0.340919 0.645859 0.356070
0 0.647084 0.340919 0.941213 0.356070
0 0.058826 0.356070 0.351729 0.371221
0 0.352955 0.356070 0.645859 0.371221
0 0.647084 0.356070 0.941213 0.371221
0 0.058826 0.371221 0.351729 0.386372
0 0.352955 0.371221 0.645859 0.386372
0 0.647084 0.371221 0.941213 0.386372
0 0.058826 0.386372 0.351729 0.401523
0 0.352955 0.386372 0.645859 0.401523
0 0.647084 0.386372 0.941213 0.401523
0 0.058826 0.462141 0.445851 0.507598
0 0.447076 0.462141 0.541198 0.477292
0 0.447076 0.477292 0.541198 0.492443
0 0.447076 0.492443 0.541198 0.507594
0 0.541198 0.462141 0.751745 0.477292
0 0.541198 0.477292 0.751745 0.492443
0 0.541198 0.492443 0.751745 0.507594
0 0.752971 0.492445 0.941213 0.507598
0 0.058826 0.507598 0.445851 0.553054
0 0.447076 0.507598 0.541198 0.522748
0 0.447076 0.522748 0.541198 0.537899
0 0.447076 0.537899 0.541198 0.553050
0 0.541198 0.507598 0.751745 0.522748
0 0.541198 0.522748 0.751745 0.537899
0 0.541198 0.537899 0.751745 0.553050
0 0.752971 0.537902 0.941213 0.553054
0 0.058826 0.553054 0.445851 0.598510
0 0.447076 0.553054 0.541198 0.568205
0 0.447076 0.568205 0.541198 0.583356
0 0.447076 0.583356 0.541198 0.598507
0 0.541198 0.553054 0.751745 0.568205
0 0.541198 0.568205 0.751745 0.583356
0 0.541198 0.583356 0.751745 0.598507
0 0.752971 0.583358 0.941213 0.598510
0 0.058826 0.598510 0.445851 0.643967
0 0.447076 0.598510 0.541198 0.613661
0 0.447076 0.613661 0.541198 0.628812
0 0.447076 0.628812 0.541198 0.643963
0 0.541198 0.598510 0.751745 0.613661
0 0.541198 0.613661 0.751745 0.628812
0 0.541198 0.628812 0.751745 0.643963
0 0.752971 0.628815 0.941213 0.643967
0 0.058826 0.696997 0.445851 0.742453
0 0.447076 0.696997 0.541198 0.712148
0 0.447076 0.712151 0.541198 0.727302
0 0.447076 0.727302 0.541198 0.742453
0 0.541198 0.696997 0.751745 0.712148
0 0.541198 0.712151 0.751745 0.727302
0 0.541198 0.727302 0.751745 0.742453
0 0.752971 0.727301 0.941213 0.742453
0 0.058826 0.742453 0.445851 0.787909
0 0.447076 0.742453 0.541198 0.757604
0 0.447076 0.757608 0.541198 0.772758
0 0.447076 0.772758 0.541198 0.787909
0 0.541198 0.742453 0.751745 0.757604
0 0.541198 0.757608 0.751745 0.772758
0 0.541198 0.772758 0.751745 0.787909
0 0.752971 0.772757 0.941213 0.787909
0 0.058826 0.787909 0.445851 0.833366
0 0.447076 0.787909 0.541198 0.803060
0 0.447076 0.803064 0.541198 0.818215
0 0.447076 0.818215 0.541198 0.833366
0 0.541198 0.787909 0.751745 0.803060
0 0.541198 0.803064 0.751745 0.818215
0 0.541198 0.818215 0.751745 0.833366
0 0.752971 0.818214 0.941213 0.833366
0 0.058826 0.833366 0.445851 0.878822
0 0.447076 0.833366 0.541198 0.848517
0 0.447076 0.848520 0.541198 0.863671
0 0.447076 0.863671 0.541198 0.878822
0 0.541198 0.833366 0.751745 0.848517
0 0.541198 0.848520 0.751745 0.863671
0 0.541198 0.863671 0.751745 0.878822
0 0.752971 0.863670 0.941213 0.878822
