0 0.058826 0.118690 0.798806 0.143943
0 0.058826 0.156573 0.798806 0.181826
0 0.058826 0.194452 0.941213 0.219705
0 0.058826 0.232331 0.728215 0.257584
0 0.731074 0.232331 0.941213 0.257584
0 0.823562 0.122480 0.836634 0.132581
0 0.823562 0.137631 0.836634 0.147732
0 0.823562 0.152781 0.836634 0.162883
0 0.823562 0.167936 0.836634 0.178037
0 0.058826 0.325772 0.152947 0.356078
0 0.152947 0.325772 0.235303 0.356078
0 0.235303 0.325772 0.341190 0.356078
0 0.342824 0.325772 0.657624 0.356078
0 0.660483 0.325772 0.845867 0.356078
0 0.847092 0.325772 0.941213 0.356078
0 0.058826 0.356078 0.152947 0.386383
0 0.152947 0.356078 0.235303 0.386383
0 0.235303 0.356078 0.341190 0.386383
0 0.342824 0.356078 0.657624 0.386383
0 0.660483 0.356078 0.845867 0.386383
0 0.847092 0.356078 0.941213 0.386383
0 0.058826 0.386383 0.152947 0.416689
0 0.152947 0.386383 0.235303 0.416689
0 0.235303 0.386383 0.341190 0.416689
0 0.342824 0.386383 0.657624 0.416689
0 0.660483 0.386383 0.845867 0.416689
0 0.847092 0.386383 0.941213 0.416689
0 0.058826 0.416689 0.152947 0.446994
0 0.152947 0.416689 0.235303 0.446994
0 0.235303 0.416689 0.341190 0.446994
0 0.342824 0.416689 0.657624 0.446994
0 0.660483 0.416689 0.845867 0.446994
0 0.847092 0.416689 0.941213 0.446994
0 0.058826 0.446994 0.152947 0.477300
0 0.152947 0.446994 0.235303 0.477300
0 0.235303 0.446994 0.341190 0.477300
0 0.342824 0.446994 0.657624 0.477300
0 0.660483 0.446994 0.845867 0.477300
0 0.847092 0.446994 0.941213 0.477300
0 0.058826 0.477300 0.152947 0.507605
0 0.152947 0.477300 0.235303 0.507605
0 0.235303 0.477300 0.341190 0.507605
0 0.342824 0.477300 0.657624 0.507605
0 0.660483 0.477300 0.845867 0.507605
0 0.847092 0.477300 0.941213 0.507605
0 0.058826 0.507605 0.152947 0.537911
0 0.152947 0.507605 0.235303 0.537911
0 0.235303 0.507605 0.341190 0.537911
0 0.342824 0.507605 0.657624 0.537911
0 0.660483 0.507605 0.845867 0.537911
0 0.847092 0.507605 0.941213 0.537911
0 0.058826 0.550526 0.728215 0.568205
0 0.731074 0.550526 0.941213 0.568205
0 0.081049 0.593457 0.094121 0.603558
0 0.081049 0.608608 0.094121 0.618709
0 0.081049 0.623763 0.094121 0.633864
0 0.081049 0.676793 0.094121 0.686894
0 0.081049 0.691947 0.094121 0.702049
0 0.081049 0.707098 0.094121 0.717199
0 0.205890 0.704574 0.941213 0.719725
0 0.124188 0.790433 0.137260 0.800535
0 0.741206 0.848520 0.941213 0.863674
