0 0.058826 0.118690 0.728215 0.166671
0 0.729440 0.118690 0.941213 0.136369
0 0.729440 0.148996 0.941213 0.166675
0 0.835327 0.169199 0.848399 0.179300
0 0.894153 0.169199 0.907225 0.179300
0 0.823562 0.212131 0.941213 0.227282
0 0.505902 0.227282 0.622328 0.242433
0 0.823562 0.227282 0.941213 0.242433
0 0.505902 0.242433 0.622328 0.257584
0 0.823562 0.242433 0.941213 0.257584
0 0.823562 0.272738 0.941213 0.287889
0 0.505902 0.287889 0.622328 0.303040
0 0.823562 0.287889 0.941213 0.303040
0 0.505902 0.318195 0.622328 0.333346
0 0.823562 0.318195 0.941213 0.333346
0 0.443343 0.335870 0.456415 0.345971
0 0.823562 0.333346 0.941213 0.348496
0 0.823562 0.348500 0.941213 0.363651
0 0.823562 0.378802 0.941213 0.393953
0 0.411781 0.454564 0.528207 0.469715
0 0.411781 0.469715 0.528207 0.484866
0 0.411781 0.484869 0.528207 0.500020
0 0.411781 0.500020 0.528207 0.515171
0 0.411781 0.530326 0.528207 0.545477
0 0.411781 0.575782 0.528207 0.590933
0 0.411781 0.590933 0.528207 0.606084
0 0.411781 0.606084 0.528207 0.621235
0 0.411781 0.621238 0.528207 0.636389
0 0.411781 0.636389 0.528207 0.651540
0 0.411781 0.651540 0.528207 0.666691
0 0.411781 0.681846 0.528207 0.696997
0 0.411781 0.696997 0.528207 0.712148
0 0.411781 0.742453 0.528207 0.757604
0 0.823562 0.439413 0.941213 0.454564
0 0.823562 0.484869 0.941213 0.500020
0 0.823562 0.500020 0.941213 0.515171
0 0.823562 0.515171 0.941213 0.530322
0 0.823562 0.530326 0.941213 0.545477
0 0.823562 0.545477 0.941213 0.560627
0 0.823562 0.560627 0.941213 0.575778
0 0.823562 0.575782 0.941213 0.590933
0 0.823562 0.590933 0.941213 0.606084
0 0.823562 0.621238 0.941213 0.636389
0 0.576493 0.651540 0.776501 0.666691
0 0.823562 0.651540 0.941213 0.666691
0 0.576493 0.666695 0.776501 0.681846
0 0.823562 0.666695 0.941213 0.681846
0 0.576493 0.681846 0.776501 0.696997
0 0.823562 0.681846 0.941213 0.696997
0 0.576493 0.696997 0.776501 0.712148
0 0.823562 0.696997 0.941213 0.712148
0 0.576493 0.712151 0.776501 0.727302
0 0.823562 0.712151 0.941213 0.727302
0 0.576493 0.727302 0.776501 0.742453
0 0.823562 0.727302 0.941213 0.742453
0 0.576493 0.742453 0.776501 0.757604
0 0.823562 0.742453 0.941213 0.757604
0 0.823562 0.757608 0.941213 0.772758
0 0.823562 0.787909 0.941213 0.803060
0 0.823562 0.803064 0.941213 0.818215
0 0.823562 0.820739 0.836634 0.830840
0 0.823562 0.843467 0.836634 0.853569
0 0.823562 0.893977 0.941213 0.909128
