0 0.058826 0.255060 0.669389 0.272738
0 0.670615 0.255060 0.941213 0.272738
0 0.058826 0.285365 0.941213 0.303044
0 0.694145 0.303044 0.760567 0.318195
0 0.499366 0.320719 0.512438 0.330820
0 0.628783 0.320719 0.641855 0.330820
0 0.058826 0.376278 0.751745 0.409107
0 0.752971 0.393955 0.941213 0.409107
0 0.388251 0.424258 0.505902 0.439409
0 0.388251 0.439413 0.505902 0.454564
0 0.388251 0.454564 0.505902 0.469715
0 0.388251 0.469715 0.505902 0.484866
0 0.388251 0.484869 0.505902 0.500020
0 0.823562 0.424258 0.941213 0.439409
0 0.682380 0.439413 0.811797 0.454564
0 0.823562 0.454564 0.941213 0.469715
0 0.682380 0.469715 0.811797 0.484866
0 0.823562 0.484869 0.941213 0.500020
0 0.823562 0.500020 0.941213 0.515171
0 0.388251 0.545477 0.505902 0.560627
0 0.388251 0.560627 0.505902 0.575778
0 0.390538 0.578306 0.403611 0.588408
0 0.390538 0.593457 0.403611 0.603558
0 0.388251 0.606084 0.505902 0.621235
0 0.823562 0.545477 0.941213 0.560627
0 0.823562 0.560627 0.941213 0.575778
0 0.682380 0.575782 0.811797 0.590933
0 0.823562 0.590933 0.941213 0.606084
0 0.682380 0.606084 0.811797 0.621235
0 0.823562 0.621238 0.941213 0.636389
0 0.823562 0.636389 0.941213 0.651540
0 0.823562 0.651544 0.941213 0.666695
0 0.058826 0.679322 0.941213 0.712151
0 0.058826 0.724778 0.941213 0.757608
