0 0.611462 0.712151 0.752971 0.727302
0 0.440213 0.727933 0.588258 0.741190
0 0.629110 0.727933 0.670615 0.741190
0 0.058826 0.770234 0.504677 0.810641
0 0.058826 0.823264 0.504677 0.863671
0 0.058826 0.876298 0.339964 0.909128
0 0.341190 0.876298 0.388251 0.909128
0 0.388251 0.876298 0.505902 0.909128
0 0.058826 0.921754 0.282364 0.954584
0 0.282364 0.921754 0.505902 0.954584
0 0.823562 0.772758 0.941213 0.787909
0 0.823562 0.787909 0.941213 0.803060
0 0.823562 0.818215 0.941213 0.833366
0 0.823562 0.848520 0.941213 0.863671
0 0.909840 0.893975 0.926180 0.906602
0 0.909840 0.938169 0.926180 0.950796
