0 0.489216 0.787878 0.552941 0.801765
0 0.743791 0.787878 0.776471 0.801765
0 0.653420 0.787878 0.717647 0.801765
0 0.058824 0.830808 0.492892 0.848486
0 0.058824 0.861112 0.492892 0.893941
0 0.058824 0.906567 0.328186 0.924245
0 0.329412 0.906567 0.388235 0.924245
0 0.388235 0.906567 0.494118 0.924245
0 0.058824 0.936867 0.270588 0.954545
0 0.270588 0.936867 0.494118 0.954545
0 0.811765 0.818182 0.941176 0.833332
0 0.811765 0.834595 0.941176 0.848482
0 0.811765 0.863636 0.941176 0.878787
0 0.811765 0.880049 0.941176 0.893937
0 0.899673 0.906567 0.912745 0.916668
0 0.899673 0.940657 0.912745 0.950758
