0 0.058826 0.133845 0.682380 0.151524
0 0.058826 0.164147 0.682380 0.196976
0 0.058826 0.209603 0.682380 0.227282
0 0.682380 0.133845 0.941213 0.151524
0 0.682380 0.176774 0.941213 0.212131
0 0.541198 0.242433 0.673556 0.257584
0 0.682380 0.237385 0.941213 0.257587
0 0.682380 0.270214 0.941213 0.287893
0 0.188243 0.272738 0.411781 0.287889
0 0.423546 0.270214 0.682380 0.287893
0 0.091961 0.333145 0.566490 0.348296
0 0.091961 0.348299 0.566490 0.363450
0 0.576294 0.333145 0.694150 0.363450
0 0.694150 0.333145 0.811797 0.363450
0 0.811797 0.333145 0.941208 0.363450
0 0.091961 0.363450 0.566490 0.378601
0 0.091961 0.378601 0.566490 0.393752
0 0.576294 0.363450 0.694150 0.393756
0 0.694150 0.363450 0.811797 0.393756
0 0.811797 0.363450 0.941208 0.393756
0 0.091961 0.393756 0.566490 0.408907
0 0.091961 0.408907 0.566490 0.424058
0 0.576294 0.393756 0.694150 0.424061
0 0.694150 0.393756 0.811797 0.424061
0 0.811797 0.393756 0.941208 0.424061
0 0.091961 0.424061 0.566490 0.439212
0 0.091961 0.439216 0.566490 0.454367
0 0.576294 0.424061 0.694150 0.454761
0 0.694150 0.424061 0.811797 0.454761
0 0.811797 0.424061 0.941208 0.454761
0 0.091961 0.454761 0.566490 0.469912
0 0.091961 0.469912 0.566490 0.485063
0 0.576294 0.454761 0.694150 0.485066
0 0.694150 0.454761 0.811797 0.485066
0 0.811797 0.454761 0.941208 0.485066
0 0.091961 0.485066 0.566490 0.500217
0 0.091961 0.500217 0.566490 0.515368
0 0.576294 0.485066 0.694150 0.515372
0 0.694150 0.485066 0.811797 0.515372
0 0.811797 0.485066 0.941208 0.515372
0 0.092160 0.515372 0.566689 0.530523
0 0.091961 0.530727 0.566490 0.545878
0 0.576294 0.515372 0.694150 0.545677
0 0.694150 0.515372 0.811797 0.545677
0 0.811797 0.515372 0.941208 0.545677
0 0.091961 0.545677 0.566490 0.560828
0 0.091961 0.560828 0.566490 0.575979
0 0.576294 0.545677 0.694150 0.575979
0 0.694150 0.545677 0.811797 0.575979
0 0.811797 0.545677 0.941208 0.575979
0 0.091961 0.575979 0.566490 0.591130
0 0.091961 0.591130 0.566490 0.606281
0 0.576294 0.575979 0.694150 0.606285
0 0.694150 0.575979 0.811797 0.606285
0 0.811797 0.575979 0.941208 0.606285
0 0.091961 0.606285 0.566490 0.621435
0 0.091961 0.621422 0.566490 0.636576
0 0.576294 0.606285 0.694150 0.636590
0 0.694150 0.606285 0.811797 0.636590
0 0.811797 0.606285 0.941208 0.636590
0 0.576294 0.636590 0.694150 0.666896
0 0.694150 0.636590 0.811797 0.666896
0 0.752971 0.696997 0.858857 0.712148
0 0.879701 0.696997 0.941213 0.712148
0 0.092160 0.818215 0.494137 0.833366
0 0.092160 0.848520 0.494137 0.863671
0 0.092160 0.878822 0.494137 0.893973
0 0.092160 0.909128 0.494137 0.924279
0 0.092160 0.939433 0.494137 0.954584
0 0.539237 0.818215 0.941213 0.833366
0 0.539237 0.848520 0.941213 0.863671
0 0.539237 0.878822 0.941213 0.893973
0 0.539237 0.909128 0.941213 0.924279
0 0.539237 0.939433 0.941213 0.954584
