0 0.739038 0.078015 0.958119 0.095650
0 0.046721 0.107980 0.634038 0.144201
0 0.634343 0.107980 0.958180 0.144201
0 0.046721 0.155881 0.634038 0.192102
0 0.634343 0.155881 0.958180 0.192102
0 0.046721 0.203150 0.634038 0.239372
0 0.639858 0.208201 0.651296 0.216724
0 0.639858 0.223037 0.651296 0.231559
0 0.179891 0.313393 0.341350 0.331544
0 0.179891 0.331938 0.341350 0.350640
0 0.179891 0.350878 0.341350 0.369423
0 0.179891 0.369659 0.341350 0.387889
0 0.179891 0.388205 0.341350 0.406039
0 0.179891 0.406433 0.341350 0.424268
0 0.179891 0.424583 0.341350 0.442418
0 0.179891 0.442734 0.341350 0.460884
0 0.179891 0.461279 0.341350 0.479350
0 0.179891 0.479745 0.341350 0.497894
0 0.179891 0.498211 0.341350 0.516677
0 0.179891 0.516992 0.341350 0.534905
0 0.179891 0.535221 0.341350 0.553056
0 0.179891 0.553371 0.341350 0.571285
0 0.179891 0.571521 0.341350 0.589436
0 0.179891 0.589751 0.341350 0.607902
0 0.179891 0.608217 0.341350 0.626052
0 0.179891 0.626366 0.341350 0.644912
0 0.179891 0.645227 0.341350 0.663378
0 0.179891 0.663693 0.341350 0.681528
0 0.473703 0.313393 0.634446 0.331229
0 0.473703 0.331544 0.634446 0.350640
0 0.473703 0.350957 0.634446 0.369737
0 0.473703 0.370054 0.634446 0.387889
0 0.473703 0.388205 0.634446 0.406039
0 0.473703 0.406433 0.634446 0.424268
0 0.473703 0.424583 0.634446 0.442734
0 0.473703 0.443049 0.634446 0.461199
0 0.473703 0.461515 0.634446 0.479429
0 0.473703 0.479745 0.634446 0.497894
0 0.473703 0.498211 0.634446 0.516677
0 0.473703 0.516992 0.634446 0.534905
0 0.473703 0.535143 0.634446 0.553056
0 0.473703 0.553371 0.634446 0.571206
0 0.473703 0.571521 0.634446 0.589436
0 0.473703 0.589751 0.634446 0.607902
0 0.473703 0.608217 0.634446 0.626366
0 0.473703 0.626683 0.634446 0.644912
0 0.473703 0.645149 0.634446 0.663378
0 0.473703 0.663693 0.634446 0.681528
0 0.767717 0.313314 0.957771 0.331544
0 0.767717 0.331938 0.957771 0.350640
0 0.767717 0.350957 0.957771 0.369423
0 0.767717 0.369737 0.957771 0.387889
0 0.767717 0.388205 0.957771 0.406039
0 0.767717 0.406433 0.957771 0.424268
0 0.767717 0.424583 0.957771 0.442734
0 0.767717 0.443049 0.957771 0.460884
0 0.767717 0.461279 0.957771 0.479429
0 0.767717 0.479745 0.957771 0.497894
0 0.767717 0.498211 0.957771 0.516677
0 0.767717 0.516992 0.957771 0.534826
0 0.767717 0.535221 0.957771 0.553056
0 0.767717 0.553371 0.957771 0.571206
0 0.767717 0.571521 0.957771 0.589436
0 0.767717 0.589751 0.957771 0.607980
0 0.767717 0.608217 0.957771 0.626366
0 0.767717 0.626761 0.957771 0.645149
0 0.767717 0.645465 0.957771 0.663378
0 0.767717 0.663693 0.957771 0.681607
0 0.767717 0.681843 0.957771 0.700073
0 0.088797 0.745212 0.248724 0.759811
0 0.262611 0.745133 0.956954 0.763045
0 0.104013 0.760126 0.248724 0.776462
0 0.262611 0.763362 0.956954 0.781275
0 0.096967 0.776777 0.248724 0.792875
0 0.262611 0.781513 0.956954 0.799979
0 0.104728 0.793112 0.248724 0.809447
0 0.262611 0.800294 0.956954 0.818523
0 0.104013 0.809842 0.248724 0.825388
0 0.262611 0.818838 0.956954 0.837068
0 0.349315 0.875657 0.675909 0.911878
0 0.676418 0.894044 0.957771 0.911878
