0 0.058826 0.118690 0.751745 0.136369
0 0.754605 0.118690 0.941213 0.136369
0 0.880100 0.183090 0.896440 0.195716
0 0.915395 0.183090 0.931736 0.195716
0 0.880100 0.198238 0.896440 0.210865
0 0.915395 0.198238 0.931736 0.210865
0 0.880100 0.213392 0.896440 0.226019
0 0.915395 0.213392 0.931736 0.226019
0 0.880100 0.243697 0.896440 0.256323
0 0.915395 0.243697 0.931736 0.256323
0 0.880100 0.289153 0.896440 0.301780
0 0.915395 0.289153 0.931736 0.301780
0 0.880100 0.334611 0.896440 0.347238
0 0.915395 0.334611 0.931736 0.347238
0 0.823562 0.363651 0.941213 0.378802
0 0.823562 0.378802 0.941213 0.393953
0 0.823562 0.484869 0.941213 0.500020
0 0.823562 0.500020 0.941213 0.515171
0 0.823562 0.515171 0.941213 0.530322
0 0.823562 0.530326 0.941213 0.545477
0 0.823562 0.560627 0.941213 0.575778
0 0.670615 0.575782 0.787041 0.590933
0 0.517667 0.606084 0.634093 0.621235
0 0.670615 0.621238 0.787041 0.636389
0 0.823562 0.636389 0.941213 0.651540
0 0.823562 0.651540 0.941213 0.666691
0 0.823562 0.666695 0.941213 0.681846
0 0.823562 0.681846 0.941213 0.696997
0 0.670615 0.712151 0.705910 0.727302
0 0.717675 0.712151 0.788266 0.727302
0 0.670615 0.727302 0.787041 0.742453
0 0.670615 0.742453 0.787041 0.757604
0 0.823562 0.757608 0.941213 0.772758
0 0.823562 0.772758 0.941213 0.787909
0 0.823562 0.803064 0.941213 0.818215
0 0.670615 0.818215 0.787041 0.833366
0 0.670615 0.833366 0.787041 0.848517
0 0.823562 0.848520 0.941213 0.863671
0 0.823562 0.863671 0.941213 0.878822
0 0.823562 0.893977 0.941213 0.909128
