0 0.058826 0.118690 0.751745 0.136369
0 0.752971 0.118690 0.941213 0.136369
0 0.058826 0.148996 0.751745 0.181826
0 0.752971 0.148996 0.941213 0.181826
0 0.082356 0.198238 0.095429 0.208339
0 0.164712 0.198238 0.177785 0.208339
0 0.270599 0.194452 0.470607 0.212131
0 0.811797 0.196976 0.941213 0.212127
0 0.823562 0.242433 0.941213 0.257584
0 0.823562 0.257587 0.941213 0.272738
0 0.823562 0.272738 0.941213 0.287889
0 0.823562 0.287889 0.941213 0.303040
0 0.823562 0.303044 0.941213 0.318195
0 0.823562 0.318195 0.941213 0.333346
0 0.823562 0.333346 0.941213 0.348496
0 0.823562 0.348500 0.941213 0.363651
0 0.670615 0.363651 0.787041 0.378802
0 0.670615 0.378802 0.787041 0.393953
0 0.823562 0.393957 0.941213 0.409107
0 0.823562 0.409107 0.941213 0.424258
0 0.352955 0.454561 0.469381 0.469715
0 0.470607 0.454561 0.587033 0.469715
0 0.588258 0.454561 0.704684 0.469715
0 0.705910 0.454561 0.822336 0.469715
0 0.823562 0.454561 0.941213 0.469715
0 0.623554 0.484869 0.704276 0.500020
0 0.741206 0.484869 0.821928 0.500020
0 0.858857 0.484869 0.941213 0.500020
0 0.588258 0.515172 0.704684 0.530326
0 0.705910 0.515172 0.822336 0.530326
0 0.823562 0.515172 0.941213 0.530326
0 0.588258 0.545478 0.704684 0.560631
0 0.705910 0.545478 0.822336 0.560631
0 0.823562 0.545478 0.941213 0.560631
0 0.588258 0.575783 0.704684 0.590937
0 0.705910 0.575783 0.822336 0.590937
0 0.823562 0.575783 0.941213 0.590937
0 0.588258 0.606089 0.704684 0.621242
0 0.705910 0.606089 0.822336 0.621242
0 0.823562 0.606089 0.941213 0.621242
0 0.588258 0.636394 0.704684 0.651548
0 0.705910 0.636394 0.822336 0.651548
0 0.823562 0.636394 0.941213 0.651548
0 0.588258 0.666700 0.704684 0.681853
0 0.705910 0.666700 0.822336 0.681853
0 0.823562 0.666700 0.941213 0.681853
0 0.588258 0.697005 0.704684 0.712159
0 0.705910 0.697005 0.822336 0.712159
0 0.823562 0.697005 0.941213 0.712159
0 0.588258 0.727311 0.704684 0.742464
0 0.705910 0.727311 0.822336 0.742464
0 0.823562 0.727311 0.941213 0.742464
0 0.588258 0.757616 0.704684 0.772770
0 0.705910 0.757616 0.822336 0.772770
0 0.823562 0.757616 0.941213 0.772770
0 0.588258 0.787922 0.704684 0.803075
0 0.705910 0.787922 0.822336 0.803075
0 0.823562 0.787922 0.941213 0.803075
0 0.823562 0.803064 0.941213 0.818215
0 0.823562 0.818215 0.941213 0.833366
0 0.823562 0.833366 0.941213 0.848517
0 0.823562 0.848520 0.941213 0.863671
0 0.823562 0.878822 0.941213 0.893973
