0 0.058826 0.118690 0.763510 0.136369
0 0.766370 0.118690 0.941213 0.136369
0 0.705910 0.181826 0.822336 0.196976
0 0.823562 0.181826 0.941213 0.196976
0 0.705910 0.196976 0.822336 0.212127
0 0.823562 0.196976 0.941213 0.212127
0 0.705910 0.212127 0.822336 0.227278
0 0.823562 0.212127 0.941213 0.227278
0 0.705910 0.227278 0.822336 0.242429
0 0.823562 0.227278 0.941213 0.242429
0 0.705910 0.242429 0.822336 0.257580
0 0.823562 0.242429 0.941213 0.257580
0 0.705910 0.257580 0.822336 0.272731
0 0.823562 0.257580 0.941213 0.272731
0 0.705910 0.272731 0.822336 0.287882
0 0.823562 0.272731 0.941213 0.287882
0 0.705910 0.287882 0.822336 0.303032
0 0.823562 0.287882 0.941213 0.303032
0 0.705910 0.303032 0.822336 0.318183
0 0.823562 0.303032 0.941213 0.318183
0 0.705910 0.318183 0.822336 0.333334
0 0.823562 0.318183 0.941213 0.333334
0 0.705910 0.333334 0.822336 0.348485
0 0.823562 0.333334 0.941213 0.348485
0 0.705910 0.348485 0.822336 0.363636
0 0.823562 0.348485 0.941213 0.363636
0 0.705910 0.363636 0.822336 0.378787
0 0.823562 0.363636 0.941213 0.378787
0 0.705910 0.378787 0.822336 0.393938
0 0.823562 0.378787 0.941213 0.393938
0 0.337595 0.393938 0.658849 0.409089
0 0.705910 0.393938 0.822336 0.409089
0 0.823562 0.393938 0.941213 0.409089
0 0.705910 0.409089 0.822336 0.424239
0 0.823562 0.409089 0.941213 0.424239
0 0.705910 0.454564 0.822336 0.469715
0 0.823562 0.454564 0.941213 0.469715
0 0.705910 0.484867 0.822336 0.500020
0 0.823562 0.484867 0.941213 0.500020
0 0.705910 0.500020 0.822336 0.515171
0 0.823562 0.500020 0.941213 0.515171
0 0.705910 0.515171 0.822336 0.530322
0 0.823562 0.515171 0.941213 0.530322
0 0.705910 0.530322 0.822336 0.545473
0 0.823562 0.530322 0.941213 0.545473
0 0.705910 0.545473 0.822336 0.560624
0 0.823562 0.545473 0.941213 0.560624
0 0.705910 0.560624 0.822336 0.575775
0 0.823562 0.560624 0.941213 0.575775
0 0.705910 0.575775 0.822336 0.590925
0 0.823562 0.575775 0.941213 0.590925
0 0.705910 0.590925 0.822336 0.606076
0 0.823562 0.590925 0.941213 0.606076
0 0.705910 0.606076 0.822336 0.621227
0 0.823562 0.606076 0.941213 0.621227
0 0.705910 0.621227 0.822336 0.636378
0 0.823562 0.621227 0.941213 0.636378
0 0.705910 0.636378 0.822336 0.651529
0 0.823562 0.636378 0.941213 0.651529
0 0.705910 0.651529 0.822336 0.666680
0 0.823562 0.651529 0.941213 0.666680
0 0.705910 0.666680 0.822336 0.681831
0 0.823562 0.666680 0.941213 0.681831
0 0.705910 0.712148 0.822336 0.727298
0 0.823562 0.712148 0.941213 0.727298
0 0.705910 0.742450 0.822336 0.757604
0 0.823562 0.742450 0.941213 0.757604
0 0.705910 0.772756 0.822336 0.787909
0 0.823562 0.772756 0.941213 0.787909
0 0.705910 0.803061 0.822336 0.818215
0 0.823562 0.803061 0.941213 0.818215
0 0.705910 0.818215 0.822336 0.833366
0 0.823562 0.818215 0.941213 0.833366
