0 0.060458 0.099590 0.514706 0.163037
0 0.514706 0.108586 0.743464 0.123737
0 0.743464 0.108586 0.939542 0.123737
0 0.514706 0.137626 0.743464 0.152778
0 0.743464 0.137626 0.939542 0.152778
0 0.096405 0.185606 0.111111 0.196970
0 0.096405 0.200758 0.111111 0.212121
0 0.096405 0.215909 0.111111 0.227273
0 0.684641 0.232323 0.699346 0.242424
0 0.754902 0.232323 0.769608 0.242424
0 0.825163 0.232323 0.839869 0.242424
0 0.684641 0.255051 0.934641 0.271465
0 0.684641 0.289141 0.699346 0.300505
0 0.754902 0.289141 0.769608 0.300505
0 0.096405 0.303030 0.111111 0.314394
0 0.684641 0.343434 0.936275 0.358586
0 0.143791 0.378788 0.158497 0.388889
0 0.307190 0.378788 0.321895 0.388889
0 0.460784 0.378788 0.475490 0.388889
0 0.684641 0.378788 0.699346 0.388889
0 0.143791 0.393939 0.158497 0.404040
0 0.143791 0.424242 0.158497 0.434343
0 0.143791 0.454545 0.158497 0.464646
0 0.143791 0.469697 0.158497 0.479798
0 0.143791 0.500000 0.158497 0.510101
0 0.143791 0.515152 0.158497 0.525253
0 0.684641 0.544192 0.699346 0.554293
0 0.754902 0.544192 0.769608 0.554293
0 0.096405 0.559343 0.111111 0.569444
0 0.813725 0.554924 0.934641 0.570076
0 0.060458 0.674242 0.442810 0.690657
0 0.442810 0.674242 0.606209 0.690657
0 0.606209 0.674242 0.753268 0.690657
0 0.836601 0.678030 0.851307 0.688131
0 0.060458 0.689394 0.442810 0.705808
0 0.442810 0.689394 0.606209 0.705808
0 0.606209 0.689394 0.753268 0.705808
0 0.836601 0.693182 0.851307 0.703283
0 0.060458 0.704545 0.442810 0.720960
0 0.442810 0.704545 0.606209 0.720960
0 0.606209 0.704545 0.753268 0.720960
0 0.836601 0.708333 0.851307 0.718434
0 0.060458 0.719697 0.442810 0.736111
0 0.442810 0.719697 0.606209 0.736111
0 0.606209 0.719697 0.753268 0.736111
0 0.836601 0.723485 0.851307 0.733586
0 0.754902 0.739899 0.769608 0.751263
0 0.825163 0.739899 0.839869 0.751263
0 0.754902 0.755051 0.769608 0.766414
0 0.825163 0.755051 0.839869 0.766414
0 0.754902 0.770202 0.769608 0.781566
0 0.825163 0.770202 0.839869 0.781566
0 0.754902 0.785354 0.769608 0.796717
0 0.825163 0.785354 0.839869 0.796717
0 0.754902 0.800505 0.769608 0.811869
0 0.825163 0.800505 0.839869 0.811869
0 0.754902 0.815657 0.769608 0.827020
0 0.825163 0.815657 0.839869 0.827020
0 0.754902 0.830808 0.769608 0.842172
0 0.825163 0.830808 0.839869 0.842172
0 0.754902 0.845960 0.769608 0.857323
0 0.825163 0.845960 0.839869 0.857323
0 0.756536 0.918561 0.939542 0.936237
