0 0.876505 0.121217 0.896114 0.136369
0 0.911800 0.121217 0.931409 0.136369
0 0.876505 0.151519 0.896114 0.166671
0 0.911800 0.151519 0.931409 0.166671
0 0.876505 0.166673 0.896114 0.181826
0 0.911800 0.166673 0.931409 0.181826
0 0.876505 0.181824 0.896114 0.196976
0 0.911800 0.181824 0.931409 0.196976
0 0.876505 0.212130 0.896114 0.227282
0 0.911800 0.212130 0.931409 0.227282
0 0.876505 0.257586 0.896114 0.272738
0 0.911800 0.257586 0.931409 0.272738
0 0.876505 0.303043 0.896114 0.318195
0 0.911800 0.303043 0.931409 0.318195
0 0.805260 0.320719 0.818333 0.330820
0 0.876505 0.348499 0.896114 0.363651
0 0.911800 0.348499 0.931409 0.363651
0 0.876505 0.363650 0.896114 0.378802
0 0.911800 0.363650 0.931409 0.378802
0 0.452305 0.396481 0.465378 0.406582
0 0.876505 0.424257 0.896114 0.439409
0 0.911800 0.424257 0.931409 0.439409
0 0.876505 0.484868 0.896114 0.500020
0 0.911800 0.484868 0.931409 0.500020
0 0.593487 0.517695 0.606560 0.527797
0 0.876505 0.530324 0.896114 0.545477
0 0.911800 0.530324 0.931409 0.545477
0 0.876505 0.560626 0.896114 0.575778
0 0.911800 0.560626 0.931409 0.575778
0 0.876505 0.606083 0.896114 0.621235
0 0.911800 0.606083 0.931409 0.621235
0 0.876505 0.636388 0.896114 0.651540
0 0.911800 0.636388 0.931409 0.651540
0 0.876505 0.651539 0.896114 0.666691
0 0.911800 0.651539 0.931409 0.666691
0 0.876505 0.681844 0.896114 0.696997
0 0.911800 0.681844 0.931409 0.696997
0 0.876505 0.712150 0.896114 0.727302
0 0.911800 0.712150 0.931409 0.727302
0 0.876505 0.757606 0.896114 0.772758
0 0.911800 0.757606 0.931409 0.772758
0 0.805260 0.775283 0.818333 0.785384
0 0.876505 0.803063 0.896114 0.818215
0 0.911800 0.803063 0.931409 0.818215
0 0.876505 0.863670 0.896114 0.878822
0 0.911800 0.863670 0.931409 0.878822
0 0.876505 0.878821 0.896114 0.893973
0 0.911800 0.878821 0.931409 0.893973
0 0.876505 0.909126 0.896114 0.924279
0 0.911800 0.909126 0.931409 0.924279
