0 0.470607 0.106064 0.564728 0.121215
0 0.670941 0.106064 0.752971 0.121215
0 0.777481 0.106064 0.800031 0.121215
0 0.058826 0.133845 0.669389 0.151524
0 0.058826 0.164147 0.669389 0.181826
0 0.058826 0.194452 0.669389 0.227282
0 0.058826 0.239909 0.669389 0.257587
0 0.670615 0.133845 0.941213 0.151524
0 0.722904 0.176772 0.735977 0.186874
0 0.722904 0.191923 0.735977 0.202025
0 0.722904 0.214655 0.735977 0.224757
0 0.722904 0.237380 0.735977 0.247481
0 0.722904 0.260108 0.735977 0.270209
0 0.058826 0.270214 0.445851 0.287893
0 0.447076 0.270214 0.669389 0.287893
0 0.188243 0.290413 0.201315 0.300515
0 0.329425 0.290413 0.342497 0.300515
0 0.458841 0.290413 0.471914 0.300515
0 0.329425 0.305568 0.342497 0.315669
0 0.458841 0.305568 0.471914 0.315669
0 0.670615 0.300516 0.941213 0.318195
0 0.811797 0.348500 0.941213 0.363651
0 0.811797 0.363651 0.941213 0.378802
0 0.647084 0.378802 0.775276 0.393953
0 0.811797 0.393957 0.941213 0.409107
0 0.811797 0.409107 0.941213 0.424258
0 0.811797 0.424258 0.941213 0.439409
0 0.811797 0.439413 0.941213 0.454564
0 0.352955 0.454564 0.764736 0.469715
0 0.811797 0.454564 0.941213 0.469715
0 0.811797 0.469715 0.941213 0.484866
0 0.811797 0.500020 0.941213 0.515171
0 0.811797 0.515171 0.941213 0.530322
0 0.647084 0.530326 0.775276 0.545477
0 0.647084 0.545477 0.775276 0.560627
0 0.811797 0.560627 0.941213 0.575778
0 0.811797 0.590933 0.941213 0.606084
0 0.423546 0.606084 0.764736 0.621235
0 0.105887 0.621238 0.764736 0.636389
0 0.811797 0.621238 0.941213 0.636389
0 0.811797 0.636389 0.941213 0.651540
0 0.811797 0.666695 0.941213 0.681846
0 0.811797 0.681846 0.941213 0.696997
0 0.811797 0.696997 0.941213 0.712148
0 0.811797 0.712151 0.941213 0.727302
0 0.811797 0.727302 0.941213 0.742453
0 0.811797 0.742453 0.941213 0.757604
0 0.647084 0.757608 0.775276 0.772758
0 0.811797 0.787909 0.941213 0.803060
0 0.811797 0.803064 0.941213 0.818215
0 0.811797 0.818215 0.941213 0.833366
0 0.811797 0.833366 0.941213 0.848517
0 0.811797 0.848520 0.941213 0.863671
0 0.811797 0.863671 0.941213 0.878822
