0 0.058826 0.075759 0.681154 0.090913
0 0.682380 0.075759 0.941213 0.090913
0 0.447076 0.212132 0.528207 0.227286
0 0.529433 0.212132 0.610563 0.227286
0 0.611789 0.212132 0.692919 0.227286
0 0.694145 0.212132 0.775276 0.227286
0 0.776501 0.212132 0.857632 0.227286
0 0.858857 0.212132 0.941213 0.227286
0 0.290933 0.227286 0.435311 0.242437
0 0.447076 0.227286 0.528207 0.242437
0 0.529433 0.227286 0.610563 0.242437
0 0.611789 0.227286 0.692919 0.242437
0 0.694145 0.227286 0.775276 0.242437
0 0.776501 0.227286 0.857632 0.242437
0 0.858857 0.227286 0.941213 0.242437
0 0.447076 0.242437 0.528207 0.257587
0 0.529433 0.242437 0.610563 0.257587
0 0.611789 0.242437 0.692919 0.257587
0 0.694145 0.242437 0.775276 0.257587
0 0.776501 0.242437 0.857632 0.257587
0 0.858857 0.242437 0.941213 0.257587
0 0.447076 0.272740 0.528207 0.287893
0 0.529433 0.272740 0.610563 0.287893
0 0.611789 0.272740 0.692919 0.287893
0 0.694145 0.272740 0.775276 0.287893
0 0.776501 0.272740 0.857632 0.287893
0 0.858857 0.272740 0.941213 0.287893
0 0.117652 0.318195 0.363495 0.333346
0 0.364720 0.318195 0.610563 0.333346
0 0.611789 0.318195 0.775276 0.333346
0 0.776501 0.318195 0.941213 0.333346
0 0.119286 0.393957 0.504677 0.409107
0 0.505902 0.393957 0.741206 0.409107
0 0.741206 0.393957 0.918337 0.409107
0 0.119286 0.409107 0.504677 0.424258
0 0.505902 0.409107 0.741206 0.424258
0 0.741206 0.409107 0.918337 0.424258
0 0.282364 0.469718 0.375260 0.484869
0 0.376485 0.469718 0.469381 0.484869
0 0.470607 0.469718 0.563502 0.484869
0 0.564728 0.469718 0.657624 0.484869
0 0.658849 0.469718 0.751745 0.484869
0 0.752971 0.469718 0.845867 0.484869
0 0.847092 0.469718 0.941213 0.484869
0 0.282364 0.484869 0.375260 0.500020
0 0.376485 0.484869 0.469381 0.500020
0 0.470607 0.484869 0.563502 0.500020
0 0.564728 0.484869 0.657624 0.500020
0 0.658849 0.484869 0.751745 0.500020
0 0.752971 0.484869 0.845867 0.500020
0 0.847092 0.484869 0.941213 0.500020
0 0.282364 0.500020 0.375260 0.515171
0 0.376485 0.500020 0.469381 0.515171
0 0.470607 0.500020 0.563502 0.515171
0 0.564728 0.500020 0.657624 0.515171
0 0.658849 0.500020 0.751745 0.515171
0 0.752971 0.500020 0.845867 0.515171
0 0.847092 0.500020 0.941213 0.515171
0 0.282364 0.515171 0.375260 0.530322
0 0.376485 0.515171 0.469381 0.530322
0 0.470607 0.515171 0.563502 0.530322
0 0.564728 0.515171 0.657624 0.530322
0 0.658849 0.515171 0.751745 0.530322
0 0.752971 0.515171 0.845867 0.530322
0 0.847092 0.515171 0.941213 0.530322
0 0.240532 0.548001 0.253605 0.558102
0 0.788266 0.575782 0.941213 0.590933
0 0.840556 0.608608 0.853628 0.618709
0 0.899382 0.608608 0.912454 0.618709
0 0.105887 0.696997 0.329425 0.712148
0 0.105887 0.712151 0.329425 0.727302
0 0.105887 0.727302 0.329425 0.742453
0 0.352955 0.696997 0.529433 0.712148
0 0.352955 0.712151 0.529433 0.727302
0 0.352955 0.727302 0.529433 0.742453
0 0.552963 0.696997 0.752971 0.712148
0 0.552963 0.712151 0.752971 0.727302
0 0.552963 0.727302 0.752971 0.742453
0 0.764736 0.727301 0.941213 0.742453
0 0.105887 0.742453 0.329425 0.757604
0 0.105887 0.757608 0.329425 0.772758
0 0.105887 0.772758 0.329425 0.787909
0 0.352955 0.742453 0.529433 0.757604
0 0.352955 0.757608 0.529433 0.772758
0 0.352955 0.772758 0.529433 0.787909
0 0.552963 0.742453 0.752971 0.757604
0 0.552963 0.757608 0.752971 0.772758
0 0.552963 0.772758 0.752971 0.787909
0 0.764736 0.772757 0.941213 0.787909
0 0.105887 0.787909 0.329425 0.803060
0 0.105887 0.803064 0.329425 0.818215
0 0.105887 0.818215 0.329425 0.833366
0 0.352955 0.787909 0.529433 0.803060
0 0.352955 0.803064 0.529433 0.818215
0 0.352955 0.818215 0.529433 0.833366
0 0.552963 0.787909 0.752971 0.803060
0 0.552963 0.803064 0.752971 0.818215
0 0.552963 0.818215 0.752971 0.833366
0 0.764736 0.818214 0.941213 0.833366
0 0.541198 0.833366 0.764736 0.848517
0 0.541198 0.848520 0.764736 0.863671
0 0.781730 0.881346 0.794802 0.891448
0 0.840556 0.881346 0.853628 0.891448
0 0.887617 0.881346 0.900689 0.891448
