0 0.811797 0.075762 0.941213 0.090913
0 0.811797 0.090913 0.941213 0.106064
0 0.840556 0.153413 0.855262 0.164777
0 0.899382 0.153413 0.914088 0.164777
0 0.840556 0.183718 0.855262 0.195082
0 0.899382 0.183718 0.914088 0.195082
0 0.840556 0.198869 0.855262 0.210233
0 0.899382 0.198869 0.914088 0.210233
0 0.776501 0.212131 0.941213 0.227282
0 0.105887 0.227282 0.941213 0.242433
0 0.105887 0.242433 0.941213 0.257584
0 0.105887 0.257587 0.941213 0.272738
0 0.811797 0.272738 0.923239 0.287889
0 0.811797 0.303044 0.941213 0.318195
0 0.811797 0.348500 0.941213 0.363651
0 0.811797 0.393957 0.941213 0.409107
0 0.811797 0.409107 0.941213 0.424258
0 0.811797 0.424258 0.941213 0.439409
0 0.811797 0.454564 0.941213 0.469715
0 0.811797 0.484869 0.941213 0.500020
0 0.811797 0.500020 0.941213 0.515171
0 0.840556 0.517064 0.855262 0.528428
0 0.899382 0.517064 0.914088 0.528428
0 0.840556 0.547369 0.855262 0.558733
0 0.899382 0.547369 0.914088 0.558733
0 0.876505 0.636388 0.896114 0.651540
0 0.911800 0.636388 0.931409 0.651540
0 0.876505 0.666694 0.896114 0.681846
0 0.911800 0.666694 0.931409 0.681846
