0 0.899382 0.123742 0.912454 0.133844
0 0.899382 0.138893 0.912454 0.148995
0 0.840556 0.214655 0.853628 0.224757
0 0.899382 0.214655 0.912454 0.224757
0 0.811797 0.242433 0.941213 0.257584
0 0.811797 0.257587 0.941213 0.272738
0 0.811797 0.318195 0.941213 0.333346
0 0.811797 0.348500 0.941213 0.363651
0 0.811797 0.378802 0.941213 0.393953
0 0.811797 0.409107 0.941213 0.424258
0 0.899382 0.472239 0.912454 0.482340
0 0.899382 0.517695 0.912454 0.527797
0 0.840556 0.548001 0.853628 0.558102
0 0.899382 0.548001 0.912454 0.558102
0 0.840556 0.563152 0.853628 0.573253
0 0.899382 0.563152 0.912454 0.573253
0 0.840556 0.578306 0.853628 0.588408
0 0.899382 0.578306 0.912454 0.588408
0 0.840556 0.593457 0.853628 0.603558
0 0.899382 0.593457 0.912454 0.603558
0 0.840556 0.608608 0.853628 0.618709
0 0.899382 0.608608 0.912454 0.618709
0 0.400016 0.621238 0.941213 0.636389
0 0.105887 0.636389 0.941213 0.651540
0 0.105887 0.651540 0.941213 0.666691
0 0.105887 0.666695 0.941213 0.681846
0 0.105887 0.681846 0.941213 0.696997
0 0.105887 0.696997 0.941213 0.712148
0 0.840556 0.729826 0.853628 0.739928
0 0.899382 0.729826 0.912454 0.739928
0 0.411781 0.757608 0.823562 0.772758
0 0.154581 0.876298 0.398790 0.893977
0 0.803298 0.867458 0.816370 0.877559
0 0.847092 0.876298 0.941213 0.893977
0 0.247069 0.893977 0.751745 0.909128
0 0.247069 0.909128 0.751745 0.924279
0 0.823562 0.893977 0.941213 0.909128
0 0.823562 0.909128 0.941213 0.924279
