0 0.470588 0.136364 0.882353 0.151514
0 0.117647 0.227273 0.176471 0.242423
0 0.086275 0.244316 0.100980 0.255679
0 0.086275 0.274620 0.100980 0.285984
0 0.705882 0.272727 0.758497 0.287878
0 0.086275 0.304924 0.100980 0.316288
0 0.414706 0.318182 0.494118 0.333332
0 0.058824 0.409091 0.635294 0.424241
0 0.152941 0.424241 0.364706 0.439391
0 0.423529 0.515150 0.823529 0.530300
0 0.200000 0.530304 0.262745 0.545455
0 0.320588 0.530304 0.435294 0.545455
0 0.541176 0.530304 0.603922 0.545455
0 0.294118 0.696968 0.494118 0.712119
