0 0.658824 0.151514 0.788235 0.166666
0 0.788235 0.151514 0.867320 0.166666
0 0.658824 0.196969 0.788235 0.212120
0 0.788235 0.196969 0.867320 0.212120
0 0.658824 0.227272 0.788235 0.242424
0 0.788235 0.227272 0.867320 0.242424
0 0.658824 0.257576 0.788235 0.272728
0 0.788235 0.257576 0.867320 0.272728
0 0.658824 0.287880 0.788235 0.303032
0 0.788235 0.287880 0.867320 0.303032
0 0.658824 0.333335 0.788235 0.348486
0 0.788235 0.333335 0.867320 0.348486
0 0.658824 0.363638 0.788235 0.378790
0 0.788235 0.363638 0.867320 0.378790
0 0.658824 0.393942 0.788235 0.409094
0 0.788235 0.393942 0.867320 0.409094
0 0.658824 0.409094 0.788235 0.424244
0 0.788235 0.409094 0.867320 0.424244
0 0.658824 0.469699 0.788235 0.484852
0 0.788235 0.469699 0.867320 0.484852
0 0.658824 0.500004 0.788235 0.515156
0 0.788235 0.500004 0.867320 0.515156
0 0.658824 0.545459 0.788235 0.560610
0 0.788235 0.545459 0.867320 0.560610
0 0.658824 0.575762 0.788235 0.590914
0 0.788235 0.575762 0.867320 0.590914
0 0.658824 0.621217 0.788235 0.636372
0 0.788235 0.621217 0.867320 0.636372
0 0.658824 0.636372 0.788235 0.651522
0 0.788235 0.636372 0.867320 0.651522
0 0.658824 0.651522 0.788235 0.666673
0 0.788235 0.651522 0.867320 0.666673
0 0.658824 0.666673 0.788235 0.681823
0 0.788235 0.666673 0.867320 0.681823
0 0.658824 0.712125 0.788235 0.727277
0 0.788235 0.712125 0.867320 0.727277
