0 0.557538 0.151524 0.679112 0.166043
0 0.131051 0.214655 0.144123 0.224757
0 0.601658 0.214655 0.614730 0.224757
0 0.131051 0.229810 0.144123 0.239911
0 0.601658 0.229810 0.614730 0.239911
0 0.131051 0.244961 0.144123 0.255062
0 0.105887 0.275266 0.118959 0.285368
0 0.105887 0.290413 0.118959 0.300515
0 0.294129 0.303040 0.494137 0.333346
0 0.494137 0.303040 0.705910 0.333346
0 0.705910 0.303040 0.941213 0.333346
0 0.105887 0.348500 0.705910 0.378806
0 0.105887 0.393957 0.941213 0.409107
0 0.105887 0.424262 0.941213 0.439413
0 0.705910 0.363655 0.941213 0.378806
0 0.105887 0.454568 0.705910 0.469718
0 0.705910 0.454568 0.941213 0.469718
0 0.105887 0.484869 0.517667 0.500020
0 0.928141 0.487393 0.941213 0.497495
0 0.131051 0.517699 0.144123 0.527800
0 0.131051 0.532854 0.144123 0.542955
0 0.131051 0.548004 0.144123 0.558106
0 0.131051 0.563155 0.144123 0.573257
0 0.554597 0.517699 0.567669 0.527800
0 0.554597 0.532854 0.567669 0.542955
0 0.554597 0.548004 0.567669 0.558106
0 0.131051 0.593461 0.144123 0.603562
0 0.554597 0.593461 0.567669 0.603562
0 0.131051 0.608612 0.144123 0.618713
0 0.554597 0.608612 0.567669 0.618713
0 0.105887 0.636394 0.941213 0.651548
0 0.105887 0.666696 0.941213 0.681850
0 0.105887 0.697002 0.941213 0.712155
0 0.105887 0.730142 0.118959 0.740243
0 0.105887 0.744665 0.118959 0.754767
0 0.388251 0.730146 0.401323 0.740247
0 0.791861 0.742457 0.941213 0.756976
0 0.705910 0.787913 0.941213 0.803068
