0 0.557516 0.136362 0.694118 0.151512
0 0.129412 0.199490 0.142484 0.209591
0 0.129412 0.214644 0.142484 0.224745
0 0.105882 0.229794 0.118954 0.239895
0 0.105882 0.244944 0.118954 0.255045
0 0.305882 0.257572 0.505882 0.287875
0 0.505882 0.257572 0.658824 0.287875
0 0.658824 0.257572 0.941176 0.287875
0 0.741176 0.290083 0.754248 0.300184
0 0.105882 0.318180 0.598775 0.333333
0 0.600000 0.318180 0.941176 0.333333
0 0.105882 0.348480 0.941176 0.363633
0 0.105882 0.378784 0.941176 0.393937
0 0.105882 0.409088 0.598775 0.424241
0 0.600000 0.409088 0.941176 0.424241
0 0.105882 0.439388 0.516422 0.454541
0 0.922876 0.441915 0.935948 0.452016
0 0.376471 0.457065 0.389542 0.467166
0 0.576471 0.457065 0.589542 0.467166
0 0.117647 0.472215 0.130719 0.482316
0 0.435294 0.472215 0.448366 0.482316
0 0.509477 0.484845 0.941176 0.499995
0 0.788235 0.499995 0.941176 0.515145
0 0.105882 0.532823 0.118954 0.542924
0 0.105882 0.547973 0.118954 0.558074
0 0.105882 0.563123 0.118954 0.573224
0 0.105882 0.578277 0.118954 0.588378
0 0.542810 0.532823 0.555882 0.542924
0 0.542810 0.547973 0.555882 0.558074
0 0.542809 0.563123 0.555881 0.573224
0 0.658824 0.712111 0.788235 0.727262
0 0.788235 0.712111 0.867320 0.727262
0 0.658824 0.727262 0.788235 0.742412
0 0.788235 0.727262 0.867320 0.742412
0 0.658824 0.757563 0.788235 0.772716
0 0.788235 0.757563 0.867320 0.772716
0 0.658824 0.772716 0.788235 0.787866
0 0.788235 0.772716 0.867320 0.787866
0 0.658824 0.803017 0.788235 0.818170
0 0.788235 0.803017 0.867320 0.818170
0 0.658824 0.848473 0.788235 0.863624
0 0.788235 0.848473 0.867320 0.863624
0 0.682353 0.924232 0.941176 0.939386
