0 0.096409 0.178036 0.116018 0.193188
0 0.131705 0.178036 0.151313 0.193188
0 0.096409 0.246221 0.116018 0.261373
0 0.131705 0.246221 0.151313 0.261373
0 0.096409 0.344711 0.116018 0.359863
0 0.131705 0.344711 0.151313 0.359863
0 0.096409 0.382590 0.116018 0.397742
0 0.131705 0.382590 0.151313 0.397742
0 0.096409 0.420473 0.116018 0.435625
0 0.131705 0.420473 0.151313 0.435625
0 0.096409 0.473503 0.116018 0.488655
0 0.131705 0.473503 0.151313 0.488655
0 0.096409 0.534114 0.116018 0.549266
0 0.131705 0.534114 0.151313 0.549266
0 0.096409 0.587147 0.116018 0.602300
0 0.131705 0.587147 0.151313 0.602300
0 0.096409 0.625027 0.116018 0.640179
0 0.131705 0.625027 0.151313 0.640179
0 0.764736 0.704574 0.882388 0.727302
0 0.058826 0.765185 0.411781 0.787913
0 0.447076 0.765185 0.800031 0.787913
0 0.141182 0.909128 0.852975 0.954584
