0 0.447059 0.106059 0.843131 0.121210
0 0.141176 0.166668 0.197712 0.181818
0 0.097384 0.184342 0.110456 0.194443
0 0.097384 0.214646 0.110456 0.224747
0 0.658824 0.212122 0.753701 0.227273
0 0.097384 0.244947 0.110456 0.255048
0 0.317647 0.257577 0.448008 0.272727
0 0.058824 0.318182 0.685761 0.333332
0 0.141176 0.333332 0.350681 0.348482
0 0.400000 0.454545 0.800940 0.469696
0 0.200000 0.469696 0.263590 0.484846
0 0.317647 0.469696 0.452065 0.484846
0 0.552941 0.469696 0.621926 0.484846
0 0.282353 0.590909 0.490964 0.606059
0 0.094118 0.666668 0.623529 0.681821
0 0.094118 0.696968 0.623529 0.712121
0 0.094118 0.727273 0.623529 0.742425
