0 0.505902 0.129186 0.528256 0.145525
0 0.058826 0.196976 0.917683 0.219705
0 0.058826 0.242433 0.411781 0.265161
0 0.470607 0.242433 0.682380 0.265161
0 0.705910 0.242433 0.741206 0.265161
0 0.764736 0.242433 0.847092 0.265161
0 0.858857 0.242433 0.941213 0.265161
0 0.058826 0.287889 0.411781 0.310617
0 0.058826 0.333346 0.223538 0.356074
0 0.376485 0.333346 0.541198 0.356074
0 0.576493 0.333346 0.741206 0.356074
0 0.615057 0.394587 0.629763 0.405951
0 0.058826 0.439413 0.411781 0.462141
0 0.058826 0.484869 0.411781 0.507598
0 0.447076 0.484869 0.658849 0.507598
0 0.682380 0.484869 0.717675 0.507598
0 0.752971 0.484869 0.835327 0.507598
0 0.847092 0.484869 0.929448 0.507598
0 0.058826 0.530326 0.223538 0.553054
0 0.305894 0.530326 0.470607 0.553054
0 0.058826 0.719732 0.411781 0.742461
0 0.447076 0.719732 0.800031 0.742461
0 0.141182 0.909128 0.852975 0.954584
