0 0.058826 0.174248 0.929448 0.196976
0 0.294129 0.212131 0.364720 0.234859
0 0.541198 0.242433 0.588258 0.265161
0 0.670615 0.310617 0.717675 0.333346
0 0.741206 0.356074 0.811681 0.378802
0 0.823562 0.424262 0.882388 0.446990
0 0.058826 0.469715 0.929448 0.492443
0 0.058826 0.522748 0.929448 0.545477
0 0.152947 0.560627 0.317659 0.583356
0 0.564728 0.560627 0.635319 0.583356
0 0.635319 0.606084 0.752971 0.628812
0 0.447076 0.651540 0.494137 0.674268
0 0.058826 0.742453 0.105887 0.765181
0 0.600024 0.772758 0.717675 0.795487
0 0.258834 0.818215 0.376485 0.840943
0 0.141182 0.909128 0.852975 0.954584
