0 0.823562 0.090913 0.941213 0.106064
0 0.670615 0.121218 0.787041 0.136369
0 0.670615 0.136369 0.787041 0.151520
0 0.823562 0.151520 0.941213 0.166671
0 0.823562 0.166675 0.941213 0.181826
0 0.823562 0.181826 0.941213 0.196976
0 0.823562 0.196976 0.941213 0.212127
0 0.823562 0.227282 0.941213 0.242433
0 0.823562 0.272738 0.941213 0.287889
0 0.670615 0.303044 0.787041 0.318195
0 0.670615 0.318195 0.787041 0.333346
0 0.823562 0.333346 0.941213 0.348496
0 0.823562 0.348500 0.941213 0.363651
0 0.823562 0.363651 0.941213 0.378802
0 0.823562 0.378802 0.941213 0.393953
0 0.823562 0.424258 0.941213 0.439409
0 0.823562 0.484869 0.941213 0.500020
0 0.670615 0.515171 0.787041 0.530322
0 0.670615 0.530326 0.787041 0.545477
0 0.823562 0.545477 0.941213 0.560627
0 0.823562 0.560627 0.941213 0.575778
0 0.823562 0.575782 0.941213 0.590933
0 0.823562 0.590933 0.941213 0.606084
0 0.823562 0.621238 0.941213 0.636389
0 0.823562 0.666695 0.941213 0.681846
0 0.823562 0.696997 0.941213 0.712148
0 0.823562 0.742453 0.941213 0.757604
0 0.823562 0.757608 0.941213 0.772758
0 0.823562 0.772758 0.941213 0.787909
0 0.680419 0.805588 0.693491 0.815690
0 0.823562 0.818215 0.941213 0.833366
0 0.142816 0.906604 0.387025 0.924282
0 0.787939 0.899028 0.801012 0.909129
0 0.823562 0.906604 0.941213 0.924282
0 0.235303 0.924279 0.704684 0.939429
0 0.235303 0.939433 0.704684 0.954584
0 0.776501 0.924279 0.941213 0.939429
0 0.776501 0.939433 0.941213 0.954584
