0 0.058826 0.118690 0.775276 0.136369
0 0.776501 0.118690 0.941213 0.136369
0 0.248703 0.148996 0.845867 0.166675
0 0.847092 0.148996 0.941213 0.166675
0 0.248703 0.194454 0.775276 0.212131
0 0.923239 0.198242 0.936311 0.208343
0 0.248703 0.224758 0.504677 0.242437
0 0.507536 0.224758 0.775276 0.242437
0 0.776501 0.223772 0.941213 0.242437
0 0.823562 0.348500 0.941213 0.363651
0 0.516863 0.378802 0.576493 0.393953
0 0.823562 0.378802 0.941213 0.393953
0 0.823562 0.393957 0.941213 0.409107
0 0.823562 0.409107 0.941213 0.424258
0 0.823562 0.500020 0.941213 0.515171
0 0.823562 0.515171 0.941213 0.530322
0 0.823562 0.530326 0.941213 0.545477
0 0.823562 0.545477 0.941213 0.560627
0 0.823562 0.590933 0.941213 0.606084
0 0.670615 0.621238 0.787041 0.636389
0 0.670615 0.636389 0.787041 0.651540
0 0.670615 0.651540 0.787041 0.666691
0 0.823562 0.666695 0.941213 0.681846
0 0.823562 0.681846 0.941213 0.696997
0 0.823562 0.696997 0.941213 0.712148
0 0.823562 0.712151 0.941213 0.727302
0 0.823562 0.742453 0.941213 0.757604
0 0.823562 0.787909 0.941213 0.803060
0 0.670615 0.818215 0.787041 0.833366
0 0.670615 0.833366 0.787041 0.848517
0 0.823562 0.848520 0.941213 0.863671
0 0.823562 0.863671 0.941213 0.878822
0 0.823562 0.878822 0.941213 0.893973
0 0.823562 0.893977 0.941213 0.909128
0 0.823562 0.924279 0.941213 0.939429
