0 0.151961 0.060605 0.658824 0.075755
0 0.835294 0.060605 0.941176 0.075755
0 0.058824 0.204544 0.152941 0.219696
0 0.154575 0.174241 0.398775 0.189391
0 0.154575 0.189391 0.398775 0.204542
0 0.154575 0.204545 0.398775 0.219696
0 0.400000 0.204544 0.576471 0.219696
0 0.576471 0.204544 0.694118 0.219696
0 0.695752 0.174241 0.941176 0.189391
0 0.695752 0.189391 0.941176 0.204542
0 0.695752 0.204545 0.941176 0.219696
0 0.058824 0.249999 0.152941 0.265150
0 0.154575 0.219696 0.398775 0.234846
0 0.154575 0.234846 0.398775 0.249996
0 0.154575 0.250000 0.398775 0.265150
0 0.400000 0.249999 0.576471 0.265150
0 0.576471 0.249999 0.694118 0.265150
0 0.695752 0.219696 0.941176 0.234846
0 0.695752 0.234846 0.941176 0.249996
0 0.695752 0.250000 0.941176 0.265150
0 0.058824 0.295453 0.152941 0.310605
0 0.154575 0.265150 0.398775 0.280300
0 0.154575 0.280300 0.398775 0.295451
0 0.154575 0.295455 0.398775 0.310605
0 0.400000 0.295453 0.576471 0.310605
0 0.576471 0.295453 0.694118 0.310605
0 0.695752 0.265150 0.941176 0.280300
0 0.695752 0.280300 0.941176 0.295451
0 0.695752 0.295455 0.941176 0.310605
0 0.058824 0.340908 0.152941 0.356059
0 0.154575 0.310605 0.398775 0.325755
0 0.154575 0.325755 0.398775 0.340905
0 0.154575 0.340909 0.398775 0.356059
0 0.400000 0.340908 0.576471 0.356059
0 0.576471 0.340908 0.694118 0.356059
0 0.695752 0.310605 0.941176 0.325755
0 0.695752 0.325755 0.941176 0.340905
0 0.695752 0.340909 0.941176 0.356059
0 0.058824 0.386362 0.152941 0.401514
0 0.154575 0.356059 0.398775 0.371210
0 0.154575 0.371210 0.398775 0.386360
0 0.154575 0.386364 0.398775 0.401514
0 0.400000 0.386362 0.576471 0.401514
0 0.576471 0.386362 0.694118 0.401514
0 0.695752 0.356059 0.941176 0.371210
0 0.695752 0.371210 0.941176 0.386360
0 0.695752 0.386364 0.941176 0.401514
0 0.058824 0.431817 0.152941 0.446968
0 0.154575 0.401514 0.398775 0.416664
0 0.154575 0.416664 0.398775 0.431814
0 0.154575 0.431818 0.398775 0.446968
0 0.400000 0.431817 0.576471 0.446968
0 0.576471 0.431817 0.694118 0.446968
0 0.695752 0.401514 0.941176 0.416664
0 0.695752 0.416664 0.941176 0.431814
0 0.695752 0.431818 0.941176 0.446968
0 0.058824 0.477271 0.152941 0.492423
0 0.154575 0.446968 0.398775 0.462119
0 0.154575 0.462119 0.398775 0.477269
0 0.154575 0.477273 0.398775 0.492423
0 0.400000 0.477271 0.576471 0.492423
0 0.576471 0.477271 0.694118 0.492423
0 0.695752 0.446968 0.941176 0.462119
0 0.695752 0.462119 0.941176 0.477269
0 0.695752 0.477273 0.941176 0.492423
0 0.058824 0.522726 0.152941 0.537878
0 0.154575 0.492423 0.398775 0.507573
0 0.154575 0.507573 0.398775 0.522723
0 0.154575 0.522727 0.398775 0.537878
0 0.400000 0.522726 0.576471 0.537878
0 0.576471 0.522726 0.694118 0.537878
0 0.695752 0.492423 0.941176 0.507573
0 0.695752 0.507573 0.941176 0.522723
0 0.695752 0.522727 0.941176 0.537878
0 0.058824 0.568181 0.152941 0.583332
0 0.154575 0.537878 0.398775 0.553028
0 0.154575 0.553028 0.398775 0.568178
0 0.154575 0.568182 0.398775 0.583332
0 0.400000 0.568181 0.576471 0.583332
0 0.576471 0.568181 0.694118 0.583332
0 0.695752 0.537878 0.941176 0.553028
0 0.695752 0.553028 0.941176 0.568178
0 0.695752 0.568182 0.941176 0.583332
0 0.058824 0.613635 0.152941 0.628787
0 0.154575 0.583332 0.398775 0.598482
0 0.154575 0.598482 0.398775 0.613633
0 0.154575 0.613636 0.398775 0.628787
0 0.400000 0.613635 0.576471 0.628787
0 0.576471 0.613635 0.694118 0.628787
0 0.695752 0.583332 0.941176 0.598482
0 0.695752 0.598482 0.941176 0.613633
0 0.695752 0.613636 0.941176 0.628787
0 0.058824 0.659090 0.152941 0.674241
0 0.154575 0.628787 0.398775 0.643937
0 0.154575 0.643937 0.398775 0.659087
0 0.154575 0.659091 0.398775 0.674241
0 0.400000 0.659090 0.576471 0.674241
0 0.576471 0.659090 0.694118 0.674241
0 0.695752 0.628787 0.941176 0.643937
0 0.695752 0.643937 0.941176 0.659087
0 0.695752 0.659091 0.941176 0.674241
0 0.058824 0.704544 0.152941 0.719696
0 0.154575 0.674241 0.398775 0.689391
0 0.154575 0.689391 0.398775 0.704542
0 0.154575 0.704545 0.398775 0.719696
0 0.400000 0.704544 0.576471 0.719696
0 0.576471 0.704544 0.694118 0.719696
0 0.695752 0.674241 0.941176 0.689391
0 0.695752 0.689391 0.941176 0.704542
0 0.695752 0.704545 0.941176 0.719696
0 0.823529 0.772727 0.941176 0.787878
0 0.823529 0.787878 0.941176 0.803028
0 0.400000 0.878787 0.504657 0.893937
0 0.505882 0.878787 0.610539 0.893937
0 0.611765 0.878787 0.716422 0.893937
0 0.717647 0.878787 0.822304 0.893937
0 0.823529 0.878787 0.941176 0.893937
0 0.400000 0.893937 0.504657 0.909087
0 0.505882 0.893937 0.610539 0.909087
0 0.611765 0.893937 0.716422 0.909087
0 0.717647 0.893937 0.822304 0.909087
0 0.823529 0.893937 0.941176 0.909087
0 0.400000 0.909087 0.504657 0.924237
0 0.505882 0.909087 0.610539 0.924237
0 0.611765 0.909087 0.716422 0.924237
0 0.717647 0.909087 0.822304 0.924237
0 0.823529 0.909087 0.941176 0.924237
0 0.823529 0.924241 0.941176 0.939391
