0 0.151961 0.060605 0.658824 0.075755
0 0.835294 0.060605 0.941176 0.075755
0 0.133333 0.138572 0.146405 0.148673
0 0.368627 0.138572 0.381699 0.148673
0 0.129412 0.272726 0.247059 0.287878
0 0.248693 0.242423 0.634069 0.287878
0 0.635294 0.272726 0.775245 0.287878
0 0.776471 0.272726 0.941176 0.287878
0 0.129412 0.318181 0.247059 0.333332
0 0.248693 0.287878 0.634069 0.333332
0 0.635294 0.318181 0.775245 0.333332
0 0.776471 0.318181 0.941176 0.333332
0 0.129412 0.363635 0.247059 0.378787
0 0.248693 0.333332 0.634069 0.378787
0 0.635294 0.363635 0.775245 0.378787
0 0.776471 0.363635 0.941176 0.378787
0 0.129412 0.409090 0.247059 0.424241
0 0.248693 0.378787 0.634069 0.424241
0 0.635294 0.409090 0.775245 0.424241
0 0.776471 0.409090 0.941176 0.424241
0 0.129412 0.454544 0.247059 0.469696
0 0.248693 0.424241 0.634069 0.469696
0 0.635294 0.454544 0.775245 0.469696
0 0.776471 0.454544 0.941176 0.469696
0 0.129412 0.499999 0.247059 0.515150
0 0.248693 0.469696 0.634069 0.515150
0 0.635294 0.499999 0.775245 0.515150
0 0.776471 0.499999 0.941176 0.515150
0 0.129412 0.545453 0.247059 0.560605
0 0.248693 0.515150 0.634069 0.560605
0 0.635294 0.545453 0.775245 0.560605
0 0.776471 0.545453 0.941176 0.560605
0 0.129412 0.590908 0.247059 0.606059
0 0.248693 0.560605 0.634069 0.606059
0 0.635294 0.590908 0.775245 0.606059
0 0.776471 0.590908 0.941176 0.606059
0 0.129412 0.636362 0.247059 0.651514
0 0.248693 0.606059 0.634069 0.651514
0 0.635294 0.636362 0.775245 0.651514
0 0.776471 0.636362 0.941176 0.651514
0 0.129412 0.681817 0.247059 0.696968
0 0.248693 0.651514 0.634069 0.696968
0 0.635294 0.681817 0.775245 0.696968
0 0.776471 0.681817 0.941176 0.696968
0 0.129412 0.727271 0.247059 0.742423
0 0.248693 0.696968 0.634069 0.742423
0 0.635294 0.727271 0.775245 0.742423
0 0.776471 0.727271 0.941176 0.742423
0 0.129412 0.772726 0.247059 0.787878
0 0.248693 0.742423 0.634069 0.787878
0 0.635294 0.772726 0.775245 0.787878
0 0.776471 0.772726 0.941176 0.787878
0 0.776471 0.795455 0.941176 0.810605
0 0.823529 0.835225 0.836601 0.845326
0 0.894118 0.835225 0.907190 0.845326
