0 0.652941 0.134545 0.788235 0.154545
0 0.800000 0.134545 0.941176 0.154545
0 0.058824 0.220909 0.405882 0.236364
0 0.417647 0.220909 0.747059 0.236364
0 0.758824 0.220909 0.941176 0.236364
0 0.058824 0.252727 0.488235 0.268182
0 0.500000 0.252727 0.941176 0.268182
0 0.058824 0.284545 0.488235 0.300000
0 0.500000 0.284545 0.747059 0.300000
0 0.758824 0.284545 0.823529 0.300000
0 0.835294 0.284545 0.941176 0.300000
0 0.058824 0.316364 0.358824 0.331818
0 0.370588 0.316364 0.564706 0.331818
0 0.576471 0.316364 0.747059 0.331818
0 0.758824 0.316364 0.941176 0.331818
0 0.111765 0.348864 0.126471 0.360227
0 0.111765 0.367045 0.126471 0.378409
0 0.111895 0.384596 0.128235 0.397222
0 0.752941 0.448182 0.870588 0.460909
0 0.752941 0.466364 0.870588 0.479091
0 0.111765 0.502778 0.128105 0.515404
0 0.141176 0.534545 0.941176 0.550000
0 0.111765 0.557323 0.128105 0.569949
0 0.647059 0.557273 0.941176 0.570000
0 0.088235 0.607273 0.941176 0.622727
0 0.794118 0.632778 0.810458 0.645404
0 0.870588 0.632778 0.886928 0.645404
0 0.794118 0.682778 0.810458 0.695404
0 0.870588 0.682778 0.886928 0.695404
0 0.794118 0.728232 0.810458 0.740859
0 0.870588 0.728232 0.886928 0.740859
0 0.058824 0.930000 0.788235 0.954545
0 0.800000 0.930000 0.941176 0.954545
