0 0.611609 0.075759 0.658824 0.090909
0 0.058824 0.133840 0.709810 0.166668
0 0.709810 0.133840 0.941176 0.166668
0 0.828162 0.169192 0.841234 0.179293
0 0.886980 0.169192 0.900052 0.179293
0 0.329412 0.181818 0.811765 0.196968
0 0.828162 0.214646 0.841234 0.224747
0 0.886980 0.214646 0.900052 0.224747
0 0.828157 0.260097 0.841229 0.270198
0 0.886975 0.260097 0.900047 0.270198
0 0.473778 0.272727 0.941176 0.287878
0 0.352770 0.378790 0.482103 0.393941
0 0.352770 0.424245 0.482103 0.439395
0 0.788230 0.348486 0.941348 0.363636
0 0.788230 0.363636 0.941348 0.378787
0 0.788230 0.393941 0.941348 0.409091
0 0.058652 0.560606 0.141005 0.575759
0 0.152770 0.560606 0.258652 0.575759
0 0.270417 0.560606 0.327606 0.575759
0 0.341005 0.560606 0.446887 0.575759
0 0.458652 0.560606 0.564534 0.575759
0 0.576299 0.560606 0.682181 0.575759
0 0.682181 0.560606 0.735123 0.575759
0 0.764534 0.560606 0.870417 0.575759
0 0.870417 0.560606 0.923358 0.575759
0 0.058652 0.590910 0.141005 0.606063
0 0.141005 0.590910 0.258652 0.606063
0 0.258652 0.590910 0.327606 0.606063
0 0.329240 0.590910 0.446887 0.606063
0 0.446887 0.590910 0.564534 0.606063
0 0.564534 0.590910 0.682181 0.606063
0 0.682181 0.590910 0.751136 0.606063
0 0.752770 0.590910 0.870417 0.606063
0 0.870417 0.590910 0.941005 0.606063
0 0.058652 0.621215 0.141005 0.636367
0 0.141005 0.621215 0.258652 0.636367
0 0.258652 0.621215 0.327606 0.636367
0 0.329240 0.621215 0.446887 0.636367
0 0.446887 0.621215 0.564534 0.636367
0 0.564534 0.621215 0.682181 0.636367
0 0.682181 0.621215 0.751136 0.636367
0 0.752770 0.621215 0.870417 0.636367
0 0.870417 0.621215 0.941005 0.636367
0 0.058652 0.651519 0.141005 0.666672
0 0.141005 0.651519 0.258652 0.666672
0 0.258652 0.651519 0.327606 0.666672
0 0.329240 0.651519 0.446887 0.666672
0 0.446887 0.651519 0.564534 0.666672
0 0.564534 0.651519 0.682181 0.666672
0 0.682181 0.651519 0.751136 0.666672
0 0.752770 0.651519 0.870417 0.666672
0 0.870417 0.651519 0.941005 0.666672
0 0.058652 0.681823 0.141005 0.696976
0 0.141005 0.681823 0.258652 0.696976
0 0.258652 0.681823 0.327606 0.696976
0 0.329240 0.681823 0.446887 0.696976
0 0.446887 0.681823 0.564534 0.696976
0 0.564534 0.681823 0.682181 0.696976
0 0.682181 0.681823 0.751136 0.696976
0 0.752770 0.681823 0.870417 0.696976
0 0.870417 0.681823 0.941005 0.696976
0 0.058652 0.712128 0.141005 0.727280
0 0.141005 0.712128 0.258652 0.727280
0 0.258652 0.712128 0.327606 0.727280
0 0.329240 0.712128 0.446887 0.727280
0 0.446887 0.712128 0.564534 0.727280
0 0.564534 0.712128 0.682181 0.727280
0 0.682181 0.712128 0.751136 0.727280
0 0.752770 0.712128 0.870417 0.727280
0 0.870417 0.712128 0.941005 0.727280
0 0.058652 0.742432 0.141005 0.757585
0 0.141005 0.742432 0.258652 0.757585
0 0.258652 0.742432 0.327606 0.757585
0 0.329240 0.742432 0.446887 0.757585
0 0.446887 0.742432 0.564534 0.757585
0 0.564534 0.742432 0.682181 0.757585
0 0.682181 0.742432 0.751136 0.757585
0 0.752770 0.742432 0.870417 0.757585
0 0.870417 0.742432 0.941005 0.757585
0 0.058652 0.772736 0.141005 0.787889
0 0.141005 0.772736 0.258652 0.787889
0 0.258652 0.772736 0.327606 0.787889
0 0.329240 0.772736 0.446887 0.787889
0 0.446887 0.772736 0.564534 0.787889
0 0.564534 0.772736 0.682181 0.787889
0 0.682181 0.772736 0.751136 0.787889
0 0.752770 0.772736 0.870417 0.787889
0 0.870417 0.772736 0.941005 0.787889
0 0.058652 0.803040 0.141005 0.818193
0 0.141005 0.803040 0.258652 0.818193
0 0.258652 0.803040 0.327606 0.818193
0 0.329240 0.803040 0.446887 0.818193
0 0.446887 0.803040 0.564534 0.818193
0 0.564534 0.803040 0.682181 0.818193
0 0.682181 0.803040 0.751136 0.818193
0 0.752770 0.803040 0.870417 0.818193
0 0.870417 0.803040 0.941005 0.818193
0 0.058652 0.833345 0.141005 0.848497
0 0.141005 0.833345 0.258652 0.848497
0 0.258652 0.833345 0.327606 0.848497
0 0.329240 0.833345 0.446887 0.848497
0 0.446887 0.833345 0.564534 0.848497
0 0.564534 0.833345 0.682181 0.848497
0 0.682181 0.833345 0.751136 0.848497
0 0.752770 0.833345 0.870417 0.848497
0 0.870417 0.833345 0.941005 0.848497
0 0.058652 0.863649 0.141005 0.878802
0 0.141005 0.863649 0.258652 0.878802
0 0.258652 0.863649 0.327606 0.878802
0 0.329240 0.863649 0.446887 0.878802
0 0.446887 0.863649 0.564534 0.878802
0 0.564534 0.863649 0.682181 0.878802
0 0.682181 0.863649 0.751136 0.878802
0 0.752770 0.863649 0.870417 0.878802
0 0.870417 0.863649 0.941005 0.878802
0 0.152770 0.909105 0.258652 0.924256
0 0.258652 0.909105 0.329240 0.924256
0 0.341005 0.909105 0.446887 0.924256
0 0.458652 0.909105 0.564534 0.924256
0 0.576299 0.909105 0.682181 0.924256
0 0.682181 0.909105 0.752770 0.924256
0 0.764534 0.909105 0.870417 0.924256
0 0.870417 0.909105 0.941005 0.924256
