0 0.186554 0.090437 0.316505 0.105587
0 0.212052 0.105587 0.342003 0.120737
0 0.269315 0.135891 0.341464 0.151042
0 0.517935 0.135891 0.588523 0.151042
0 0.588523 0.135891 0.659111 0.151042
0 0.800288 0.135891 0.870876 0.151042
0 0.294405 0.151042 0.341464 0.166192
0 0.517935 0.181343 0.588523 0.196496
0 0.588523 0.181343 0.659111 0.196496
0 0.659111 0.181343 0.729699 0.196496
0 0.729699 0.181343 0.800288 0.196496
0 0.870876 0.181343 0.941464 0.196496
0 0.517935 0.196496 0.588523 0.211646
0 0.659111 0.196496 0.729699 0.211646
0 0.870876 0.196496 0.941464 0.211646
0 0.517935 0.211646 0.588523 0.226797
0 0.659111 0.211646 0.729699 0.226797
0 0.870876 0.211646 0.941464 0.226797
0 0.659111 0.241948 0.729699 0.257101
0 0.729699 0.241948 0.800288 0.257101
0 0.659111 0.257101 0.729699 0.272251
0 0.517935 0.272251 0.588523 0.287402
0 0.447346 0.287402 0.517935 0.302552
0 0.659111 0.287402 0.729699 0.302552
0 0.870876 0.287402 0.941464 0.302552
0 0.447346 0.317703 0.517935 0.332856
0 0.659111 0.317703 0.729699 0.332856
0 0.870876 0.317703 0.941464 0.332856
0 0.447346 0.332856 0.517935 0.348006
0 0.659111 0.332856 0.729699 0.348006
0 0.870876 0.332856 0.941464 0.348006
0 0.447346 0.348006 0.517935 0.363157
0 0.659111 0.348006 0.729699 0.363157
0 0.870876 0.348006 0.941464 0.363157
0 0.447346 0.363157 0.517935 0.378307
0 0.659111 0.363157 0.729699 0.378307
0 0.588523 0.378307 0.659111 0.393457
0 0.447346 0.393457 0.517935 0.408607
0 0.729699 0.393457 0.800288 0.408607
0 0.870876 0.393457 0.941464 0.408607
0 0.447346 0.423759 0.517935 0.438912
0 0.870876 0.423759 0.941464 0.438912
0 0.447346 0.438912 0.517935 0.454062
0 0.729699 0.438912 0.800288 0.454062
0 0.870876 0.438912 0.941464 0.454062
0 0.447346 0.454062 0.517935 0.469212
0 0.729699 0.454062 0.800288 0.469212
0 0.588523 0.469212 0.659111 0.484362
0 0.729699 0.469212 0.800288 0.484362
0 0.517935 0.484362 0.588523 0.499513
0 0.870876 0.484362 0.941464 0.499513
0 0.106170 0.514664 0.435582 0.529817
0 0.517935 0.514664 0.588523 0.529817
0 0.588523 0.514664 0.659111 0.529817
0 0.659111 0.514664 0.729699 0.529817
0 0.729699 0.514664 0.800288 0.529817
0 0.106170 0.529817 0.435582 0.544967
0 0.517935 0.529817 0.588523 0.544967
0 0.588523 0.529817 0.659111 0.544967
0 0.659111 0.529817 0.729699 0.544967
0 0.729699 0.529817 0.800288 0.544967
0 0.659111 0.544967 0.729699 0.560117
0 0.729699 0.544967 0.800288 0.560117
0 0.659111 0.560133 0.729699 0.575283
0 0.729699 0.560133 0.800288 0.575283
0 0.058824 0.591619 0.447346 0.605587
0 0.447346 0.575283 0.517935 0.605587
0 0.659111 0.575283 0.729699 0.605587
0 0.800288 0.575283 0.870876 0.605587
0 0.870876 0.575283 0.941464 0.605587
0 0.058824 0.605587 0.447346 0.620737
0 0.058824 0.620737 0.447346 0.635888
0 0.058824 0.635888 0.447346 0.651038
0 0.376471 0.651038 0.423529 0.666188
0 0.447346 0.651038 0.517935 0.666188
0 0.659111 0.651038 0.729699 0.666188
0 0.870876 0.651038 0.941464 0.666188
0 0.376471 0.666188 0.423529 0.681338
0 0.447346 0.666188 0.517935 0.681338
0 0.800288 0.666188 0.870876 0.681338
0 0.870876 0.666188 0.941464 0.681338
0 0.376471 0.681338 0.423529 0.696489
0 0.447346 0.681338 0.517935 0.696489
0 0.376471 0.696489 0.423529 0.711639
0 0.447346 0.696489 0.517935 0.711639
0 0.376471 0.711639 0.423529 0.726789
0 0.447346 0.711639 0.517935 0.726789
0 0.058824 0.726789 0.364234 0.741939
0 0.058824 0.741939 0.364234 0.757090
0 0.058824 0.757090 0.364234 0.772240
0 0.376471 0.757090 0.447059 0.772240
0 0.447346 0.757090 0.517935 0.772240
0 0.659111 0.757090 0.729699 0.772240
0 0.870876 0.757090 0.941464 0.772240
0 0.058824 0.772240 0.364234 0.787390
0 0.376471 0.772240 0.447059 0.787390
0 0.447346 0.772240 0.517935 0.787390
0 0.058824 0.787390 0.364234 0.802540
0 0.376471 0.787390 0.447059 0.802540
0 0.447346 0.787390 0.517935 0.802540
0 0.517935 0.802540 0.588523 0.817691
0 0.517935 0.817691 0.588523 0.832841
0 0.588523 0.817691 0.659111 0.832841
0 0.659111 0.817691 0.729699 0.832841
0 0.729699 0.817691 0.800288 0.832841
0 0.517935 0.832841 0.588523 0.847991
0 0.588523 0.832841 0.659111 0.847991
0 0.800288 0.832841 0.870876 0.847991
0 0.223761 0.847991 0.262979 0.863141
0 0.517935 0.847991 0.588523 0.863141
0 0.588523 0.847991 0.659111 0.863141
0 0.800288 0.847991 0.870876 0.863141
0 0.870876 0.847991 0.941464 0.863141
