0 0.186554 0.121832 0.316505 0.136982
0 0.212052 0.136982 0.342003 0.152133
0 0.269315 0.167287 0.341464 0.182437
0 0.517935 0.167287 0.588523 0.182437
0 0.588523 0.167287 0.659111 0.182437
0 0.800288 0.167287 0.870876 0.182437
0 0.294405 0.182437 0.341464 0.197587
0 0.517935 0.197587 0.588523 0.227891
0 0.588523 0.197587 0.659111 0.227891
0 0.659111 0.197587 0.729699 0.227891
0 0.729699 0.197587 0.800288 0.227891
0 0.870876 0.197587 0.941464 0.227891
0 0.517935 0.227891 0.588523 0.243042
0 0.659111 0.227891 0.729699 0.243042
0 0.870876 0.227891 0.941464 0.243042
0 0.517935 0.243042 0.588523 0.258192
0 0.659111 0.243042 0.729699 0.258192
0 0.870876 0.243042 0.941464 0.258192
0 0.659111 0.258192 0.729699 0.288496
0 0.729699 0.258192 0.800288 0.288496
0 0.659111 0.288496 0.729699 0.303646
0 0.517935 0.303646 0.588523 0.318797
0 0.447346 0.318797 0.517935 0.333947
0 0.659111 0.318797 0.729699 0.333947
0 0.870876 0.318797 0.941464 0.333947
0 0.447346 0.333947 0.517935 0.364251
0 0.659111 0.333947 0.729699 0.364251
0 0.870876 0.333947 0.941464 0.364251
0 0.447346 0.364251 0.517935 0.379402
0 0.659111 0.364251 0.729699 0.379402
0 0.870876 0.364251 0.941464 0.379402
0 0.447346 0.379402 0.517935 0.394552
0 0.659111 0.379402 0.729699 0.394552
0 0.870876 0.379402 0.941464 0.394552
0 0.447346 0.394552 0.517935 0.409702
0 0.659111 0.394552 0.729699 0.409702
0 0.588523 0.409702 0.659111 0.424852
0 0.447346 0.424852 0.517935 0.440003
0 0.729699 0.424852 0.800288 0.440003
0 0.870876 0.424852 0.941464 0.440003
0 0.447346 0.440003 0.517935 0.470307
0 0.870876 0.440003 0.941464 0.470307
0 0.447346 0.470307 0.517935 0.485457
0 0.729699 0.470307 0.800288 0.485457
0 0.870876 0.470307 0.941464 0.485457
0 0.447346 0.485457 0.517935 0.500607
0 0.729699 0.485457 0.800288 0.500607
0 0.588523 0.500607 0.659111 0.515758
0 0.729699 0.500607 0.800288 0.515758
0 0.517935 0.515758 0.588523 0.530908
0 0.870876 0.515758 0.941464 0.530908
0 0.106170 0.546059 0.435582 0.561212
0 0.517935 0.530908 0.588523 0.561212
0 0.588523 0.530908 0.659111 0.561212
0 0.659111 0.530908 0.729699 0.561212
0 0.729699 0.530908 0.800288 0.561212
0 0.106170 0.561212 0.435582 0.576362
0 0.517935 0.561212 0.588523 0.576362
0 0.588523 0.561212 0.659111 0.576362
0 0.659111 0.561212 0.729699 0.576362
0 0.729699 0.561212 0.800288 0.576362
0 0.659111 0.576362 0.729699 0.591513
0 0.729699 0.576362 0.800288 0.591513
0 0.659111 0.591528 0.729699 0.606678
0 0.729699 0.591528 0.800288 0.606678
0 0.058824 0.623014 0.447346 0.636982
0 0.447346 0.606678 0.517935 0.636982
0 0.659111 0.606678 0.729699 0.636982
0 0.800288 0.606678 0.870876 0.636982
0 0.870876 0.606678 0.941464 0.636982
0 0.058824 0.636982 0.447346 0.652133
0 0.058824 0.652133 0.447346 0.667283
0 0.058824 0.667283 0.447346 0.682433
0 0.376471 0.682433 0.423529 0.697583
0 0.447346 0.682433 0.517935 0.697583
0 0.659111 0.682433 0.729699 0.697583
0 0.870876 0.682433 0.941464 0.697583
0 0.376471 0.697583 0.423529 0.712734
0 0.447346 0.697583 0.517935 0.712734
0 0.800288 0.697583 0.870876 0.712734
0 0.870876 0.697583 0.941464 0.712734
0 0.376471 0.712734 0.423529 0.727884
0 0.447346 0.712734 0.517935 0.727884
0 0.376471 0.727884 0.423529 0.743034
0 0.447346 0.727884 0.517935 0.743034
0 0.376471 0.743034 0.423529 0.758184
0 0.447346 0.743034 0.517935 0.758184
0 0.058824 0.758184 0.364234 0.773335
0 0.058824 0.773335 0.364234 0.788485
0 0.058824 0.788485 0.364234 0.803635
0 0.376471 0.788485 0.447059 0.803635
0 0.447346 0.788485 0.517935 0.803635
0 0.659111 0.788485 0.729699 0.803635
0 0.870876 0.788485 0.941464 0.803635
0 0.058824 0.803635 0.364234 0.818785
0 0.376471 0.803635 0.447059 0.818785
0 0.447346 0.803635 0.517935 0.818785
0 0.058824 0.818785 0.364234 0.833936
0 0.376471 0.818785 0.447059 0.833936
0 0.447346 0.818785 0.517935 0.833936
0 0.517935 0.833936 0.588523 0.849086
0 0.517935 0.849086 0.588523 0.864236
0 0.588523 0.849086 0.659111 0.864236
0 0.659111 0.849086 0.729699 0.864236
0 0.729699 0.849086 0.800288 0.864236
0 0.517935 0.864236 0.588523 0.879386
0 0.588523 0.864236 0.659111 0.879386
0 0.800288 0.864236 0.870876 0.879386
0 0.223761 0.879386 0.262979 0.894537
0 0.517935 0.879386 0.588523 0.894537
0 0.588523 0.879386 0.659111 0.894537
0 0.800288 0.879386 0.870876 0.894537
0 0.870876 0.879386 0.941464 0.894537
