0 0.823562 0.078286 0.836634 0.088387
0 0.888924 0.078286 0.901996 0.088387
0 0.823562 0.093437 0.836634 0.103538
0 0.888924 0.093437 0.901996 0.103538
0 0.823562 0.137946 0.836634 0.148048
0 0.888924 0.137946 0.901996 0.148048
0 0.823562 0.154044 0.836634 0.164146
0 0.888924 0.154044 0.901996 0.164146
0 0.823562 0.198554 0.836634 0.208655
0 0.888924 0.198554 0.901996 0.208655
0 0.823562 0.212127 0.941213 0.227278
0 0.823562 0.244010 0.836634 0.254111
0 0.888924 0.244010 0.901996 0.254111
0 0.823562 0.272738 0.941213 0.287889
0 0.823562 0.303040 0.941213 0.318191
0 0.823562 0.333346 0.941213 0.348496
0 0.823562 0.373753 0.836634 0.383854
0 0.888924 0.373753 0.901996 0.383854
0 0.823562 0.411632 0.836634 0.421733
0 0.888924 0.411632 0.901996 0.421733
0 0.823562 0.472239 0.836634 0.482340
0 0.888924 0.472239 0.901996 0.482340
0 0.823562 0.500024 0.941213 0.515175
0 0.823562 0.515175 0.941213 0.530326
0 0.105887 0.598510 0.941213 0.613661
0 0.105887 0.613661 0.941213 0.628812
0 0.105887 0.628816 0.941213 0.643967
0 0.105887 0.643967 0.941213 0.659118
0 0.823562 0.661642 0.836634 0.671743
0 0.888924 0.661642 0.901996 0.671743
0 0.823562 0.676796 0.836634 0.686898
0 0.888924 0.676796 0.901996 0.686898
0 0.823562 0.689423 0.917683 0.704574
0 0.823562 0.704574 0.941213 0.719725
0 0.823562 0.734879 0.941213 0.750030
0 0.823562 0.775283 0.836634 0.785384
0 0.888924 0.775283 0.901996 0.785384
0 0.823562 0.787913 0.941213 0.803064
0 0.823562 0.815691 0.941213 0.830844
0 0.823562 0.848520 0.941213 0.863671
0 0.823562 0.863671 0.941213 0.878822
0 0.823562 0.878826 0.941213 0.893977
0 0.798724 0.898395 0.811797 0.908496
