0 0.045455 0.173204 0.780871 0.196082
0 0.781818 0.173204 0.954545 0.196082
0 0.045455 0.212417 0.608144 0.235294
0 0.609091 0.212417 0.781818 0.235294
0 0.781818 0.212417 0.954545 0.235294
0 0.827273 0.235294 0.954545 0.254900
0 0.827273 0.254900 0.954545 0.274507
0 0.051768 0.296975 0.062500 0.310864
0 0.354672 0.411766 0.453725 0.431376
0 0.454672 0.411766 0.553725 0.431376
0 0.554672 0.411766 0.653725 0.431376
0 0.654672 0.411766 0.753725 0.431376
0 0.754672 0.411766 0.853725 0.431376
0 0.854672 0.411766 0.954672 0.431376
0 0.354672 0.431376 0.453725 0.450982
0 0.454672 0.431376 0.553725 0.450982
0 0.554672 0.431376 0.653725 0.450982
0 0.654672 0.431376 0.753725 0.450982
0 0.754672 0.431376 0.853725 0.450982
0 0.854672 0.431376 0.954672 0.450982
0 0.354672 0.450982 0.453725 0.470588
0 0.454672 0.450982 0.553725 0.470588
0 0.554672 0.450982 0.653725 0.470588
0 0.654672 0.450982 0.753725 0.470588
0 0.754672 0.450982 0.853725 0.470588
0 0.854672 0.450982 0.954672 0.470588
0 0.354672 0.470588 0.453725 0.490194
0 0.454672 0.470588 0.553725 0.490194
0 0.554672 0.470588 0.653725 0.490194
0 0.654672 0.470588 0.753725 0.490194
0 0.754672 0.470588 0.853725 0.490194
0 0.854672 0.470588 0.954672 0.490194
0 0.354672 0.509802 0.453725 0.529412
0 0.454672 0.509802 0.553725 0.529412
0 0.554672 0.509802 0.653725 0.529412
0 0.654672 0.509802 0.753725 0.529412
0 0.754672 0.509802 0.853725 0.529412
0 0.854672 0.509802 0.954672 0.529412
0 0.354672 0.549020 0.453725 0.568629
0 0.454672 0.549020 0.553725 0.568629
0 0.554672 0.549020 0.653725 0.568629
0 0.654672 0.549020 0.753725 0.568629
0 0.754672 0.549020 0.853725 0.568629
0 0.854672 0.549020 0.954672 0.568629
0 0.354672 0.588237 0.453725 0.607846
0 0.454672 0.588237 0.553725 0.607846
0 0.554672 0.588237 0.653725 0.607846
0 0.654672 0.588237 0.753725 0.607846
0 0.754672 0.588237 0.853725 0.607846
0 0.854672 0.588237 0.954672 0.607846
0 0.354672 0.607846 0.453725 0.627453
0 0.454672 0.607846 0.553725 0.627453
0 0.554672 0.607846 0.653725 0.627453
0 0.654672 0.607846 0.753725 0.627453
0 0.754672 0.607846 0.853725 0.627453
0 0.854672 0.607846 0.954672 0.627453
0 0.354672 0.647060 0.453725 0.666670
0 0.454672 0.647060 0.553725 0.666670
0 0.554672 0.647060 0.653725 0.666670
0 0.654672 0.647060 0.753725 0.666670
0 0.754672 0.647060 0.853725 0.666670
0 0.854672 0.647060 0.954672 0.666670
0 0.354672 0.666670 0.453725 0.686276
0 0.454672 0.666670 0.553725 0.686276
0 0.554672 0.666670 0.653725 0.686276
0 0.654672 0.666670 0.753725 0.686276
0 0.754672 0.666670 0.853725 0.686276
0 0.854672 0.666670 0.954672 0.686276
0 0.354672 0.705884 0.453725 0.725493
0 0.454672 0.705884 0.553725 0.725493
0 0.554672 0.705884 0.653725 0.725493
0 0.654672 0.705884 0.753725 0.725493
0 0.754672 0.705884 0.853725 0.725493
0 0.854672 0.705884 0.954672 0.725493
0 0.354672 0.745101 0.453725 0.764711
0 0.454672 0.745101 0.553725 0.764711
0 0.554672 0.745101 0.653725 0.764711
0 0.654672 0.745101 0.753725 0.764711
0 0.754672 0.745101 0.853725 0.764711
0 0.854672 0.745101 0.954672 0.764711
0 0.354672 0.764711 0.453725 0.784317
0 0.454672 0.764711 0.553725 0.784317
0 0.554672 0.764711 0.653725 0.784317
0 0.654672 0.764711 0.753725 0.784317
0 0.754672 0.764711 0.853725 0.784317
0 0.854672 0.764711 0.954672 0.784317
0 0.354672 0.803925 0.453725 0.823534
0 0.454672 0.803925 0.553725 0.823534
0 0.554672 0.803925 0.653725 0.823534
0 0.654672 0.803925 0.753725 0.823534
0 0.754672 0.803925 0.853725 0.823534
0 0.854672 0.803925 0.954672 0.823534
0 0.354672 0.843142 0.453725 0.862752
0 0.454672 0.843142 0.553725 0.862752
0 0.554672 0.843142 0.653725 0.862752
0 0.654672 0.843142 0.753725 0.862752
0 0.754672 0.843142 0.853725 0.862752
0 0.854672 0.843142 0.954672 0.862752
0 0.354672 0.862752 0.453725 0.882358
0 0.454672 0.862752 0.553725 0.882358
0 0.554672 0.862752 0.653725 0.882358
0 0.654672 0.862752 0.753725 0.882358
0 0.754672 0.862752 0.853725 0.882358
0 0.854672 0.862752 0.954672 0.882358
0 0.354672 0.901966 0.453725 0.921575
0 0.454672 0.901966 0.553725 0.921575
0 0.554672 0.901966 0.653725 0.921575
0 0.654672 0.901966 0.753725 0.921575
0 0.754672 0.901966 0.853725 0.921575
0 0.854672 0.901966 0.954672 0.921575
0 0.354672 0.921575 0.453725 0.941181
0 0.454672 0.921575 0.553725 0.941181
0 0.554672 0.921575 0.653725 0.941181
0 0.654672 0.921575 0.753725 0.941181
0 0.754672 0.921575 0.853725 0.941181
0 0.854672 0.921575 0.954672 0.941181
