0 0.045455 0.153593 0.780871 0.176471
0 0.783081 0.153593 0.954545 0.176471
0 0.045455 0.192810 0.608144 0.215688
0 0.610354 0.192810 0.780871 0.215688
0 0.783081 0.192810 0.954545 0.215688
0 0.827273 0.215688 0.954545 0.235294
0 0.827273 0.235294 0.954545 0.254900
0 0.827273 0.254900 0.954545 0.274507
0 0.083081 0.372547 0.399053 0.392154
0 0.400000 0.372547 0.481818 0.392154
0 0.507955 0.374997 0.519318 0.389703
0 0.545455 0.372547 0.700000 0.392154
0 0.700000 0.372547 0.827273 0.392154
0 0.827273 0.372547 0.954545 0.392154
0 0.083081 0.392154 0.399053 0.411760
0 0.400000 0.392154 0.481818 0.411760
0 0.507955 0.394603 0.519318 0.409309
0 0.545455 0.392154 0.700000 0.411760
0 0.700000 0.392154 0.827273 0.411760
0 0.827273 0.392154 0.954545 0.411760
0 0.083081 0.411760 0.399053 0.431366
0 0.400000 0.411760 0.481818 0.431366
0 0.507955 0.414209 0.519318 0.428915
0 0.545455 0.411760 0.700000 0.431366
0 0.700000 0.411760 0.827273 0.431366
0 0.827273 0.411760 0.954545 0.431366
0 0.083081 0.431366 0.399053 0.450972
0 0.400000 0.431366 0.481818 0.450972
0 0.507955 0.433815 0.519318 0.448521
0 0.545455 0.431366 0.700000 0.450972
0 0.700000 0.431366 0.827273 0.450972
0 0.827273 0.431366 0.954545 0.450972
0 0.081818 0.509806 0.208144 0.529412
0 0.257955 0.512255 0.269318 0.526961
0 0.318182 0.509806 0.445455 0.529412
0 0.445455 0.509806 0.571780 0.529412
0 0.572727 0.509806 0.699053 0.529412
0 0.700000 0.509806 0.826326 0.529412
0 0.827273 0.509806 0.954545 0.529412
0 0.081818 0.529412 0.208144 0.549018
0 0.257955 0.531861 0.269318 0.546567
0 0.318182 0.529412 0.445455 0.549018
0 0.445455 0.529412 0.571780 0.549018
0 0.572727 0.529412 0.699053 0.549018
0 0.700000 0.529412 0.826326 0.549018
0 0.827273 0.529412 0.954545 0.549018
0 0.081818 0.549018 0.208144 0.568624
0 0.257955 0.551467 0.269318 0.566173
0 0.318182 0.549018 0.445455 0.568624
0 0.445455 0.549018 0.571780 0.568624
0 0.572727 0.549018 0.699053 0.568624
0 0.700000 0.549018 0.826326 0.568624
0 0.827273 0.549018 0.954545 0.568624
0 0.081818 0.568624 0.208144 0.588230
0 0.257955 0.571074 0.269318 0.585779
0 0.318182 0.568624 0.445455 0.588230
0 0.445455 0.568624 0.571780 0.588230
0 0.572727 0.568624 0.699053 0.588230
0 0.700000 0.568624 0.826326 0.588230
0 0.827273 0.568624 0.954545 0.588230
0 0.700000 0.588235 0.826326 0.607841
0 0.827273 0.607841 0.954545 0.627448
0 0.083081 0.705882 0.399053 0.725489
0 0.400000 0.705882 0.487126 0.725489
0 0.487126 0.705882 0.741672 0.725489
0 0.741672 0.705882 0.850763 0.725489
0 0.850763 0.705882 0.954295 0.725489
0 0.083081 0.725489 0.399053 0.745095
0 0.400000 0.725489 0.487126 0.745095
0 0.487126 0.725489 0.741672 0.745095
0 0.741672 0.725489 0.850763 0.745095
0 0.850763 0.725489 0.954295 0.745095
0 0.083081 0.745095 0.399053 0.764701
0 0.400000 0.745095 0.487126 0.764701
0 0.487126 0.745095 0.741672 0.764701
0 0.741672 0.745095 0.850763 0.764701
0 0.850763 0.745095 0.954295 0.764701
0 0.083081 0.764701 0.399053 0.784307
0 0.400000 0.764701 0.487126 0.784307
0 0.487126 0.764701 0.741672 0.784307
0 0.741672 0.764701 0.850763 0.784307
0 0.850763 0.764701 0.954295 0.784307
0 0.081818 0.843136 0.299053 0.862742
0 0.300000 0.843136 0.517235 0.862742
0 0.518182 0.843136 0.735417 0.862742
0 0.736364 0.843136 0.954545 0.862742
0 0.081818 0.862742 0.299053 0.882348
0 0.300000 0.862742 0.517235 0.882348
0 0.518182 0.862742 0.735417 0.882348
0 0.736364 0.862742 0.954545 0.882348
0 0.081818 0.882348 0.299053 0.901954
0 0.300000 0.882348 0.517235 0.901954
0 0.518182 0.882348 0.735417 0.901954
0 0.736364 0.882348 0.954545 0.901954
0 0.081818 0.901954 0.299053 0.921560
0 0.300000 0.901954 0.517235 0.921560
0 0.518182 0.901954 0.735417 0.921560
0 0.736364 0.901954 0.954545 0.921560
0 0.736364 0.921570 0.954545 0.941176
