0 0.627273 0.176472 0.735417 0.196082
0 0.736364 0.176472 0.844508 0.196082
0 0.845455 0.176472 0.954545 0.196082
0 0.627273 0.215690 0.735417 0.235299
0 0.736364 0.215690 0.844508 0.235299
0 0.845455 0.215690 0.954545 0.235299
0 0.627273 0.254907 0.735417 0.274516
0 0.736364 0.254907 0.844508 0.274516
0 0.845455 0.254907 0.954545 0.274516
0 0.627273 0.294124 0.735417 0.313734
0 0.736364 0.294124 0.844508 0.313734
0 0.845455 0.294124 0.954545 0.313734
0 0.627273 0.333342 0.735417 0.352951
0 0.736364 0.333342 0.844508 0.352951
0 0.845455 0.333342 0.954545 0.352951
0 0.627273 0.372559 0.735417 0.392168
0 0.736364 0.372559 0.844508 0.392168
0 0.845455 0.372559 0.954545 0.392168
0 0.627273 0.411776 0.735417 0.431386
0 0.736364 0.411776 0.844508 0.431386
0 0.845455 0.411776 0.954545 0.431386
0 0.627273 0.450993 0.735417 0.470603
0 0.736364 0.450993 0.844508 0.470603
0 0.845455 0.450993 0.954545 0.470603
0 0.627273 0.490211 0.735417 0.509820
0 0.736364 0.490211 0.844508 0.509820
0 0.845455 0.490211 0.954545 0.509820
0 0.627273 0.529428 0.735417 0.549038
0 0.736364 0.529428 0.844508 0.549038
0 0.845455 0.529428 0.954545 0.549038
0 0.627273 0.568645 0.735417 0.588255
0 0.736364 0.568645 0.844508 0.588255
0 0.845455 0.568645 0.954545 0.588255
0 0.627273 0.607863 0.735417 0.627472
0 0.736364 0.607863 0.844508 0.627472
0 0.845455 0.607863 0.954545 0.627472
0 0.627273 0.647080 0.735417 0.666690
0 0.736364 0.647080 0.844508 0.666690
0 0.845455 0.647080 0.954545 0.666690
0 0.627273 0.686297 0.735417 0.705907
0 0.736364 0.686297 0.844508 0.705907
0 0.845455 0.686297 0.954545 0.705907
