0 0.090909 0.191172 0.193372 0.215683
0 0.194319 0.191172 0.296783 0.215683
0 0.297730 0.191172 0.400193 0.215683
0 0.401140 0.191172 0.503604 0.215683
0 0.504551 0.191172 0.607014 0.215683
0 0.607961 0.191172 0.710424 0.215683
0 0.723871 0.200977 0.735235 0.215683
0 0.747735 0.191172 0.850198 0.215683
0 0.851145 0.191172 0.954556 0.215683
0 0.090909 0.215683 0.193372 0.235289
0 0.194319 0.215683 0.296783 0.235289
0 0.297730 0.215683 0.400193 0.235289
0 0.401140 0.215683 0.503604 0.235289
0 0.504551 0.215683 0.607014 0.235289
0 0.607961 0.215683 0.710424 0.235289
0 0.724503 0.218949 0.734604 0.232021
0 0.747735 0.215683 0.850198 0.235289
0 0.851145 0.215683 0.954556 0.235289
0 0.090909 0.235289 0.193372 0.254895
0 0.194319 0.235289 0.296783 0.254895
0 0.297730 0.235289 0.400193 0.254895
0 0.401140 0.235289 0.503604 0.254895
0 0.504551 0.235289 0.607014 0.254895
0 0.607961 0.235289 0.710424 0.254895
0 0.724503 0.238556 0.734604 0.251627
0 0.747735 0.235289 0.850198 0.254895
0 0.851145 0.235289 0.954556 0.254895
0 0.090909 0.269601 0.193372 0.289208
0 0.194319 0.269601 0.296783 0.289208
0 0.297730 0.269601 0.400193 0.289208
0 0.401140 0.269601 0.503604 0.289208
0 0.504551 0.269601 0.607014 0.289208
0 0.607961 0.269601 0.710424 0.289208
0 0.723871 0.274502 0.735235 0.289208
0 0.747735 0.269601 0.850198 0.289208
0 0.851145 0.269601 0.954556 0.289208
0 0.090909 0.289208 0.193372 0.308814
0 0.194319 0.289208 0.296783 0.308814
0 0.297730 0.289208 0.400193 0.308814
0 0.401140 0.289208 0.503604 0.308814
0 0.504551 0.289208 0.607014 0.308814
0 0.607961 0.289208 0.710424 0.308814
0 0.724503 0.292474 0.734604 0.305546
0 0.747735 0.289208 0.850198 0.308814
0 0.851145 0.289208 0.954556 0.308814
0 0.090909 0.308814 0.193372 0.328420
0 0.194319 0.308814 0.296783 0.328420
0 0.297730 0.308814 0.400193 0.328420
0 0.401140 0.308814 0.503604 0.328420
0 0.504551 0.308814 0.607014 0.328420
0 0.607961 0.308814 0.710424 0.328420
0 0.724503 0.312080 0.734604 0.325152
0 0.747735 0.308814 0.850198 0.328420
0 0.851145 0.308814 0.954556 0.328420
0 0.090909 0.343126 0.193372 0.362732
0 0.194319 0.343126 0.296783 0.362732
0 0.297730 0.343126 0.400193 0.362732
0 0.401140 0.343126 0.503604 0.362732
0 0.504551 0.343126 0.607014 0.362732
0 0.607961 0.343126 0.710424 0.362732
0 0.723871 0.348026 0.735235 0.362732
0 0.747735 0.343126 0.850198 0.362732
0 0.851145 0.343126 0.954556 0.362732
0 0.090909 0.362732 0.193372 0.382338
0 0.194319 0.362732 0.296783 0.382338
0 0.297730 0.362732 0.400193 0.382338
0 0.401140 0.362732 0.503604 0.382338
0 0.504551 0.362732 0.607014 0.382338
0 0.607961 0.362732 0.710424 0.382338
0 0.724503 0.365998 0.734604 0.379070
0 0.747735 0.362732 0.850198 0.382338
0 0.851145 0.362732 0.954556 0.382338
0 0.090909 0.382338 0.193372 0.401944
0 0.194319 0.382338 0.296783 0.401944
0 0.297730 0.382338 0.400193 0.401944
0 0.401140 0.382338 0.503604 0.401944
0 0.504551 0.382338 0.607014 0.401944
0 0.607961 0.382338 0.710424 0.401944
0 0.724503 0.385605 0.734604 0.398676
0 0.747735 0.382338 0.850198 0.401944
0 0.851145 0.382338 0.954556 0.401944
0 0.090909 0.401944 0.193372 0.421551
0 0.194319 0.401944 0.296783 0.421551
0 0.297730 0.401944 0.400193 0.421551
0 0.401140 0.401944 0.503604 0.421551
0 0.504551 0.401944 0.607014 0.421551
0 0.607961 0.401944 0.710424 0.421551
0 0.723871 0.406845 0.735235 0.421551
0 0.747735 0.401944 0.850198 0.421551
0 0.851145 0.401944 0.954556 0.421551
0 0.090909 0.421551 0.193372 0.441157
0 0.194319 0.421551 0.296783 0.441157
0 0.297730 0.421551 0.400193 0.441157
0 0.401140 0.421551 0.503604 0.441157
0 0.504551 0.421551 0.607014 0.441157
0 0.607961 0.421551 0.710424 0.441157
0 0.724503 0.424817 0.734604 0.437889
0 0.747735 0.421551 0.850198 0.441157
0 0.851145 0.421551 0.954556 0.441157
0 0.090909 0.441157 0.193372 0.460763
0 0.194319 0.441157 0.296783 0.460763
0 0.297730 0.441157 0.400193 0.460763
0 0.401140 0.441157 0.503604 0.460763
0 0.504551 0.441157 0.607014 0.460763
0 0.607961 0.441157 0.710424 0.460763
0 0.724503 0.444423 0.734604 0.457495
0 0.747735 0.441157 0.850198 0.460763
0 0.851145 0.441157 0.954556 0.460763
0 0.090909 0.460763 0.193372 0.480369
0 0.194319 0.460763 0.296783 0.480369
0 0.297730 0.460763 0.400193 0.480369
0 0.401140 0.460763 0.503604 0.480369
0 0.504551 0.460763 0.607014 0.480369
0 0.607961 0.460763 0.710424 0.480369
0 0.723871 0.465663 0.735235 0.480369
0 0.747735 0.460763 0.850198 0.480369
0 0.851145 0.460763 0.954556 0.480369
0 0.090909 0.480369 0.193372 0.499975
0 0.194319 0.480369 0.296783 0.499975
0 0.297730 0.480369 0.400193 0.499975
0 0.401140 0.480369 0.503604 0.499975
0 0.504551 0.480369 0.607014 0.499975
0 0.607961 0.480369 0.710424 0.499975
0 0.724503 0.483636 0.734604 0.496707
0 0.747735 0.480369 0.850198 0.499975
0 0.851145 0.480369 0.954556 0.499975
0 0.090909 0.499975 0.193372 0.519582
0 0.194319 0.499975 0.296783 0.519582
0 0.297730 0.499975 0.400193 0.519582
0 0.401140 0.499975 0.503604 0.519582
0 0.504551 0.499975 0.607014 0.519582
0 0.607961 0.499975 0.710424 0.519582
0 0.724503 0.503242 0.734604 0.516314
0 0.747735 0.499975 0.850198 0.519582
0 0.851145 0.499975 0.954556 0.519582
0 0.090909 0.519582 0.193372 0.539188
0 0.194319 0.519582 0.296783 0.539188
0 0.297730 0.519582 0.400193 0.539188
0 0.401140 0.519582 0.503604 0.539188
0 0.504551 0.519582 0.607014 0.539188
0 0.607961 0.519582 0.710424 0.539188
0 0.723871 0.524482 0.735235 0.539188
0 0.747735 0.519582 0.850198 0.539188
0 0.851145 0.519582 0.954556 0.539188
0 0.090909 0.539188 0.193372 0.558794
0 0.194319 0.539188 0.296783 0.558794
0 0.297730 0.539188 0.400193 0.558794
0 0.401140 0.539188 0.503604 0.558794
0 0.504551 0.539188 0.607014 0.558794
0 0.607961 0.539188 0.710424 0.558794
0 0.724503 0.542454 0.734604 0.555526
0 0.747735 0.539188 0.850198 0.558794
0 0.851145 0.539188 0.954556 0.558794
0 0.090909 0.558794 0.193372 0.578400
0 0.194319 0.558794 0.296783 0.578400
0 0.297730 0.558794 0.400193 0.578400
0 0.401140 0.558794 0.503604 0.578400
0 0.504551 0.558794 0.607014 0.578400
0 0.607961 0.558794 0.710424 0.578400
0 0.724503 0.562060 0.734604 0.575132
0 0.747735 0.558794 0.850198 0.578400
0 0.851145 0.558794 0.954556 0.578400
