0 0.482372 0.078286 0.495444 0.088387
0 0.635319 0.078286 0.648391 0.088387
0 0.058826 0.106065 0.941213 0.121218
0 0.058826 0.136370 0.292904 0.151524
0 0.295763 0.136370 0.575268 0.151524
0 0.578127 0.136370 0.941213 0.151524
0 0.247069 0.151520 0.610563 0.166671
0 0.835327 0.151520 0.941213 0.166671
0 0.329425 0.169199 0.342497 0.179300
0 0.541198 0.169199 0.554270 0.179300
0 0.776501 0.169199 0.789573 0.179300
0 0.058826 0.196978 0.434086 0.227282
0 0.436945 0.212130 0.941213 0.227282
0 0.412596 0.258216 0.425669 0.268318
0 0.823562 0.272738 0.941213 0.287889
0 0.823562 0.287889 0.941213 0.303040
0 0.823562 0.303044 0.941213 0.318195
0 0.823562 0.318195 0.941213 0.333346
0 0.823562 0.333346 0.941213 0.348496
0 0.823562 0.348500 0.941213 0.363651
0 0.823562 0.363651 0.941213 0.378802
0 0.823562 0.378802 0.941213 0.393953
0 0.823562 0.393957 0.941213 0.409107
0 0.423546 0.409107 0.541198 0.424258
0 0.823562 0.409107 0.941213 0.424258
0 0.823562 0.424258 0.941213 0.439409
0 0.823562 0.439413 0.941213 0.454564
0 0.823562 0.454564 0.941213 0.469715
0 0.823562 0.469715 0.941213 0.484866
0 0.823562 0.484869 0.941213 0.500020
0 0.823562 0.500020 0.941213 0.515171
0 0.823562 0.515171 0.941213 0.530322
0 0.823562 0.530326 0.941213 0.545477
0 0.823562 0.545477 0.941213 0.560627
0 0.823562 0.560627 0.941213 0.575778
0 0.823562 0.575782 0.941213 0.590933
0 0.823562 0.590933 0.941213 0.606084
0 0.823562 0.606084 0.941213 0.621235
0 0.823562 0.621238 0.941213 0.636389
0 0.423546 0.636389 0.541198 0.651540
0 0.823562 0.636389 0.941213 0.651540
0 0.823562 0.651540 0.941213 0.666691
0 0.823562 0.666695 0.941213 0.681846
0 0.823562 0.681846 0.941213 0.696997
0 0.823562 0.696997 0.941213 0.712148
0 0.823562 0.712151 0.941213 0.727302
0 0.803298 0.773389 0.816370 0.783490
0 0.718491 0.820108 0.731563 0.830209
