0 0.058826 0.118376 0.704684 0.136369
0 0.705910 0.118690 0.941213 0.136369
0 0.058826 0.148996 0.587033 0.166675
0 0.588258 0.148996 0.705910 0.166675
0 0.705910 0.148996 0.941213 0.166675
0 0.095755 0.227282 0.587033 0.257587
0 0.588258 0.227282 0.705910 0.257587
0 0.705910 0.227282 0.822336 0.257587
0 0.823562 0.227282 0.941213 0.257587
0 0.095755 0.257587 0.587033 0.287893
0 0.588258 0.257587 0.705910 0.287893
0 0.705910 0.257587 0.822336 0.287893
0 0.823562 0.257587 0.941213 0.287893
0 0.095755 0.287893 0.587033 0.318198
0 0.588258 0.287893 0.705910 0.318198
0 0.705910 0.287893 0.822336 0.318198
0 0.823562 0.287893 0.941213 0.318198
0 0.095755 0.318198 0.587033 0.348504
0 0.588258 0.318198 0.705910 0.348504
0 0.705910 0.318198 0.822336 0.348504
0 0.823562 0.318198 0.941213 0.348504
0 0.095755 0.348504 0.587033 0.378809
0 0.588258 0.348504 0.705910 0.378809
0 0.705910 0.348504 0.822336 0.378809
0 0.823562 0.348504 0.941213 0.378809
0 0.095755 0.378809 0.587033 0.409115
0 0.588258 0.378809 0.705910 0.409115
0 0.705910 0.378809 0.822336 0.409115
0 0.823562 0.378809 0.941213 0.409115
0 0.095755 0.409115 0.587033 0.439421
0 0.588258 0.409115 0.705910 0.439421
0 0.705910 0.409115 0.822336 0.439421
0 0.823562 0.409115 0.941213 0.439421
0 0.095755 0.439421 0.587033 0.469726
0 0.588258 0.439421 0.705910 0.469726
0 0.705910 0.439421 0.822336 0.469726
0 0.823562 0.439421 0.941213 0.469726
0 0.095755 0.469726 0.587033 0.500032
0 0.588258 0.469726 0.705910 0.500032
0 0.705910 0.469726 0.822336 0.500032
0 0.823562 0.469726 0.941213 0.500032
0 0.095755 0.500032 0.587033 0.530337
0 0.588258 0.500032 0.705910 0.530337
0 0.705910 0.500032 0.822336 0.530337
0 0.823562 0.500032 0.941213 0.530337
0 0.095755 0.530337 0.587033 0.560643
0 0.588258 0.530337 0.705910 0.560643
0 0.705910 0.530337 0.822336 0.560643
0 0.823562 0.530337 0.941213 0.560643
0 0.095755 0.560643 0.587033 0.590948
0 0.588258 0.560643 0.705910 0.590948
0 0.705910 0.560643 0.822336 0.590948
0 0.823562 0.560643 0.941213 0.590948
0 0.095755 0.590948 0.587033 0.621254
0 0.588258 0.590948 0.705910 0.621254
0 0.705910 0.590948 0.822336 0.621254
0 0.823562 0.590948 0.941213 0.621254
0 0.095755 0.621254 0.587033 0.651559
0 0.588258 0.621254 0.705910 0.651559
0 0.705910 0.621254 0.822336 0.651559
0 0.823562 0.621254 0.941213 0.651559
0 0.095755 0.651559 0.587033 0.681865
0 0.588258 0.651559 0.705910 0.681865
0 0.705910 0.651559 0.822336 0.681865
0 0.823562 0.651559 0.941213 0.681865
0 0.095755 0.681865 0.587033 0.712170
0 0.588258 0.681865 0.705910 0.712170
0 0.705910 0.681865 0.822336 0.712170
0 0.823562 0.681865 0.941213 0.712170
0 0.095755 0.712170 0.587033 0.742476
0 0.588258 0.712170 0.705910 0.742476
0 0.705910 0.712170 0.822336 0.742476
0 0.823562 0.712170 0.941213 0.742476
0 0.095755 0.742476 0.587033 0.772781
0 0.588258 0.742476 0.705910 0.772781
0 0.705910 0.742476 0.822336 0.772781
0 0.823562 0.742476 0.941213 0.772781
0 0.095755 0.772781 0.587033 0.803087
0 0.588258 0.772781 0.705910 0.803087
0 0.705910 0.772781 0.822336 0.803087
0 0.823562 0.772781 0.941213 0.803087
0 0.095755 0.803087 0.587033 0.833392
0 0.588258 0.803087 0.705910 0.833392
0 0.705910 0.803087 0.822336 0.833392
0 0.823562 0.803087 0.941213 0.833392
0 0.095755 0.833392 0.587033 0.863698
0 0.588258 0.833392 0.705910 0.863698
0 0.705910 0.833392 0.822336 0.863698
0 0.823562 0.833392 0.941213 0.863698
0 0.095755 0.863698 0.587033 0.894003
0 0.588258 0.863698 0.705910 0.894003
0 0.705910 0.863698 0.822336 0.894003
0 0.823562 0.863698 0.941213 0.894003
0 0.095755 0.894003 0.587033 0.924309
0 0.588258 0.894003 0.705910 0.924309
0 0.705910 0.894003 0.822336 0.924309
0 0.823562 0.894003 0.941213 0.924309
0 0.095755 0.924309 0.587033 0.954614
0 0.588258 0.924309 0.705910 0.954614
0 0.705910 0.924309 0.822336 0.954614
0 0.823562 0.924309 0.941213 0.954614
