0 0.264583 0.166665 0.299053 0.186271
0 0.300000 0.166665 0.408144 0.186271
0 0.409091 0.166665 0.517235 0.186271
0 0.518182 0.166665 0.626326 0.186271
0 0.627273 0.166665 0.735417 0.186271
0 0.736364 0.166665 0.844508 0.186271
0 0.845455 0.166665 0.954545 0.186271
0 0.157576 0.186271 0.256061 0.205877
0 0.264583 0.186271 0.299053 0.205877
0 0.300000 0.186271 0.408144 0.205877
0 0.409091 0.186271 0.517235 0.205877
0 0.518182 0.186271 0.626326 0.205877
0 0.627273 0.186271 0.735417 0.205877
0 0.736364 0.186271 0.844508 0.205877
0 0.845455 0.186271 0.954545 0.205877
0 0.157576 0.205877 0.256061 0.225484
0 0.264583 0.205877 0.299053 0.225484
0 0.300000 0.205877 0.408144 0.225484
0 0.409091 0.205877 0.517235 0.225484
0 0.518182 0.205877 0.626326 0.225484
0 0.627273 0.205877 0.735417 0.225484
0 0.736364 0.205877 0.844508 0.225484
0 0.845455 0.205877 0.954545 0.225484
0 0.264583 0.240190 0.299053 0.259796
0 0.300000 0.240190 0.408144 0.259796
0 0.409091 0.240190 0.517235 0.259796
0 0.518182 0.240190 0.626326 0.259796
0 0.627273 0.240190 0.735417 0.259796
0 0.736364 0.240190 0.844508 0.259796
0 0.845455 0.240190 0.954545 0.259796
0 0.157576 0.259796 0.256061 0.279402
0 0.264583 0.259796 0.299053 0.279402
0 0.300000 0.259796 0.408144 0.279402
0 0.409091 0.259796 0.517235 0.279402
0 0.518182 0.259796 0.626326 0.279402
0 0.627273 0.259796 0.735417 0.279402
0 0.736364 0.259796 0.844508 0.279402
0 0.845455 0.259796 0.954545 0.279402
0 0.157576 0.279402 0.256061 0.299008
0 0.264583 0.279402 0.299053 0.299008
0 0.300000 0.279402 0.408144 0.299008
0 0.409091 0.279402 0.517235 0.299008
0 0.518182 0.279402 0.626326 0.299008
0 0.627273 0.279402 0.735417 0.299008
0 0.736364 0.279402 0.844508 0.299008
0 0.845455 0.279402 0.954545 0.299008
0 0.264583 0.313714 0.299053 0.333320
0 0.300000 0.313714 0.408144 0.333320
0 0.409091 0.313714 0.517235 0.333320
0 0.518182 0.313714 0.626326 0.333320
0 0.627273 0.313714 0.735417 0.333320
0 0.736364 0.313714 0.844508 0.333320
0 0.845455 0.313714 0.954545 0.333320
0 0.157576 0.333320 0.256061 0.352926
0 0.264583 0.333320 0.299053 0.352926
0 0.300000 0.333320 0.408144 0.352926
0 0.409091 0.333320 0.517235 0.352926
0 0.518182 0.333320 0.626326 0.352926
0 0.627273 0.333320 0.735417 0.352926
0 0.736364 0.333320 0.844508 0.352926
0 0.845455 0.333320 0.954545 0.352926
0 0.157576 0.352926 0.256061 0.372533
0 0.264583 0.352926 0.299053 0.372533
0 0.300000 0.352926 0.408144 0.372533
0 0.409091 0.352926 0.517235 0.372533
0 0.518182 0.352926 0.626326 0.372533
0 0.627273 0.352926 0.735417 0.372533
0 0.736364 0.352926 0.844508 0.372533
0 0.845455 0.352926 0.954545 0.372533
0 0.264583 0.372533 0.299053 0.392139
0 0.300000 0.372533 0.408144 0.392139
0 0.409091 0.372533 0.517235 0.392139
0 0.518182 0.372533 0.626326 0.392139
0 0.627273 0.372533 0.735417 0.392139
0 0.736364 0.372533 0.844508 0.392139
0 0.845455 0.372533 0.954545 0.392139
0 0.157576 0.392139 0.256061 0.411745
0 0.264583 0.392139 0.299053 0.411745
0 0.300000 0.392139 0.408144 0.411745
0 0.409091 0.392139 0.517235 0.411745
0 0.518182 0.392139 0.626326 0.411745
0 0.627273 0.392139 0.735417 0.411745
0 0.736364 0.392139 0.844508 0.411745
0 0.845455 0.392139 0.954545 0.411745
0 0.157576 0.411745 0.256061 0.431351
0 0.264583 0.411745 0.299053 0.431351
0 0.300000 0.411745 0.408144 0.431351
0 0.409091 0.411745 0.517235 0.431351
0 0.518182 0.411745 0.626326 0.431351
0 0.627273 0.411745 0.735417 0.431351
0 0.736364 0.411745 0.844508 0.431351
0 0.845455 0.411745 0.954545 0.431351
0 0.264583 0.431351 0.299053 0.450958
0 0.300000 0.431351 0.408144 0.450958
0 0.409091 0.431351 0.517235 0.450958
0 0.518182 0.431351 0.626326 0.450958
0 0.627273 0.431351 0.735417 0.450958
0 0.736364 0.431351 0.844508 0.450958
0 0.845455 0.431351 0.954545 0.450958
0 0.264583 0.465663 0.299053 0.485270
0 0.300000 0.465663 0.408144 0.485270
0 0.409091 0.465663 0.517235 0.485270
0 0.518182 0.465663 0.626326 0.485270
0 0.627273 0.465663 0.735417 0.485270
0 0.736364 0.465663 0.844508 0.485270
0 0.845455 0.465663 0.954545 0.485270
0 0.264583 0.485270 0.299053 0.504876
0 0.300000 0.485270 0.408144 0.504876
0 0.409091 0.485270 0.517235 0.504876
0 0.518182 0.485270 0.626326 0.504876
0 0.627273 0.485270 0.735417 0.504876
0 0.736364 0.485270 0.844508 0.504876
0 0.845455 0.485270 0.954545 0.504876
0 0.264583 0.504876 0.299053 0.524482
0 0.300000 0.504876 0.408144 0.524482
0 0.409091 0.504876 0.517235 0.524482
0 0.518182 0.504876 0.626326 0.524482
0 0.627273 0.504876 0.735417 0.524482
0 0.736364 0.504876 0.844508 0.524482
0 0.845455 0.504876 0.954545 0.524482
0 0.264583 0.524482 0.299053 0.544088
0 0.300000 0.524482 0.408144 0.544088
0 0.409091 0.524482 0.517235 0.544088
0 0.518182 0.524482 0.626326 0.544088
0 0.627273 0.524482 0.735417 0.544088
0 0.736364 0.524482 0.844508 0.544088
0 0.845455 0.524482 0.954545 0.544088
0 0.157576 0.544088 0.256061 0.563694
0 0.264583 0.544088 0.299053 0.563694
0 0.300000 0.544088 0.408144 0.563694
0 0.409091 0.544088 0.517235 0.563694
0 0.518182 0.544088 0.626326 0.563694
0 0.627273 0.544088 0.735417 0.563694
0 0.736364 0.544088 0.844508 0.563694
0 0.845455 0.544088 0.954545 0.563694
0 0.157576 0.563694 0.256061 0.583301
0 0.264583 0.563694 0.299053 0.583301
0 0.300000 0.563694 0.408144 0.583301
0 0.409091 0.563694 0.517235 0.583301
0 0.518182 0.563694 0.626326 0.583301
0 0.627273 0.563694 0.735417 0.583301
0 0.736364 0.563694 0.844508 0.583301
0 0.845455 0.563694 0.954545 0.583301
0 0.264583 0.583301 0.299053 0.602907
0 0.300000 0.583301 0.408144 0.602907
0 0.409091 0.583301 0.517235 0.602907
0 0.518182 0.583301 0.626326 0.602907
0 0.627273 0.583301 0.735417 0.602907
0 0.736364 0.583301 0.844508 0.602907
0 0.845455 0.583301 0.954545 0.602907
0 0.157576 0.602907 0.256061 0.622513
0 0.264583 0.602907 0.299053 0.622513
0 0.300000 0.602907 0.408144 0.622513
0 0.409091 0.602907 0.517235 0.622513
0 0.518182 0.602907 0.626326 0.622513
0 0.627273 0.602907 0.735417 0.622513
0 0.736364 0.602907 0.844508 0.622513
0 0.845455 0.602907 0.954545 0.622513
0 0.157576 0.622513 0.256061 0.642119
0 0.264583 0.622513 0.299053 0.642119
0 0.300000 0.622513 0.408144 0.642119
0 0.409091 0.622513 0.517235 0.642119
0 0.518182 0.622513 0.626326 0.642119
0 0.627273 0.622513 0.735417 0.642119
0 0.736364 0.622513 0.844508 0.642119
0 0.845455 0.622513 0.954545 0.642119
0 0.264583 0.642119 0.299053 0.661726
0 0.300000 0.642119 0.408144 0.661726
0 0.409091 0.642119 0.517235 0.661726
0 0.518182 0.642119 0.626326 0.661726
0 0.627273 0.642119 0.735417 0.661726
0 0.736364 0.642119 0.844508 0.661726
0 0.845455 0.642119 0.954545 0.661726
