0 0.045455 0.094770 0.608144 0.117647
0 0.610354 0.094770 0.780871 0.117647
0 0.783081 0.094770 0.954545 0.117647
0 0.827273 0.117647 0.954545 0.137253
0 0.827273 0.137253 0.954545 0.156859
0 0.827273 0.156864 0.954545 0.176471
0 0.085354 0.216912 0.096717 0.231618
0 0.148990 0.216912 0.160354 0.231618
0 0.375758 0.215688 0.600000 0.232026
0 0.083081 0.323529 0.289962 0.343136
0 0.290909 0.323529 0.372727 0.343136
0 0.372727 0.323529 0.453598 0.343136
0 0.454545 0.323529 0.535417 0.343136
0 0.536364 0.323529 0.617235 0.343136
0 0.618182 0.323529 0.699053 0.343136
0 0.700000 0.323529 0.780871 0.343136
0 0.781818 0.323529 0.862689 0.343136
0 0.863636 0.323529 0.954545 0.343136
0 0.083081 0.343136 0.289962 0.362742
0 0.290909 0.343136 0.372727 0.362742
0 0.372727 0.343136 0.453598 0.362742
0 0.454545 0.343136 0.535417 0.362742
0 0.536364 0.343136 0.617235 0.362742
0 0.618182 0.343136 0.699053 0.362742
0 0.700000 0.343136 0.780871 0.362742
0 0.781818 0.343136 0.862689 0.362742
0 0.863636 0.343136 0.954545 0.362742
0 0.863636 0.362747 0.954545 0.382353
0 0.863636 0.382353 0.954545 0.401959
0 0.653283 0.480394 0.654545 0.500000
0 0.753283 0.480394 0.754545 0.500000
0 0.853283 0.480394 0.854545 0.500000
0 0.854545 0.480394 0.954545 0.500000
0 0.554545 0.500000 0.653599 0.519606
0 0.654545 0.500000 0.753598 0.519606
0 0.754545 0.500000 0.853598 0.519606
0 0.854545 0.500000 0.954545 0.519606
0 0.554545 0.519606 0.653599 0.539212
0 0.654545 0.519606 0.753598 0.539212
0 0.754545 0.519606 0.853598 0.539212
0 0.854545 0.519606 0.954545 0.539212
0 0.554545 0.539212 0.653599 0.558819
0 0.654545 0.539212 0.753598 0.558819
0 0.754545 0.539212 0.853598 0.558819
0 0.854545 0.539212 0.954545 0.558819
0 0.554545 0.558819 0.653599 0.578425
0 0.654545 0.558819 0.753598 0.578425
0 0.754545 0.558819 0.853598 0.578425
0 0.854545 0.558819 0.954545 0.578425
0 0.554545 0.578425 0.653599 0.598031
0 0.654545 0.578425 0.753598 0.598031
0 0.754545 0.578425 0.853598 0.598031
0 0.854545 0.578425 0.954545 0.598031
0 0.554545 0.598031 0.653599 0.617637
0 0.654545 0.598031 0.753598 0.617637
0 0.754545 0.598031 0.853598 0.617637
0 0.854545 0.598031 0.954545 0.617637
0 0.554545 0.617637 0.653599 0.637243
0 0.654545 0.617637 0.753598 0.637243
0 0.754545 0.617637 0.853598 0.637243
0 0.854545 0.617637 0.954545 0.637243
0 0.554545 0.637243 0.653599 0.656850
0 0.654545 0.637243 0.753598 0.656850
0 0.754545 0.637243 0.853598 0.656850
0 0.854545 0.637243 0.954545 0.656850
0 0.554545 0.656850 0.653599 0.676456
0 0.654545 0.656850 0.753598 0.676456
0 0.754545 0.656850 0.853598 0.676456
0 0.854545 0.656850 0.954545 0.676456
0 0.554545 0.696064 0.653599 0.715673
0 0.654545 0.696064 0.753598 0.715673
0 0.754545 0.696064 0.853598 0.715673
0 0.854545 0.696064 0.954545 0.715673
0 0.554545 0.715673 0.653599 0.735279
0 0.654545 0.715673 0.753598 0.735279
0 0.754545 0.715673 0.853598 0.735279
0 0.854545 0.715673 0.954545 0.735279
0 0.554545 0.735279 0.653599 0.754886
0 0.654545 0.735279 0.753598 0.754886
0 0.754545 0.735279 0.853598 0.754886
0 0.854545 0.735279 0.954545 0.754886
0 0.554545 0.754886 0.653599 0.774492
0 0.654545 0.754886 0.753598 0.774492
0 0.754545 0.754886 0.853598 0.774492
0 0.854545 0.754886 0.954545 0.774492
0 0.554545 0.774492 0.653599 0.794163
0 0.654545 0.774492 0.753598 0.794163
0 0.754545 0.774492 0.853598 0.794163
0 0.854545 0.774492 0.954545 0.794163
0 0.554545 0.794163 0.653599 0.813770
0 0.654545 0.794163 0.753598 0.813770
0 0.754545 0.794163 0.853598 0.813770
0 0.854545 0.794163 0.954545 0.813770
0 0.554545 0.813770 0.653599 0.833376
0 0.654545 0.813770 0.753598 0.833376
0 0.754545 0.813770 0.853598 0.833376
0 0.854545 0.813770 0.954545 0.833376
0 0.554545 0.833376 0.653599 0.852982
0 0.654545 0.833376 0.753598 0.852982
0 0.754545 0.833376 0.853598 0.852982
0 0.854545 0.833376 0.954545 0.852982
0 0.653283 0.911806 0.654545 0.931412
0 0.753283 0.911806 0.754545 0.931412
0 0.853283 0.911806 0.853598 0.931412
0 0.854545 0.911806 0.954545 0.931412
