0 0.058824 0.090908 0.317647 0.121212
0 0.317647 0.090908 0.941176 0.121212
0 0.058824 0.121212 0.317647 0.151516
0 0.317647 0.121212 0.941176 0.151516
0 0.058824 0.151516 0.317647 0.181820
0 0.317647 0.151516 0.941176 0.181820
0 0.058824 0.272725 0.317647 0.287875
0 0.317647 0.272725 0.435294 0.287875
0 0.435294 0.272725 0.552941 0.287875
0 0.552941 0.272725 0.670588 0.287875
0 0.670588 0.272725 0.764706 0.287875
0 0.764706 0.272725 0.858823 0.287875
0 0.858823 0.272725 0.941176 0.287875
0 0.058824 0.287875 0.317647 0.303025
0 0.317647 0.287875 0.435294 0.303025
0 0.435294 0.287875 0.552941 0.303025
0 0.552941 0.287875 0.670588 0.303025
0 0.670588 0.287875 0.764706 0.303025
0 0.764706 0.287875 0.858823 0.303025
0 0.858823 0.287875 0.941176 0.303025
0 0.058824 0.303025 0.317647 0.318175
0 0.317647 0.303025 0.435294 0.318175
0 0.435294 0.303025 0.552941 0.318175
0 0.552941 0.303025 0.670588 0.318175
0 0.670588 0.303025 0.764706 0.318175
0 0.764706 0.303025 0.858823 0.318175
0 0.858823 0.303025 0.941176 0.318175
0 0.058824 0.348483 0.317647 0.378787
0 0.317647 0.348483 0.941176 0.378787
0 0.058824 0.378787 0.317647 0.409091
0 0.317647 0.378787 0.941176 0.409091
0 0.058824 0.409091 0.317647 0.439395
0 0.317647 0.409091 0.941176 0.439395
0 0.058824 0.499995 0.670588 0.530299
0 0.670588 0.499995 0.823529 0.530299
0 0.823529 0.499995 0.941176 0.530299
0 0.058824 0.530299 0.670588 0.560603
0 0.670588 0.530299 0.823529 0.560603
0 0.823529 0.530299 0.941176 0.560603
0 0.058824 0.560603 0.670588 0.590907
0 0.670588 0.560603 0.823529 0.590907
0 0.823529 0.560603 0.941176 0.590907
0 0.058824 0.651507 0.317647 0.681811
0 0.317647 0.651507 0.494118 0.681811
0 0.494118 0.651507 0.670588 0.681811
0 0.670588 0.651507 0.941176 0.681811
0 0.058824 0.681811 0.317647 0.712115
0 0.317647 0.681811 0.494118 0.712115
0 0.494118 0.681811 0.670588 0.712115
0 0.670588 0.681811 0.941176 0.712115
0 0.058824 0.712115 0.317647 0.742419
0 0.317647 0.712115 0.494118 0.742419
0 0.494118 0.712115 0.670588 0.742419
0 0.670588 0.712115 0.941176 0.742419
0 0.503918 0.833324 0.941176 0.848474
