0 0.058826 0.073234 0.728215 0.090913
0 0.729440 0.073234 0.941213 0.090913
0 0.352955 0.151520 0.469381 0.166671
0 0.470607 0.151520 0.587033 0.166671
0 0.588258 0.151520 0.704684 0.166671
0 0.705910 0.151520 0.822336 0.166671
0 0.823562 0.151520 0.941213 0.166671
0 0.352955 0.181823 0.469381 0.196976
0 0.470607 0.181823 0.587033 0.196976
0 0.588258 0.181823 0.704684 0.196976
0 0.705910 0.181823 0.822336 0.196976
0 0.823562 0.181823 0.941213 0.196976
0 0.352955 0.196976 0.469381 0.212127
0 0.470607 0.196976 0.587033 0.212127
0 0.588258 0.196976 0.704684 0.212127
0 0.705910 0.196976 0.822336 0.212127
0 0.823562 0.196976 0.941213 0.212127
0 0.352955 0.227279 0.469381 0.242433
0 0.470607 0.227279 0.587033 0.242433
0 0.588258 0.227279 0.704684 0.242433
0 0.705910 0.227279 0.823562 0.242433
0 0.823562 0.227279 0.939988 0.242433
