0 0.058826 0.126268 0.751745 0.143947
0 0.752971 0.126268 0.941213 0.143947
0 0.058826 0.156573 0.469381 0.174252
0 0.470607 0.156573 0.564728 0.174252
0 0.564728 0.156573 0.941213 0.174252
0 0.105887 0.234859 0.941213 0.250010
0 0.105887 0.250010 0.941213 0.265161
0 0.105887 0.265161 0.941213 0.280312
0 0.105887 0.280316 0.941213 0.295466
0 0.880100 0.311879 0.896440 0.324506
0 0.915395 0.311879 0.931736 0.324506
0 0.880100 0.327033 0.896440 0.339660
0 0.915395 0.327033 0.931736 0.339660
0 0.741206 0.356074 0.847092 0.371225
0 0.880100 0.387641 0.896440 0.400267
0 0.915395 0.387641 0.931736 0.400267
0 0.754278 0.416685 0.869397 0.431836
0 0.105887 0.464665 0.118959 0.474767
0 0.447076 0.464665 0.460149 0.474767
0 0.670615 0.464665 0.683687 0.474767
0 0.105887 0.479816 0.118959 0.489918
0 0.447076 0.479816 0.460149 0.489918
0 0.670615 0.479816 0.683687 0.489918
0 0.754278 0.507598 0.869397 0.522748
0 0.754278 0.553054 0.869397 0.568205
0 0.880100 0.599772 0.896440 0.612399
0 0.915395 0.599772 0.931736 0.612399
0 0.754278 0.613661 0.869397 0.628812
0 0.754278 0.643967 0.869397 0.659118
