0 0.058824 0.133840 0.716422 0.151518
0 0.717647 0.133840 0.941176 0.151518
0 0.058824 0.164140 0.492892 0.181818
0 0.494118 0.164756 0.717647 0.181818
0 0.717647 0.164140 0.941176 0.181818
0 0.811765 0.181818 0.941176 0.196968
0 0.588235 0.242423 0.704657 0.257573
0 0.435294 0.272727 0.551716 0.287878
0 0.435294 0.287878 0.551716 0.303028
0 0.435294 0.318182 0.551716 0.333332
0 0.435294 0.333332 0.551716 0.348482
0 0.435294 0.348486 0.551716 0.363636
0 0.588235 0.363636 0.704657 0.378787
0 0.588235 0.393941 0.704657 0.409091
0 0.588235 0.409091 0.704657 0.424241
0 0.588235 0.424241 0.704657 0.439391
0 0.705882 0.424241 0.822304 0.439391
0 0.823529 0.424241 0.941176 0.439391
0 0.588235 0.439395 0.704657 0.454545
0 0.705882 0.439395 0.822304 0.454545
0 0.823529 0.439395 0.941176 0.454545
0 0.588235 0.454545 0.704657 0.469696
0 0.705882 0.454545 0.822304 0.469696
0 0.823529 0.454545 0.941176 0.469696
0 0.435294 0.469696 0.551716 0.484846
0 0.435294 0.484850 0.551716 0.500000
0 0.435294 0.500000 0.551716 0.515150
0 0.588235 0.530304 0.704657 0.545455
0 0.705882 0.530304 0.822304 0.545455
0 0.823529 0.530304 0.941176 0.545455
0 0.435294 0.545455 0.551716 0.560605
0 0.435294 0.560605 0.551716 0.575755
0 0.588235 0.590909 0.704657 0.606059
0 0.705882 0.590909 0.822304 0.606059
0 0.823529 0.590909 0.941176 0.606059
