0 0.465706 0.106064 0.552963 0.121215
0 0.560991 0.106064 0.595121 0.121215
0 0.665712 0.106064 0.752971 0.121215
0 0.760999 0.106064 0.794149 0.121215
0 0.058826 0.166672 0.716450 0.181826
0 0.058826 0.196978 0.716450 0.212131
0 0.058826 0.227283 0.716450 0.242437
0 0.719309 0.166672 0.941213 0.181826
0 0.741206 0.227282 0.941213 0.242433
0 0.247069 0.242433 0.610563 0.257584
0 0.835327 0.242433 0.941213 0.257584
0 0.082356 0.287889 0.387025 0.303040
0 0.389885 0.287892 0.610563 0.303044
0 0.635319 0.287889 0.941213 0.303040
0 0.223537 0.329558 0.236609 0.339659
0 0.494137 0.329558 0.507209 0.339659
0 0.519301 0.333348 0.716450 0.348500
0 0.719309 0.333348 0.941213 0.348500
0 0.058826 0.378804 0.245843 0.393957
0 0.248703 0.378804 0.598798 0.393957
0 0.601658 0.378804 0.941213 0.393957
0 0.917683 0.410370 0.930755 0.420472
0 0.917683 0.440672 0.930755 0.450773
0 0.447892 0.486762 0.460964 0.496864
0 0.058826 0.515172 0.941213 0.530326
0 0.058826 0.560630 0.292904 0.575782
0 0.295763 0.560630 0.575268 0.575782
0 0.578127 0.560630 0.941213 0.575782
0 0.058826 0.606086 0.292904 0.621238
0 0.295763 0.606086 0.528207 0.621238
0 0.531067 0.606086 0.941213 0.621238
0 0.058826 0.636391 0.941213 0.651544
0 0.058826 0.666692 0.292904 0.681846
0 0.295763 0.666692 0.575268 0.681846
0 0.578127 0.666692 0.941213 0.681846
0 0.058826 0.712150 0.292904 0.727302
0 0.295763 0.712150 0.528207 0.727302
0 0.531067 0.712150 0.941213 0.727302
0 0.058826 0.742454 0.941213 0.757608
0 0.058826 0.772760 0.292904 0.787913
0 0.295763 0.772760 0.575268 0.787913
0 0.578127 0.772760 0.941213 0.787913
0 0.058826 0.818214 0.292904 0.833366
0 0.295763 0.818214 0.528207 0.833366
0 0.531067 0.818214 0.941213 0.833366
0 0.058826 0.848518 0.941213 0.863671
0 0.058826 0.878823 0.294129 0.893977
0 0.295763 0.878823 0.575268 0.893977
0 0.578127 0.878823 0.941213 0.893977
0 0.058826 0.924281 0.292904 0.939433
0 0.295763 0.924281 0.528207 0.939433
0 0.531067 0.924281 0.941213 0.939433
