0 0.682380 0.136369 0.810571 0.151520
0 0.811797 0.136369 0.941213 0.151520
0 0.682380 0.151520 0.810571 0.166671
0 0.811797 0.151520 0.941213 0.166671
0 0.688916 0.166671 0.805260 0.181822
0 0.818333 0.166671 0.934677 0.181822
0 0.682380 0.181822 0.810571 0.196973
0 0.811797 0.181822 0.941213 0.196973
0 0.682380 0.196973 0.810571 0.212123
0 0.811797 0.196973 0.941213 0.212123
0 0.682380 0.212123 0.810571 0.227274
0 0.811797 0.212123 0.941213 0.227274
0 0.682380 0.227274 0.810571 0.242425
0 0.811797 0.227274 0.941213 0.242425
0 0.682380 0.242425 0.810571 0.257576
0 0.811797 0.242425 0.941213 0.257576
0 0.682380 0.257576 0.810571 0.272727
0 0.811797 0.257576 0.941213 0.272727
0 0.682380 0.272727 0.810571 0.287878
0 0.811797 0.272727 0.941213 0.287878
0 0.688916 0.287878 0.805260 0.303029
0 0.818333 0.287878 0.934677 0.303029
0 0.682380 0.303029 0.810571 0.318180
0 0.811797 0.303029 0.941213 0.318180
0 0.688916 0.318180 0.805260 0.333330
0 0.818333 0.318180 0.934677 0.333330
0 0.682380 0.333330 0.810571 0.348481
0 0.811797 0.333330 0.941213 0.348481
0 0.682380 0.363632 0.810571 0.378783
0 0.811797 0.363632 0.941213 0.378783
0 0.682380 0.378783 0.810571 0.393934
0 0.811797 0.378783 0.941213 0.393934
0 0.682380 0.393934 0.810571 0.409085
0 0.811797 0.393934 0.941213 0.409085
0 0.688916 0.409085 0.805260 0.424236
0 0.818333 0.409085 0.934677 0.424236
0 0.682380 0.424236 0.810571 0.439386
0 0.811797 0.424236 0.941213 0.439386
0 0.682380 0.439386 0.810571 0.454537
0 0.811797 0.439386 0.941213 0.454537
0 0.682380 0.469715 0.810571 0.484866
0 0.811797 0.469715 0.941213 0.484866
0 0.682380 0.484866 0.810571 0.500016
0 0.811797 0.484866 0.941213 0.500016
0 0.682380 0.500016 0.810571 0.515167
0 0.811797 0.500016 0.941213 0.515167
0 0.682380 0.515167 0.810571 0.530318
0 0.811797 0.515167 0.941213 0.530318
0 0.682380 0.530318 0.810571 0.545469
0 0.811797 0.530318 0.941213 0.545469
0 0.682380 0.560620 0.810571 0.575771
0 0.811797 0.560620 0.941213 0.575771
0 0.682380 0.575771 0.810571 0.590922
0 0.811797 0.575771 0.941213 0.590922
0 0.682380 0.590922 0.810571 0.606072
0 0.811797 0.590922 0.941213 0.606072
0 0.682380 0.606072 0.810571 0.621223
0 0.811797 0.606072 0.941213 0.621223
0 0.688916 0.621223 0.805260 0.636374
0 0.818333 0.621223 0.934677 0.636374
0 0.682380 0.636374 0.810571 0.651525
0 0.811797 0.636374 0.941213 0.651525
0 0.881734 0.699521 0.894806 0.709622
0 0.917029 0.699521 0.930102 0.709622
0 0.881734 0.729826 0.894806 0.739928
0 0.917029 0.729826 0.930102 0.739928
0 0.881734 0.775283 0.894806 0.785384
0 0.917029 0.775283 0.930102 0.785384
0 0.881734 0.835890 0.894806 0.845991
0 0.917029 0.835890 0.930102 0.845991
0 0.729440 0.863671 0.857632 0.878822
0 0.729476 0.878822 0.857632 0.893973
0 0.881734 0.911652 0.894806 0.921753
0 0.917029 0.911652 0.930102 0.921753
0 0.729440 0.939433 0.857632 0.954584
