0 0.045455 0.153593 0.780871 0.176471
0 0.783081 0.153593 0.954545 0.176471
0 0.045455 0.192810 0.608144 0.215688
0 0.610354 0.192810 0.780871 0.215688
0 0.783081 0.192810 0.954545 0.215688
0 0.836364 0.235294 0.954545 0.253266
0 0.836364 0.254900 0.954545 0.272873
0 0.836364 0.274511 0.954545 0.292484
0 0.384343 0.316173 0.395707 0.330879
0 0.529798 0.316173 0.541162 0.330879
0 0.939395 0.354982 0.950759 0.369688
0 0.264583 0.460779 0.299053 0.475484
0 0.300000 0.455877 0.408144 0.475484
0 0.409091 0.455877 0.517235 0.475484
0 0.518182 0.455877 0.626326 0.475484
0 0.627273 0.455877 0.735417 0.475484
0 0.736364 0.455877 0.844508 0.475484
0 0.845455 0.455877 0.954545 0.475484
0 0.157576 0.475484 0.256061 0.495090
0 0.264583 0.475484 0.299053 0.495090
0 0.300000 0.475484 0.408144 0.495090
0 0.409091 0.475484 0.517235 0.495090
0 0.518182 0.475484 0.626326 0.495090
0 0.627273 0.475484 0.735417 0.495090
0 0.736364 0.475484 0.844508 0.495090
0 0.845455 0.475484 0.954545 0.495090
0 0.157576 0.495090 0.256061 0.514696
0 0.264583 0.495090 0.299053 0.514696
0 0.300000 0.495090 0.408144 0.514696
0 0.409091 0.495090 0.517235 0.514696
0 0.518182 0.495090 0.626326 0.514696
0 0.627273 0.495090 0.735417 0.514696
0 0.736364 0.495090 0.844508 0.514696
0 0.845455 0.495090 0.954545 0.514696
0 0.264583 0.534304 0.299053 0.549008
0 0.300000 0.529402 0.408144 0.549008
0 0.409091 0.529402 0.517235 0.549008
0 0.518182 0.529402 0.626326 0.549008
0 0.627273 0.529402 0.735417 0.549008
0 0.736364 0.529402 0.844508 0.549008
0 0.845455 0.529402 0.954545 0.549008
0 0.157576 0.549008 0.256061 0.568614
0 0.264583 0.549008 0.299053 0.568614
0 0.300000 0.549008 0.408144 0.568614
0 0.409091 0.549008 0.517235 0.568614
0 0.518182 0.549008 0.626326 0.568614
0 0.627273 0.549008 0.735417 0.568614
0 0.736364 0.549008 0.844508 0.568614
0 0.845455 0.549008 0.954545 0.568614
0 0.157576 0.568614 0.256061 0.588221
0 0.264583 0.568614 0.299053 0.588221
0 0.300000 0.568614 0.408144 0.588221
0 0.409091 0.568614 0.517235 0.588221
0 0.518182 0.568614 0.626326 0.588221
0 0.627273 0.568614 0.735417 0.588221
0 0.736364 0.568614 0.844508 0.588221
0 0.845455 0.568614 0.954545 0.588221
0 0.264583 0.607828 0.299053 0.622533
0 0.300000 0.602926 0.408144 0.622533
0 0.409091 0.602926 0.517235 0.622533
0 0.518182 0.602926 0.626326 0.622533
0 0.627273 0.602926 0.735417 0.622533
0 0.736364 0.602926 0.844508 0.622533
0 0.845455 0.602926 0.954545 0.622533
0 0.157576 0.622533 0.256061 0.642139
0 0.264583 0.622533 0.299053 0.642139
0 0.300000 0.622533 0.408144 0.642139
0 0.409091 0.622533 0.517235 0.642139
0 0.518182 0.622533 0.626326 0.642139
0 0.627273 0.622533 0.735417 0.642139
0 0.736364 0.622533 0.844508 0.642139
0 0.845455 0.622533 0.954545 0.642139
0 0.157576 0.642139 0.256061 0.661745
0 0.264583 0.642139 0.299053 0.661745
0 0.300000 0.642139 0.408144 0.661745
0 0.409091 0.642139 0.517235 0.661745
0 0.518182 0.642139 0.626326 0.661745
0 0.627273 0.642139 0.735417 0.661745
0 0.736364 0.642139 0.844508 0.661745
0 0.845455 0.642139 0.954545 0.661745
0 0.264583 0.661745 0.299053 0.681351
0 0.300000 0.661745 0.408144 0.681351
0 0.409091 0.661745 0.517235 0.681351
0 0.518182 0.661745 0.626326 0.681351
0 0.627273 0.661745 0.735417 0.681351
0 0.736364 0.661745 0.844508 0.681351
0 0.845455 0.661745 0.954545 0.681351
0 0.157576 0.681351 0.256061 0.700958
0 0.264583 0.681351 0.299053 0.700958
0 0.300000 0.681351 0.408144 0.700958
0 0.409091 0.681351 0.517235 0.700958
0 0.518182 0.681351 0.626326 0.700958
0 0.627273 0.681351 0.735417 0.700958
0 0.736364 0.681351 0.844508 0.700958
0 0.845455 0.681351 0.954545 0.700958
0 0.157576 0.700958 0.256061 0.720564
0 0.264583 0.700958 0.299053 0.720564
0 0.300000 0.700958 0.408144 0.720564
0 0.409091 0.700958 0.517235 0.720564
0 0.518182 0.700958 0.626326 0.720564
0 0.627273 0.700958 0.735417 0.720564
0 0.736364 0.700958 0.844508 0.720564
0 0.845455 0.700958 0.954545 0.720564
0 0.264583 0.720564 0.299053 0.740170
0 0.300000 0.720564 0.408144 0.740170
0 0.409091 0.720564 0.517235 0.740170
0 0.518182 0.720564 0.626326 0.740170
0 0.627273 0.720564 0.735417 0.740170
0 0.736364 0.720564 0.844508 0.740170
0 0.845455 0.720564 0.954545 0.740170
0 0.157576 0.740170 0.256061 0.759776
0 0.264583 0.740170 0.299053 0.759776
0 0.300000 0.740170 0.408144 0.759776
0 0.409091 0.740170 0.517235 0.759776
0 0.518182 0.740170 0.626326 0.759776
0 0.627273 0.740170 0.735417 0.759776
0 0.736364 0.740170 0.844508 0.759776
0 0.845455 0.740170 0.954545 0.759776
0 0.157576 0.759776 0.256061 0.779382
0 0.264583 0.759776 0.299053 0.779382
0 0.300000 0.759776 0.408144 0.779382
0 0.409091 0.759776 0.517235 0.779382
0 0.518182 0.759776 0.626326 0.779382
0 0.627273 0.759776 0.735417 0.779382
0 0.736364 0.759776 0.844508 0.779382
0 0.845455 0.759776 0.954545 0.779382
0 0.264583 0.815330 0.299053 0.833306
0 0.300000 0.815330 0.408144 0.833306
0 0.409091 0.815330 0.517235 0.833306
0 0.518182 0.815330 0.626326 0.833306
0 0.627273 0.815330 0.735417 0.833306
0 0.736364 0.815330 0.844508 0.833306
0 0.845455 0.815330 0.954545 0.833306
0 0.157576 0.833306 0.256061 0.852912
0 0.264583 0.833306 0.299053 0.852912
0 0.300000 0.833306 0.408144 0.852912
0 0.409091 0.833306 0.517235 0.852912
0 0.518182 0.833306 0.626326 0.852912
0 0.627273 0.833306 0.735417 0.852912
0 0.736364 0.833306 0.844508 0.852912
0 0.845455 0.833306 0.954545 0.852912
0 0.157576 0.852912 0.256061 0.872518
0 0.264583 0.852912 0.299053 0.872518
0 0.300000 0.852912 0.408144 0.872518
0 0.409091 0.852912 0.517235 0.872518
0 0.518182 0.852912 0.626326 0.872518
0 0.627273 0.852912 0.735417 0.872518
0 0.736364 0.852912 0.844508 0.872518
0 0.845455 0.852912 0.954545 0.872518
