0 0.058824 0.118686 0.716422 0.136364
0 0.717647 0.118686 0.941176 0.136364
0 0.058824 0.148990 0.492892 0.166668
0 0.494118 0.148990 0.717647 0.166668
0 0.717647 0.148990 0.941176 0.166668
0 0.811765 0.196968 0.941176 0.212119
0 0.517647 0.257577 0.645833 0.272727
0 0.647059 0.257577 0.775245 0.272727
0 0.517647 0.272727 0.645833 0.287878
0 0.647059 0.272727 0.775245 0.287878
0 0.517647 0.287878 0.645833 0.303028
0 0.647059 0.287878 0.775245 0.303028
0 0.517647 0.303028 0.645833 0.318178
0 0.647059 0.303028 0.775245 0.318178
0 0.517647 0.318178 0.645833 0.333328
0 0.647059 0.318178 0.775245 0.333328
0 0.517647 0.333328 0.645833 0.348479
0 0.647059 0.333328 0.775245 0.348479
0 0.517647 0.363630 0.645833 0.378783
0 0.647059 0.363630 0.775245 0.378783
0 0.517647 0.378783 0.645833 0.393933
0 0.647059 0.378783 0.775245 0.393933
0 0.517647 0.393933 0.645833 0.409083
0 0.647059 0.393933 0.775245 0.409083
0 0.517647 0.409091 0.645833 0.424241
0 0.647059 0.424241 0.775245 0.439391
0 0.811765 0.439395 0.941176 0.454545
0 0.811765 0.454545 0.941176 0.469696
0 0.811765 0.500000 0.941176 0.515150
0 0.647059 0.530304 0.775245 0.545455
0 0.647059 0.560605 0.775245 0.575755
0 0.494444 0.590909 0.576471 0.606059
0 0.647059 0.636364 0.775245 0.651514
0 0.494444 0.651514 0.576471 0.666664
0 0.647059 0.696968 0.775245 0.712119
0 0.494444 0.712122 0.576471 0.727273
0 0.647059 0.757577 0.775245 0.772727
0 0.494444 0.772727 0.576471 0.787878
0 0.647059 0.818182 0.775245 0.833332
0 0.811765 0.848486 0.941176 0.863636
0 0.647059 0.863636 0.775245 0.878787
