0 0.090909 0.196074 0.193372 0.215683
0 0.194319 0.196074 0.296783 0.215683
0 0.297730 0.196074 0.400193 0.215683
0 0.401140 0.196074 0.503604 0.215683
0 0.504551 0.196074 0.607014 0.215683
0 0.607961 0.196074 0.710424 0.215683
0 0.723871 0.200977 0.735235 0.215683
0 0.747735 0.196074 0.850198 0.215683
0 0.851145 0.196074 0.954556 0.215683
0 0.090909 0.215683 0.193372 0.235289
0 0.194319 0.215683 0.296783 0.235289
0 0.297730 0.215683 0.400193 0.235289
0 0.401140 0.215683 0.503604 0.235289
0 0.504551 0.215683 0.607014 0.235289
0 0.607961 0.215683 0.710424 0.235289
0 0.724503 0.218949 0.734604 0.232021
0 0.747735 0.215683 0.850198 0.235289
0 0.851145 0.215683 0.954556 0.235289
0 0.090909 0.235289 0.193372 0.254895
0 0.194319 0.235289 0.296783 0.254895
0 0.297730 0.235289 0.400193 0.254895
0 0.401140 0.235289 0.503604 0.254895
0 0.504551 0.235289 0.607014 0.254895
0 0.607961 0.235289 0.710424 0.254895
0 0.724503 0.238556 0.734604 0.251627
0 0.747735 0.235289 0.850198 0.254895
0 0.851145 0.235289 0.954556 0.254895
0 0.090909 0.274503 0.193372 0.294113
0 0.194319 0.274503 0.296783 0.294113
0 0.297730 0.274503 0.400193 0.294113
0 0.401140 0.274503 0.503604 0.294113
0 0.504551 0.274503 0.607014 0.294113
0 0.607961 0.274503 0.710424 0.294113
0 0.723871 0.279407 0.735235 0.294113
0 0.747735 0.274503 0.850198 0.294113
0 0.851145 0.274503 0.954556 0.294113
0 0.090909 0.294113 0.193372 0.313719
0 0.194319 0.294113 0.296783 0.313719
0 0.297730 0.294113 0.400193 0.313719
0 0.401140 0.294113 0.503604 0.313719
0 0.504551 0.294113 0.607014 0.313719
0 0.607961 0.294113 0.710424 0.313719
0 0.724503 0.297379 0.734604 0.310451
0 0.747735 0.294113 0.850198 0.313719
0 0.851145 0.294113 0.954556 0.313719
0 0.090909 0.313719 0.193372 0.333325
0 0.194319 0.313719 0.296783 0.333325
0 0.297730 0.313719 0.400193 0.333325
0 0.401140 0.313719 0.503604 0.333325
0 0.504551 0.313719 0.607014 0.333325
0 0.607961 0.313719 0.710424 0.333325
0 0.724503 0.316985 0.734604 0.330057
0 0.747735 0.313719 0.850198 0.333325
0 0.851145 0.313719 0.954556 0.333325
0 0.090909 0.352933 0.193372 0.372542
0 0.194319 0.352933 0.296783 0.372542
0 0.297730 0.352933 0.400193 0.372542
0 0.401140 0.352933 0.503604 0.372542
0 0.504551 0.352933 0.607014 0.372542
0 0.607961 0.352933 0.710424 0.372542
0 0.723871 0.357837 0.735235 0.372542
0 0.747735 0.352933 0.850198 0.372542
0 0.851145 0.352933 0.954556 0.372542
0 0.090909 0.372542 0.193372 0.392149
0 0.194319 0.372542 0.296783 0.392149
0 0.297730 0.372542 0.400193 0.392149
0 0.401140 0.372542 0.503604 0.392149
0 0.504551 0.372542 0.607014 0.392149
0 0.607961 0.372542 0.710424 0.392149
0 0.724503 0.375809 0.734604 0.388881
0 0.747735 0.372542 0.850198 0.392149
0 0.851145 0.372542 0.954556 0.392149
0 0.090909 0.392149 0.193372 0.411755
0 0.194319 0.392149 0.296783 0.411755
0 0.297730 0.392149 0.400193 0.411755
0 0.401140 0.392149 0.503604 0.411755
0 0.504551 0.392149 0.607014 0.411755
0 0.607961 0.392149 0.710424 0.411755
0 0.724503 0.395415 0.734604 0.408487
0 0.747735 0.392149 0.850198 0.411755
0 0.851145 0.392149 0.954556 0.411755
0 0.090909 0.411755 0.193372 0.431361
0 0.194319 0.411755 0.296783 0.431361
0 0.297730 0.411755 0.400193 0.431361
0 0.401140 0.411755 0.503604 0.431361
0 0.504551 0.411755 0.607014 0.431361
0 0.607961 0.411755 0.710424 0.431361
0 0.723871 0.416655 0.735235 0.431361
0 0.747735 0.411755 0.850198 0.431361
0 0.851145 0.411755 0.954556 0.431361
0 0.090909 0.431361 0.193372 0.450967
0 0.194319 0.431361 0.296783 0.450967
0 0.297730 0.431361 0.400193 0.450967
0 0.401140 0.431361 0.503604 0.450967
0 0.504551 0.431361 0.607014 0.450967
0 0.607961 0.431361 0.710424 0.450967
0 0.724503 0.434627 0.734604 0.447699
0 0.747735 0.431361 0.850198 0.450967
0 0.851145 0.431361 0.954556 0.450967
0 0.090909 0.450967 0.193372 0.470574
0 0.194319 0.450967 0.296783 0.470574
0 0.297730 0.450967 0.400193 0.470574
0 0.401140 0.450967 0.503604 0.470574
0 0.504551 0.450967 0.607014 0.470574
0 0.607961 0.450967 0.710424 0.470574
0 0.724503 0.454234 0.734604 0.467306
0 0.747735 0.450967 0.850198 0.470574
0 0.851145 0.450967 0.954556 0.470574
0 0.090909 0.470574 0.193372 0.490180
0 0.194319 0.470574 0.296783 0.490180
0 0.297730 0.470574 0.400193 0.490180
0 0.401140 0.470574 0.503604 0.490180
0 0.504551 0.470574 0.607014 0.490180
0 0.607961 0.470574 0.710424 0.490180
0 0.723871 0.475474 0.735235 0.490180
0 0.747735 0.470574 0.850198 0.490180
0 0.851145 0.470574 0.954556 0.490180
0 0.090909 0.509788 0.193372 0.529397
0 0.194319 0.509788 0.296783 0.529397
0 0.297730 0.509788 0.400193 0.529397
0 0.401140 0.509788 0.503604 0.529397
0 0.504551 0.509788 0.607014 0.529397
0 0.607961 0.509788 0.710424 0.529397
0 0.723871 0.514691 0.735235 0.529397
0 0.747735 0.509788 0.850198 0.529397
0 0.851145 0.509788 0.954556 0.529397
0 0.090909 0.529397 0.193372 0.549003
0 0.194319 0.529397 0.296783 0.549003
0 0.297730 0.529397 0.400193 0.549003
0 0.401140 0.529397 0.503604 0.549003
0 0.504551 0.529397 0.607014 0.549003
0 0.607961 0.529397 0.710424 0.549003
0 0.723871 0.534297 0.735235 0.549003
0 0.747735 0.529397 0.850198 0.549003
0 0.851145 0.529397 0.954556 0.549003
0 0.090909 0.549003 0.193372 0.568609
0 0.194319 0.549003 0.296783 0.568609
0 0.297730 0.549003 0.400193 0.568609
0 0.401140 0.549003 0.503604 0.568609
0 0.504551 0.549003 0.607014 0.568609
0 0.607961 0.549003 0.710424 0.568609
0 0.723871 0.553904 0.735235 0.568609
0 0.747735 0.549003 0.850198 0.568609
0 0.851145 0.549003 0.954556 0.568609
0 0.090909 0.568609 0.193372 0.588216
0 0.194319 0.568609 0.296783 0.588216
0 0.297730 0.568609 0.400193 0.588216
0 0.401140 0.568609 0.503604 0.588216
0 0.504551 0.568609 0.607014 0.588216
0 0.607961 0.568609 0.710424 0.588216
0 0.723871 0.573510 0.735235 0.588216
0 0.747735 0.568609 0.850198 0.588216
0 0.851145 0.568609 0.954556 0.588216
0 0.090909 0.588216 0.193372 0.607822
0 0.194319 0.588216 0.296783 0.607822
0 0.297730 0.588216 0.400193 0.607822
0 0.401140 0.588216 0.503604 0.607822
0 0.504551 0.588216 0.607014 0.607822
0 0.607961 0.588216 0.710424 0.607822
0 0.724503 0.591482 0.734604 0.604554
0 0.747735 0.588216 0.850198 0.607822
0 0.851145 0.588216 0.954556 0.607822
0 0.090909 0.607822 0.193372 0.627428
0 0.194319 0.607822 0.296783 0.627428
0 0.297730 0.607822 0.400193 0.627428
0 0.401140 0.607822 0.503604 0.627428
0 0.504551 0.607822 0.607014 0.627428
0 0.607961 0.607822 0.710424 0.627428
0 0.724503 0.611088 0.734604 0.624160
0 0.747735 0.607822 0.850198 0.627428
0 0.851145 0.607822 0.954556 0.627428
0 0.090909 0.627428 0.193372 0.647034
0 0.194319 0.627428 0.296783 0.647034
0 0.297730 0.627428 0.400193 0.647034
0 0.401140 0.627428 0.503604 0.647034
0 0.504551 0.627428 0.607014 0.647034
0 0.607961 0.627428 0.710424 0.647034
0 0.723871 0.632328 0.735235 0.647034
0 0.747735 0.627428 0.850198 0.647034
0 0.851145 0.627428 0.954556 0.647034
0 0.090909 0.647034 0.193372 0.666641
0 0.194319 0.647034 0.296783 0.666641
0 0.297730 0.647034 0.400193 0.666641
0 0.401140 0.647034 0.503604 0.666641
0 0.504551 0.647034 0.607014 0.666641
0 0.607961 0.647034 0.710424 0.666641
0 0.723871 0.649484 0.735235 0.664190
0 0.747735 0.647034 0.850198 0.666641
0 0.851145 0.647034 0.954556 0.666641
0 0.090909 0.666641 0.193372 0.686247
0 0.194319 0.666641 0.296783 0.686247
0 0.297730 0.666641 0.400193 0.686247
0 0.401140 0.666641 0.503604 0.686247
0 0.504551 0.666641 0.607014 0.686247
0 0.607961 0.666641 0.710424 0.686247
0 0.723871 0.669090 0.735235 0.683796
0 0.747735 0.666641 0.850198 0.686247
0 0.851145 0.666641 0.954556 0.686247
0 0.090909 0.686247 0.193372 0.705853
0 0.194319 0.686247 0.296783 0.705853
0 0.297730 0.686247 0.400193 0.705853
0 0.401140 0.686247 0.503604 0.705853
0 0.504551 0.686247 0.607014 0.705853
0 0.607961 0.686247 0.710424 0.705853
0 0.723871 0.691147 0.735235 0.705853
0 0.747735 0.686247 0.850198 0.705853
0 0.851145 0.686247 0.954556 0.705853
