0 0.058826 0.118690 0.728215 0.136369
0 0.729440 0.118690 0.941213 0.136369
0 0.058826 0.148996 0.516442 0.166675
0 0.517667 0.148996 0.729440 0.166675
0 0.729440 0.148996 0.941213 0.166675
0 0.613191 0.212131 0.941213 0.226651
0 0.352955 0.287889 0.469381 0.303040
0 0.470607 0.287889 0.587033 0.303040
0 0.588258 0.287889 0.704684 0.303040
0 0.705910 0.287889 0.822336 0.303040
0 0.823562 0.287889 0.941213 0.303040
0 0.352955 0.318192 0.469381 0.333346
0 0.470607 0.318192 0.587033 0.333346
0 0.588258 0.318192 0.704684 0.333346
0 0.705910 0.318192 0.822336 0.333346
0 0.823562 0.318192 0.941213 0.333346
0 0.352955 0.348498 0.469381 0.363651
0 0.470607 0.348498 0.587033 0.363651
0 0.588258 0.348498 0.704684 0.363651
0 0.705910 0.348498 0.822336 0.363651
0 0.823562 0.348498 0.941213 0.363651
0 0.352955 0.378803 0.469381 0.393957
0 0.470607 0.378803 0.587033 0.393957
0 0.588258 0.378803 0.704684 0.393957
0 0.705910 0.378803 0.822336 0.393957
0 0.823562 0.378803 0.941213 0.393957
0 0.352955 0.393957 0.469381 0.409107
0 0.470607 0.393957 0.587033 0.409107
0 0.588258 0.393957 0.704684 0.409107
0 0.705910 0.393957 0.822336 0.409107
0 0.823562 0.393957 0.941213 0.409107
0 0.352955 0.439412 0.469381 0.454564
0 0.470607 0.439412 0.587033 0.454564
0 0.588258 0.439412 0.704684 0.454564
0 0.705910 0.439412 0.822336 0.454564
0 0.823562 0.439412 0.941213 0.454564
0 0.352955 0.454564 0.469381 0.469715
0 0.470607 0.454564 0.587033 0.469715
0 0.588258 0.454564 0.704684 0.469715
0 0.705910 0.454564 0.822336 0.469715
0 0.823562 0.454564 0.941213 0.469715
0 0.352955 0.469715 0.469381 0.484866
0 0.470607 0.469715 0.587033 0.484866
0 0.588258 0.469715 0.704684 0.484866
0 0.705910 0.469715 0.822336 0.484866
0 0.823562 0.469715 0.941213 0.484866
0 0.352955 0.484866 0.469381 0.500016
0 0.470607 0.484866 0.587033 0.500016
0 0.588258 0.484866 0.704684 0.500016
0 0.705910 0.484866 0.822336 0.500016
0 0.823562 0.484866 0.941213 0.500016
0 0.352955 0.530321 0.469381 0.545473
0 0.470607 0.530321 0.587033 0.545473
0 0.588258 0.530321 0.704684 0.545473
0 0.705910 0.530321 0.822336 0.545473
0 0.823562 0.530321 0.941213 0.545473
0 0.352955 0.545473 0.469381 0.560624
0 0.470607 0.545473 0.587033 0.560624
0 0.588258 0.545473 0.704684 0.560624
0 0.705910 0.545473 0.822336 0.560624
0 0.823562 0.545473 0.941213 0.560624
0 0.352955 0.575776 0.469381 0.590929
0 0.470607 0.575776 0.587033 0.590929
0 0.588258 0.575776 0.704684 0.590929
0 0.705910 0.575776 0.822336 0.590929
0 0.823562 0.575776 0.941213 0.590929
0 0.352955 0.590929 0.469381 0.606080
0 0.470607 0.590929 0.587033 0.606080
0 0.588258 0.590929 0.704684 0.606080
0 0.705910 0.590929 0.822336 0.606080
0 0.823562 0.590929 0.941213 0.606080
0 0.352955 0.606080 0.469381 0.621231
0 0.470607 0.606080 0.587033 0.621231
0 0.588258 0.606080 0.704684 0.621231
0 0.705910 0.606080 0.822336 0.621231
0 0.823562 0.606080 0.941213 0.621231
0 0.352955 0.621231 0.469381 0.636382
0 0.470607 0.621231 0.587033 0.636382
0 0.588258 0.621231 0.704684 0.636382
0 0.705910 0.621231 0.822336 0.636382
0 0.823562 0.621231 0.941213 0.636382
0 0.352955 0.636382 0.469381 0.651533
0 0.470607 0.636382 0.587033 0.651533
0 0.588258 0.636382 0.704684 0.651533
0 0.705910 0.636382 0.822336 0.651533
0 0.823562 0.636382 0.941213 0.651533
0 0.352955 0.666685 0.469381 0.681838
0 0.470607 0.666685 0.587033 0.681838
0 0.588258 0.666685 0.704684 0.681838
0 0.705910 0.666685 0.822336 0.681838
0 0.823562 0.666685 0.941213 0.681838
0 0.352955 0.696990 0.469381 0.712144
0 0.470607 0.696990 0.587033 0.712144
0 0.588258 0.696990 0.704684 0.712144
0 0.705910 0.696990 0.822336 0.712144
0 0.823562 0.696990 0.941213 0.712144
0 0.352955 0.727296 0.469381 0.742449
0 0.470607 0.727296 0.587033 0.742449
0 0.588258 0.727296 0.704684 0.742449
0 0.705910 0.727296 0.822336 0.742449
0 0.823562 0.727296 0.941213 0.742449
0 0.352955 0.742449 0.469381 0.757600
0 0.470607 0.742449 0.587033 0.757600
0 0.588258 0.742449 0.704684 0.757600
0 0.705910 0.742449 0.822336 0.757600
0 0.823562 0.742449 0.941213 0.757600
0 0.352955 0.772752 0.469381 0.787906
0 0.470607 0.772752 0.587033 0.787906
0 0.588258 0.772752 0.704684 0.787906
0 0.705910 0.772752 0.822336 0.787906
0 0.823562 0.772752 0.941213 0.787906
0 0.352955 0.787906 0.469381 0.803056
0 0.470607 0.787906 0.587033 0.803056
0 0.588258 0.787906 0.704684 0.803056
0 0.705910 0.787906 0.822336 0.803056
0 0.823562 0.787906 0.941213 0.803056
0 0.352955 0.803056 0.469381 0.818207
0 0.470607 0.803056 0.587033 0.818207
0 0.588258 0.803056 0.704684 0.818207
0 0.705910 0.803056 0.822336 0.818207
0 0.823562 0.803056 0.941213 0.818207
0 0.352955 0.818207 0.469381 0.833358
0 0.470607 0.818207 0.587033 0.833358
0 0.588258 0.818207 0.704684 0.833358
0 0.705910 0.818207 0.822336 0.833358
0 0.823562 0.818207 0.941213 0.833358
0 0.352955 0.833358 0.469381 0.848509
0 0.470607 0.833358 0.587033 0.848509
0 0.588258 0.833358 0.704684 0.848509
0 0.705910 0.833358 0.822336 0.848509
0 0.823562 0.833358 0.941213 0.848509
0 0.352955 0.848509 0.469381 0.863660
0 0.470607 0.848509 0.587033 0.863660
0 0.588258 0.848509 0.704684 0.863660
0 0.705910 0.848509 0.822336 0.863660
0 0.823562 0.848509 0.941213 0.863660
0 0.352955 0.863660 0.469381 0.878811
0 0.470607 0.863660 0.587033 0.878811
0 0.588258 0.863660 0.704684 0.878811
0 0.705910 0.863660 0.822336 0.878811
0 0.823562 0.863660 0.941213 0.878811
0 0.352955 0.878811 0.469381 0.893962
0 0.470607 0.878811 0.587033 0.893962
0 0.588258 0.878811 0.704684 0.893962
0 0.705910 0.878811 0.822336 0.893962
0 0.823562 0.878811 0.941213 0.893962
0 0.352955 0.893962 0.469381 0.909113
0 0.470607 0.893962 0.587033 0.909113
0 0.588258 0.893962 0.704684 0.909113
0 0.705910 0.893962 0.822336 0.909113
0 0.823562 0.893962 0.941213 0.909113
0 0.352955 0.924265 0.469381 0.939418
0 0.470607 0.924265 0.587033 0.939418
0 0.588258 0.924265 0.704684 0.939418
0 0.705910 0.924265 0.822336 0.939418
0 0.823562 0.924265 0.941213 0.939418
