0 0.305882 0.030934 0.322222 0.043561
0 0.400000 0.030934 0.416340 0.043561
0 0.085621 0.070707 0.480719 0.136364
0 0.082353 0.148990 0.282353 0.166668
0 0.282353 0.148990 0.482353 0.166668
0 0.085621 0.179294 0.480719 0.212122
0 0.085621 0.224749 0.480719 0.242427
0 0.085621 0.255049 0.480719 0.272727
0 0.082353 0.285354 0.482353 0.303032
0 0.500980 0.075759 0.645425 0.090909
0 0.500980 0.121213 0.645425 0.136364
0 0.500980 0.151514 0.645425 0.166664
0 0.665686 0.151514 0.810131 0.166664
0 0.614052 0.183080 0.630392 0.195706
0 0.648693 0.179294 0.810131 0.212122
0 0.482353 0.224749 0.647059 0.242427
