0 0.058826 0.118690 0.635319 0.136369
0 0.635319 0.118690 0.741206 0.136369
0 0.741206 0.118690 0.941213 0.136369
0 0.058826 0.148996 0.741206 0.166675
0 0.058826 0.179301 0.741206 0.196980
0 0.058826 0.209603 0.741206 0.227282
0 0.058826 0.239909 0.741206 0.257587
0 0.752971 0.163615 0.766043 0.173717
0 0.752971 0.184350 0.766043 0.194451
0 0.752971 0.205084 0.766043 0.215186
0 0.741206 0.239909 0.941213 0.257587
0 0.058826 0.303044 0.188243 0.333349
0 0.188243 0.303044 0.282364 0.333349
0 0.282364 0.303044 0.400016 0.333349
0 0.400016 0.303044 0.705910 0.333349
0 0.705910 0.303044 0.835327 0.333349
0 0.835327 0.303044 0.941213 0.333349
0 0.058826 0.333349 0.188243 0.363655
0 0.188243 0.333349 0.282364 0.363655
0 0.282364 0.333349 0.400016 0.363655
0 0.400016 0.333349 0.705910 0.363655
0 0.705910 0.333349 0.835327 0.363655
0 0.835327 0.333349 0.941213 0.363655
0 0.058826 0.363655 0.188243 0.393960
0 0.188243 0.363655 0.282364 0.393960
0 0.282364 0.363655 0.400016 0.393960
0 0.400016 0.363655 0.705910 0.393960
0 0.705910 0.363655 0.835327 0.393960
0 0.835327 0.363655 0.941213 0.393960
0 0.058826 0.393960 0.188243 0.424266
0 0.188243 0.393960 0.282364 0.424266
0 0.282364 0.393960 0.400016 0.424266
0 0.400016 0.393960 0.705910 0.424266
0 0.705910 0.393960 0.835327 0.424266
0 0.835327 0.393960 0.941213 0.424266
0 0.058826 0.424266 0.188243 0.454571
0 0.188243 0.424266 0.282364 0.454571
0 0.282364 0.424266 0.400016 0.454571
0 0.400016 0.424266 0.705910 0.454571
0 0.705910 0.424266 0.835327 0.454571
0 0.835327 0.424266 0.941213 0.454571
0 0.058826 0.454571 0.188243 0.484877
0 0.188243 0.454571 0.282364 0.484877
0 0.282364 0.454571 0.400016 0.484877
0 0.400016 0.454571 0.705910 0.484877
0 0.705910 0.454571 0.835327 0.484877
0 0.835327 0.454571 0.941213 0.484877
0 0.058826 0.484877 0.188243 0.515182
0 0.188243 0.484877 0.282364 0.515182
0 0.282364 0.484877 0.400016 0.515182
0 0.400016 0.484877 0.705910 0.515182
0 0.705910 0.484877 0.835327 0.515182
0 0.835327 0.484877 0.941213 0.515182
0 0.058826 0.515182 0.188243 0.545488
0 0.188243 0.515182 0.282364 0.545488
0 0.282364 0.515182 0.400016 0.545488
0 0.400016 0.515182 0.705910 0.545488
0 0.705910 0.515182 0.835327 0.545488
0 0.835327 0.515182 0.941213 0.545488
0 0.058826 0.545488 0.188243 0.575793
0 0.188243 0.545488 0.282364 0.575793
0 0.282364 0.545488 0.400016 0.575793
0 0.400016 0.545488 0.705910 0.575793
0 0.705910 0.545488 0.835327 0.575793
0 0.835327 0.545488 0.941213 0.575793
0 0.058826 0.575793 0.188243 0.606099
0 0.188243 0.575793 0.282364 0.606099
0 0.282364 0.575793 0.400016 0.606099
0 0.400016 0.575793 0.705910 0.606099
0 0.705910 0.575793 0.835327 0.606099
0 0.835327 0.575793 0.941213 0.606099
0 0.058826 0.618711 0.729440 0.636389
0 0.729440 0.618711 0.941213 0.636389
0 0.058826 0.654064 0.071898 0.664166
0 0.058826 0.669219 0.071898 0.679320
0 0.058826 0.684370 0.071898 0.694471
0 0.188243 0.681846 0.941213 0.696997
0 0.058826 0.696997 0.941213 0.712151
0 0.141182 0.790436 0.154254 0.800537
0 0.741206 0.818215 0.941213 0.833368
