0 0.400000 0.030934 0.416340 0.043561
0 0.085621 0.070707 0.480719 0.166668
0 0.082353 0.196971 0.282353 0.227273
0 0.282353 0.196971 0.482353 0.227273
0 0.085621 0.239899 0.480719 0.272727
0 0.085621 0.285354 0.480719 0.318182
0 0.085621 0.330808 0.480719 0.363636
0 0.082353 0.439395 0.482353 0.454545
0 0.505882 0.090909 0.645425 0.106059
0 0.505882 0.121213 0.645425 0.136364
0 0.505882 0.166668 0.645425 0.181818
0 0.670588 0.166668 0.810131 0.181818
0 0.505882 0.212122 0.645425 0.227273
0 0.670588 0.212122 0.810131 0.227273
0 0.535294 0.229797 0.548366 0.239898
0 0.605882 0.229797 0.618954 0.239898
0 0.701621 0.229797 0.714693 0.239898
0 0.791292 0.229797 0.804364 0.239898
0 0.505882 0.257577 0.645425 0.272727
0 0.670588 0.257577 0.810131 0.272727
0 0.505882 0.287878 0.645425 0.303028
0 0.792368 0.290401 0.805440 0.300503
0 0.482353 0.318183 0.647059 0.333336
0 0.670588 0.318182 0.810131 0.333332
0 0.505882 0.348486 0.645425 0.363636
0 0.647059 0.348482 0.705882 0.363636
0 0.705882 0.348482 0.811765 0.363636
0 0.505882 0.393941 0.645425 0.409091
0 0.647059 0.393939 0.811765 0.409091
0 0.505882 0.439395 0.645425 0.454545
0 0.647059 0.439394 0.811765 0.454545
