0 0.788266 0.106067 0.941213 0.121218
0 0.788266 0.136369 0.941213 0.151520
0 0.788266 0.166675 0.941213 0.181826
0 0.105887 0.227282 0.152947 0.242433
0 0.188243 0.227282 0.235303 0.242433
0 0.270599 0.227282 0.317659 0.242433
0 0.352955 0.227282 0.400016 0.242433
0 0.435311 0.227282 0.482372 0.242433
0 0.517667 0.227282 0.564728 0.242433
0 0.600024 0.227282 0.647084 0.242433
0 0.682380 0.227282 0.729440 0.242433
0 0.764736 0.227282 0.811797 0.242433
0 0.847092 0.227282 0.894153 0.242433
0 0.723558 0.303041 0.743166 0.318193
0 0.758853 0.303041 0.778462 0.318193
0 0.788266 0.303044 0.941213 0.318195
0 0.723558 0.333347 0.743166 0.348499
0 0.758853 0.333347 0.778462 0.348499
0 0.788266 0.363651 0.941213 0.378802
0 0.723558 0.393954 0.743166 0.409106
0 0.758853 0.393954 0.778462 0.409106
0 0.788266 0.454564 0.941213 0.469715
0 0.788266 0.469715 0.941213 0.484866
0 0.788266 0.484869 0.941213 0.500020
0 0.788266 0.515171 0.941213 0.530322
0 0.726826 0.561891 0.743166 0.574518
0 0.762121 0.561891 0.778462 0.574518
0 0.797417 0.561891 0.813757 0.574518
0 0.444810 0.590933 0.470607 0.606084
0 0.482045 0.590933 0.505902 0.606084
0 0.517341 0.590933 0.564728 0.606084
0 0.324849 0.606084 0.447076 0.621235
0 0.623554 0.681846 0.941213 0.696997
