0 0.595121 0.136369 0.729440 0.151520
0 0.814411 0.136369 0.941213 0.151520
0 0.235303 0.155307 0.248376 0.165408
0 0.235303 0.170461 0.248376 0.180563
0 0.541198 0.155307 0.554270 0.165408
0 0.541198 0.170461 0.554270 0.180563
0 0.282364 0.185612 0.295436 0.195714
0 0.400016 0.185612 0.413088 0.195714
0 0.282364 0.200763 0.295436 0.210865
0 0.552963 0.196976 0.941213 0.212127
0 0.924873 0.214655 0.937945 0.224757
0 0.924873 0.244957 0.937945 0.255058
0 0.924873 0.260112 0.937945 0.270213
0 0.105887 0.303045 0.657624 0.363655
0 0.830425 0.287893 0.941213 0.318198
0 0.658849 0.348503 0.941213 0.363655
0 0.105887 0.378807 0.657624 0.393960
0 0.105887 0.409113 0.657624 0.424266
0 0.105887 0.439414 0.657624 0.454568
0 0.105887 0.469720 0.657624 0.484873
0 0.105887 0.500025 0.657624 0.515179
0 0.658849 0.393957 0.941213 0.409111
0 0.658849 0.424263 0.941213 0.439417
0 0.658849 0.453627 0.941213 0.469722
0 0.105887 0.530327 0.657624 0.545480
0 0.105887 0.560633 0.657624 0.575786
0 0.105887 0.590938 0.657624 0.606091
0 0.105887 0.621240 0.657624 0.636393
0 0.658849 0.530327 0.941213 0.545480
0 0.658849 0.560633 0.941213 0.575786
0 0.105887 0.697002 0.716450 0.712155
0 0.717675 0.697002 0.941213 0.712155
0 0.105887 0.727307 0.716450 0.742461
0 0.717675 0.727307 0.941213 0.742461
0 0.752971 0.742457 0.941213 0.757608
0 0.752971 0.757611 0.941213 0.772762
0 0.752971 0.772762 0.941213 0.787913
0 0.752928 0.787913 0.941171 0.803064
0 0.752971 0.818219 0.941213 0.833370
0 0.635319 0.863671 0.787041 0.878822
0 0.788266 0.863671 0.941213 0.878822
0 0.635319 0.878822 0.787041 0.893973
0 0.788266 0.878822 0.941213 0.893973
0 0.635319 0.893973 0.787041 0.909124
0 0.788266 0.893973 0.941213 0.909124
