0 0.670615 0.106064 0.787041 0.121215
0 0.823562 0.121218 0.941213 0.136369
0 0.835327 0.168567 0.850033 0.179932
0 0.899055 0.168567 0.913761 0.179932
0 0.670615 0.196976 0.787041 0.212127
0 0.823562 0.212131 0.941213 0.227282
0 0.670615 0.227282 0.787041 0.242433
0 0.823562 0.242433 0.941213 0.257584
0 0.670615 0.272738 0.787041 0.287889
0 0.670615 0.287889 0.787041 0.303040
0 0.670615 0.303044 0.787041 0.318195
0 0.670615 0.318195 0.787041 0.333346
0 0.823562 0.333346 0.941213 0.348496
0 0.823562 0.348500 0.941213 0.363651
0 0.823562 0.378802 0.941213 0.393953
0 0.823562 0.409107 0.941213 0.424258
