0 0.835327 0.138262 0.850033 0.149626
0 0.899055 0.138262 0.913761 0.149626
0 0.835327 0.153413 0.850033 0.164777
0 0.899055 0.153413 0.913761 0.164777
0 0.835327 0.168567 0.850033 0.179932
0 0.899055 0.168567 0.913761 0.179932
0 0.105887 0.242433 0.388251 0.257586
0 0.400016 0.242433 0.470607 0.257586
0 0.482372 0.242433 0.623554 0.257586
0 0.635319 0.242433 0.682380 0.257586
0 0.694145 0.242433 0.776501 0.257586
0 0.835327 0.274631 0.850033 0.285995
0 0.899055 0.274631 0.913761 0.285995
0 0.670615 0.393957 0.787041 0.409107
0 0.823562 0.409107 0.941213 0.424258
0 0.670615 0.439413 0.787041 0.454564
0 0.670615 0.454564 0.787041 0.469715
0 0.670615 0.469715 0.787041 0.484866
0 0.670615 0.484869 0.787041 0.500020
0 0.823562 0.500020 0.941213 0.515171
0 0.670615 0.545477 0.787041 0.560627
0 0.823562 0.560627 0.941213 0.575778
0 0.835327 0.623131 0.850033 0.634495
0 0.899055 0.623131 0.913761 0.634495
0 0.835327 0.638282 0.850033 0.649646
0 0.899055 0.638282 0.913761 0.649646
0 0.105887 0.727302 0.410147 0.742453
0 0.411781 0.727302 0.482372 0.742453
0 0.484006 0.727302 0.635319 0.742453
0 0.635319 0.727302 0.682380 0.742453
0 0.682380 0.727302 0.776501 0.742453
0 0.105887 0.742453 0.410147 0.757604
0 0.411781 0.742453 0.482372 0.757604
0 0.484006 0.742453 0.635319 0.757604
0 0.635319 0.742453 0.682380 0.757604
0 0.682380 0.742453 0.776501 0.757604
0 0.105887 0.757604 0.410147 0.772755
0 0.411781 0.757604 0.482372 0.772755
0 0.484006 0.757604 0.635319 0.772755
0 0.635319 0.757604 0.682380 0.772755
0 0.682380 0.757604 0.776501 0.772755
0 0.105887 0.772755 0.410147 0.787906
0 0.411781 0.772755 0.482372 0.787906
0 0.484006 0.772755 0.635319 0.787906
0 0.635319 0.772755 0.682380 0.787906
0 0.682380 0.772755 0.776501 0.787906
0 0.670615 0.833366 0.787041 0.848517
0 0.823562 0.848520 0.941213 0.863671
0 0.670615 0.863671 0.787041 0.878822
0 0.823562 0.878822 0.941213 0.893973
0 0.670615 0.893977 0.787041 0.909128
0 0.823562 0.909128 0.941213 0.924279
