0 0.809026 0.128753 0.828715 0.143967
0 0.844319 0.128753 0.864007 0.143967
0 0.879611 0.128753 0.899299 0.143967
0 0.914903 0.128753 0.934592 0.143967
0 0.809026 0.181786 0.828715 0.197001
0 0.844319 0.181786 0.864007 0.197001
0 0.879611 0.181786 0.899299 0.197001
0 0.914903 0.181786 0.934592 0.197001
0 0.809026 0.227240 0.828715 0.242455
0 0.844319 0.228047 0.864007 0.242455
0 0.879611 0.227240 0.899299 0.242455
0 0.914903 0.227240 0.934592 0.242455
0 0.809026 0.257542 0.828715 0.272756
0 0.844319 0.258348 0.864007 0.272756
0 0.879611 0.257542 0.899299 0.272756
0 0.914903 0.257542 0.934592 0.272756
0 0.809026 0.287844 0.828715 0.303059
0 0.844319 0.287844 0.864007 0.303059
0 0.879611 0.287844 0.899299 0.303059
0 0.914903 0.287844 0.934592 0.303059
0 0.924788 0.335853 0.937859 0.345954
0 0.091498 0.409087 0.282338 0.439391
0 0.282338 0.409087 0.411743 0.439391
0 0.411743 0.409087 0.482328 0.439391
0 0.482328 0.409087 0.647025 0.439391
0 0.647025 0.409087 0.705845 0.439391
0 0.705845 0.409087 0.788194 0.439391
0 0.788194 0.409087 0.823486 0.439391
0 0.823486 0.409087 0.905835 0.439391
0 0.905835 0.409087 0.941127 0.439391
0 0.091498 0.439391 0.282338 0.469695
0 0.282338 0.439391 0.411743 0.469695
0 0.411743 0.439391 0.482328 0.469695
0 0.482328 0.439391 0.647025 0.469695
0 0.647025 0.439391 0.705845 0.469695
0 0.705845 0.439391 0.788194 0.469695
0 0.788194 0.439391 0.823486 0.469695
0 0.823486 0.439391 0.905835 0.469695
0 0.905835 0.439391 0.941127 0.469695
0 0.091498 0.469691 0.282338 0.499995
0 0.282338 0.469691 0.411743 0.499995
0 0.411743 0.469691 0.482328 0.499995
0 0.482328 0.469691 0.647025 0.499995
0 0.647025 0.469691 0.705845 0.499995
0 0.705845 0.469691 0.788194 0.499995
0 0.788194 0.469691 0.823486 0.499995
0 0.823486 0.469691 0.905835 0.499995
0 0.905835 0.469691 0.941127 0.499995
0 0.091498 0.499995 0.282338 0.530299
0 0.282338 0.499995 0.411743 0.530299
0 0.411743 0.499995 0.482328 0.530299
0 0.482328 0.499995 0.647025 0.530299
0 0.647025 0.499995 0.705845 0.530299
0 0.705845 0.499995 0.788194 0.530299
0 0.788194 0.499995 0.823486 0.530299
0 0.823486 0.499995 0.905835 0.530299
0 0.905835 0.499995 0.941127 0.530299
0 0.091498 0.530299 0.282338 0.560603
0 0.282338 0.530299 0.411743 0.560603
0 0.411743 0.530299 0.482328 0.560603
0 0.482328 0.530299 0.647025 0.560603
0 0.647025 0.530299 0.705845 0.560603
0 0.705845 0.530299 0.788194 0.560603
0 0.788194 0.530299 0.823486 0.560603
0 0.823486 0.530299 0.905835 0.560603
0 0.905835 0.530299 0.941127 0.560603
0 0.091498 0.560599 0.282338 0.590903
0 0.282338 0.560599 0.411743 0.590903
0 0.411743 0.560599 0.482328 0.590903
0 0.482328 0.560599 0.647025 0.590903
0 0.647025 0.560599 0.705845 0.590903
0 0.705845 0.560599 0.788194 0.590903
0 0.788194 0.560599 0.823486 0.590903
0 0.823486 0.560599 0.905835 0.590903
0 0.905835 0.560599 0.941127 0.590903
0 0.091498 0.590903 0.282338 0.621207
0 0.282338 0.590903 0.411743 0.621207
0 0.411743 0.590903 0.482328 0.621207
0 0.482328 0.590903 0.647025 0.621207
0 0.647025 0.590903 0.705845 0.621207
0 0.705845 0.590903 0.788194 0.621207
0 0.788194 0.590903 0.823486 0.621207
0 0.823486 0.590903 0.905835 0.621207
0 0.905835 0.590903 0.941127 0.621207
0 0.091498 0.621207 0.282338 0.651511
0 0.282338 0.621207 0.411743 0.651511
0 0.411743 0.621207 0.482328 0.651511
0 0.482328 0.621207 0.647025 0.651511
0 0.647025 0.621207 0.705845 0.651511
0 0.705845 0.621207 0.788194 0.651511
0 0.788194 0.621207 0.823486 0.651511
0 0.823486 0.621207 0.905835 0.651511
0 0.905835 0.621207 0.941127 0.651511
0 0.091498 0.651507 0.282338 0.681811
0 0.282338 0.651507 0.411743 0.681811
0 0.411743 0.651507 0.482328 0.681811
0 0.482328 0.651507 0.647025 0.681811
0 0.647025 0.651507 0.705845 0.681811
0 0.705845 0.651507 0.788194 0.681811
0 0.788194 0.651507 0.823486 0.681811
0 0.823486 0.651507 0.905835 0.681811
0 0.905835 0.651507 0.941127 0.681811
0 0.091498 0.681811 0.282338 0.712115
0 0.282338 0.681811 0.411743 0.712115
0 0.411743 0.681811 0.482328 0.712115
0 0.482328 0.681811 0.647025 0.712115
0 0.647025 0.681811 0.705845 0.712115
0 0.705845 0.681811 0.788194 0.712115
0 0.788194 0.681811 0.823486 0.712115
0 0.823486 0.681811 0.905835 0.712115
0 0.905835 0.681811 0.941127 0.712115
0 0.091498 0.712115 0.282338 0.742419
0 0.282338 0.712115 0.411743 0.742419
0 0.411743 0.712115 0.482328 0.742419
0 0.482328 0.712115 0.647025 0.742419
0 0.647025 0.712115 0.705845 0.742419
0 0.705845 0.712115 0.788194 0.742419
0 0.788194 0.712115 0.823486 0.742419
0 0.823486 0.712115 0.905835 0.742419
0 0.905835 0.712115 0.941127 0.742419
0 0.089690 0.742416 0.282338 0.772719
0 0.282338 0.742416 0.411743 0.772719
0 0.411743 0.742416 0.482328 0.772719
0 0.482328 0.742416 0.647025 0.772719
0 0.647025 0.742416 0.705845 0.772719
0 0.705845 0.742416 0.788194 0.772719
0 0.788194 0.742416 0.823486 0.772719
0 0.823486 0.742416 0.905835 0.772719
0 0.905835 0.742416 0.941127 0.772719
0 0.091498 0.772719 0.282338 0.803023
0 0.282338 0.772719 0.411743 0.803023
0 0.411743 0.772719 0.482328 0.803023
0 0.482328 0.772719 0.647025 0.803023
0 0.647025 0.772719 0.705845 0.803023
0 0.705845 0.772719 0.788194 0.803023
0 0.788194 0.772719 0.823486 0.803023
0 0.823486 0.772719 0.905835 0.803023
0 0.905835 0.772719 0.941127 0.803023
0 0.091498 0.803023 0.282338 0.833327
0 0.282338 0.803023 0.411743 0.833327
0 0.411743 0.803023 0.482328 0.833327
0 0.482328 0.803023 0.647025 0.833327
0 0.647025 0.803023 0.705845 0.833327
0 0.705845 0.803023 0.788194 0.833327
0 0.788194 0.803023 0.823486 0.833327
0 0.823486 0.803023 0.905835 0.833327
0 0.905835 0.803023 0.941127 0.833327
0 0.091498 0.833324 0.282338 0.863628
0 0.282338 0.833324 0.411743 0.863628
0 0.411743 0.833324 0.482328 0.863628
0 0.482328 0.833324 0.647025 0.863628
0 0.647025 0.833324 0.705845 0.863628
0 0.705845 0.833324 0.788194 0.863628
0 0.788194 0.833324 0.823486 0.863628
0 0.823486 0.833324 0.905835 0.863628
0 0.905835 0.833324 0.941127 0.863628
0 0.091498 0.863628 0.282338 0.893932
0 0.282338 0.863628 0.411743 0.893932
0 0.411743 0.863628 0.482328 0.893932
0 0.482328 0.863628 0.647025 0.893932
0 0.647025 0.863628 0.705845 0.893932
0 0.705845 0.863628 0.788194 0.893932
0 0.788194 0.863628 0.823486 0.893932
0 0.823486 0.863628 0.905835 0.893932
0 0.905835 0.863628 0.941127 0.893932
