0 0.058820 0.148988 0.727740 0.166666
0 0.731008 0.148988 0.941127 0.166666
0 0.423507 0.183709 0.436579 0.193810
0 0.541148 0.183709 0.554219 0.193810
0 0.682317 0.181816 0.941127 0.196966
0 0.082349 0.348483 0.257585 0.378787
0 0.260035 0.363634 0.316405 0.378787
0 0.319264 0.348483 0.515986 0.378787
0 0.517620 0.363634 0.622271 0.378787
0 0.623497 0.363634 0.728148 0.378787
0 0.729374 0.363634 0.834025 0.378787
0 0.835250 0.363634 0.941127 0.378787
0 0.082349 0.378787 0.257585 0.409091
0 0.260035 0.393938 0.316405 0.409091
0 0.319264 0.378787 0.515986 0.409091
0 0.517620 0.393938 0.622271 0.409091
0 0.623497 0.393938 0.728148 0.409091
0 0.729374 0.393938 0.834025 0.409091
0 0.835250 0.393938 0.941127 0.409091
0 0.082349 0.409091 0.257585 0.439395
0 0.260035 0.424242 0.316405 0.439395
0 0.319264 0.409091 0.515986 0.439395
0 0.517620 0.424242 0.622271 0.439395
0 0.623497 0.424242 0.728148 0.439395
0 0.729374 0.424242 0.834025 0.439395
0 0.835250 0.424242 0.941127 0.439395
0 0.082349 0.439395 0.257585 0.469699
0 0.260035 0.454546 0.316405 0.469699
0 0.319264 0.439395 0.515986 0.469699
0 0.517620 0.454546 0.622271 0.469699
0 0.623497 0.454546 0.728148 0.469699
0 0.729374 0.454546 0.834025 0.469699
0 0.835250 0.454546 0.941127 0.469699
0 0.082349 0.469699 0.257585 0.500003
0 0.260035 0.484850 0.316405 0.500003
0 0.319264 0.469699 0.515986 0.500003
0 0.517620 0.484850 0.622271 0.500003
0 0.623497 0.484850 0.728148 0.500003
0 0.729374 0.484850 0.834025 0.500003
0 0.835250 0.484850 0.941127 0.500003
0 0.082349 0.500003 0.257585 0.530307
0 0.260035 0.515154 0.316405 0.530307
0 0.319264 0.500003 0.515986 0.530307
0 0.517620 0.515154 0.622271 0.530307
0 0.623497 0.515154 0.728148 0.530307
0 0.729374 0.515154 0.834025 0.530307
0 0.835250 0.515154 0.941127 0.530307
0 0.082349 0.530307 0.257585 0.560610
0 0.260035 0.545458 0.316405 0.560610
0 0.319264 0.530307 0.515986 0.560610
0 0.517620 0.545458 0.622271 0.560610
0 0.623497 0.545458 0.728148 0.560610
0 0.729374 0.545458 0.834025 0.560610
0 0.835250 0.545458 0.941127 0.560610
0 0.082349 0.560610 0.257585 0.590914
0 0.260035 0.575762 0.316405 0.590914
0 0.319264 0.560610 0.515986 0.590914
0 0.517620 0.575762 0.622271 0.590914
0 0.623497 0.575762 0.728148 0.590914
0 0.729374 0.575762 0.834025 0.590914
0 0.835250 0.575762 0.941127 0.590914
0 0.082349 0.590914 0.257585 0.621218
0 0.260035 0.606066 0.316405 0.621218
0 0.319264 0.590914 0.515986 0.621218
0 0.517620 0.606066 0.622271 0.621218
0 0.623497 0.606066 0.728148 0.621218
0 0.729374 0.606066 0.834025 0.621218
0 0.835250 0.606066 0.941127 0.621218
0 0.082349 0.621218 0.257585 0.651522
0 0.260035 0.636370 0.316405 0.651522
0 0.319264 0.621218 0.515986 0.651522
0 0.517620 0.636370 0.622271 0.651522
0 0.623497 0.636370 0.728148 0.651522
0 0.729374 0.636370 0.834025 0.651522
0 0.835250 0.636370 0.941127 0.651522
0 0.082349 0.651522 0.257585 0.681826
0 0.260035 0.666674 0.316405 0.681826
0 0.319264 0.651522 0.515986 0.681826
0 0.517620 0.666674 0.622271 0.681826
0 0.623497 0.666674 0.728148 0.681826
0 0.729374 0.666674 0.834025 0.681826
0 0.835250 0.666674 0.941127 0.681826
0 0.082349 0.681826 0.257585 0.712130
0 0.260035 0.696978 0.316405 0.712130
0 0.319264 0.681826 0.515986 0.712130
0 0.517620 0.696978 0.622271 0.712130
0 0.623497 0.696978 0.728148 0.712130
0 0.729374 0.696978 0.834025 0.712130
0 0.835250 0.696978 0.941127 0.712130
0 0.082349 0.712130 0.257585 0.742434
0 0.260035 0.727282 0.316405 0.742434
0 0.319264 0.712130 0.515986 0.742434
0 0.517620 0.727282 0.622271 0.742434
0 0.623497 0.727282 0.728148 0.742434
0 0.729374 0.727282 0.834025 0.742434
0 0.835250 0.727282 0.941127 0.742434
0 0.082349 0.742434 0.257585 0.772738
0 0.260035 0.757586 0.316405 0.772738
0 0.319264 0.742434 0.515986 0.772738
0 0.517620 0.757586 0.622271 0.772738
0 0.623497 0.757586 0.728148 0.772738
0 0.729374 0.757586 0.834025 0.772738
0 0.835250 0.757586 0.941127 0.772738
0 0.517620 0.787871 0.622271 0.803023
0 0.623497 0.787871 0.728148 0.803023
0 0.729374 0.787871 0.834025 0.803023
0 0.835250 0.787871 0.941127 0.803023
