0 0.058820 0.134454 0.764666 0.151516
0 0.764666 0.133838 0.941127 0.151516
0 0.403245 0.154036 0.416316 0.164137
0 0.497358 0.154036 0.510429 0.164137
0 0.638599 0.151512 0.941127 0.166662
0 0.082349 0.257571 0.411743 0.287875
0 0.411743 0.257571 0.588205 0.287875
0 0.588205 0.257571 0.764666 0.287875
0 0.764666 0.257571 0.941127 0.287875
0 0.082349 0.287875 0.411743 0.318179
0 0.411743 0.287875 0.588205 0.318179
0 0.588205 0.287875 0.764666 0.318179
0 0.764666 0.287875 0.941127 0.318179
0 0.082349 0.318179 0.411743 0.348483
0 0.411743 0.318179 0.588205 0.348483
0 0.588205 0.318179 0.764666 0.348483
0 0.764666 0.318179 0.941127 0.348483
0 0.082349 0.348483 0.411743 0.378787
0 0.411743 0.348483 0.588205 0.378787
0 0.588205 0.348483 0.764666 0.378787
0 0.764666 0.348483 0.941127 0.378787
0 0.082349 0.378787 0.411743 0.409091
0 0.411743 0.378787 0.588205 0.409091
0 0.588205 0.378787 0.764666 0.409091
0 0.764666 0.378787 0.941127 0.409091
0 0.082349 0.409091 0.411743 0.439395
0 0.411743 0.409091 0.588205 0.439395
0 0.588205 0.409091 0.764666 0.439395
0 0.764666 0.409091 0.941127 0.439395
0 0.082349 0.439395 0.411743 0.469699
0 0.411743 0.439395 0.588205 0.469699
0 0.588205 0.439395 0.764666 0.469699
0 0.764666 0.439395 0.941127 0.469699
0 0.082349 0.469699 0.411743 0.500003
0 0.411743 0.469699 0.588205 0.500003
0 0.588205 0.469699 0.764666 0.500003
0 0.764666 0.469699 0.941127 0.500003
0 0.082349 0.500003 0.411743 0.530307
0 0.411743 0.500003 0.588205 0.530307
0 0.588205 0.500003 0.764666 0.530307
0 0.764666 0.500003 0.941127 0.530307
0 0.082349 0.530307 0.411743 0.560610
0 0.411743 0.530307 0.588205 0.560610
0 0.588205 0.530307 0.764666 0.560610
0 0.764666 0.530307 0.941127 0.560610
0 0.082349 0.560610 0.411743 0.590914
0 0.411743 0.560610 0.588205 0.590914
0 0.588205 0.560610 0.764666 0.590914
0 0.764666 0.560610 0.941127 0.590914
0 0.082349 0.590914 0.411743 0.621218
0 0.411743 0.590914 0.588205 0.621218
0 0.588205 0.590914 0.764666 0.621218
0 0.764666 0.590914 0.941127 0.621218
0 0.082349 0.621218 0.411743 0.651522
0 0.411743 0.621218 0.588205 0.651522
0 0.588205 0.621218 0.764666 0.651522
0 0.764666 0.621218 0.941127 0.651522
0 0.082349 0.651522 0.411743 0.681826
0 0.411743 0.651522 0.588205 0.681826
0 0.588205 0.651522 0.764666 0.681826
0 0.764666 0.651522 0.941127 0.681826
0 0.082349 0.681826 0.411743 0.712130
0 0.411743 0.681826 0.588205 0.712130
0 0.588205 0.681826 0.764666 0.712130
0 0.764666 0.681826 0.941127 0.712130
0 0.411743 0.712130 0.588205 0.742434
0 0.588205 0.712130 0.764666 0.742434
0 0.764666 0.712130 0.941127 0.742434
0 0.764666 0.757569 0.941127 0.772719
0 0.588205 0.787870 0.764666 0.803023
0 0.588205 0.818174 0.764666 0.833327
0 0.588205 0.848478 0.764666 0.863628
0 0.764666 0.878778 0.941127 0.893932
0 0.764666 0.909082 0.941127 0.924236
