0 0.205882 0.105891 0.235294 0.121042
0 0.434912 0.105891 0.576471 0.121042
0 0.603928 0.105891 0.635294 0.121042
0 0.727703 0.105891 0.870588 0.121042
0 0.898046 0.105891 0.929227 0.121042
0 0.058824 0.133672 0.671570 0.151350
0 0.671222 0.133672 0.940546 0.151350
0 0.800000 0.212122 0.937908 0.227273
0 0.800000 0.242427 0.937908 0.257577
0 0.800000 0.272727 0.937908 0.287878
0 0.800000 0.303032 0.937908 0.318182
0 0.800000 0.333332 0.937908 0.348482
0 0.800000 0.363636 0.937908 0.378787
0 0.800000 0.424241 0.937908 0.439513
