0 0.079967 0.122795 0.277769 0.168441
0 0.285858 0.122795 0.429621 0.168441
0 0.440112 0.122795 0.691298 0.168441
0 0.699371 0.122795 0.833445 0.168441
0 0.841533 0.122795 0.970754 0.168441
0 0.079967 0.183656 0.277769 0.229302
0 0.285041 0.183656 0.428804 0.229302
0 0.440112 0.183656 0.691298 0.229302
0 0.699371 0.183656 0.833445 0.229302
0 0.842334 0.183656 0.971555 0.229302
0 0.079967 0.244517 0.277769 0.290163
0 0.285041 0.244517 0.428804 0.290163
0 0.440112 0.244517 0.691298 0.290163
0 0.699371 0.244517 0.833445 0.290163
0 0.842334 0.244517 0.971555 0.290163
0 0.079967 0.305378 0.277769 0.351024
0 0.285041 0.305378 0.428804 0.351024
0 0.440112 0.305378 0.691298 0.351024
0 0.699371 0.305378 0.833445 0.351024
0 0.842334 0.305378 0.971555 0.351024
