0 0.080784 0.122795 0.269811 0.138011
0 0.281462 0.122795 0.498121 0.138011
0 0.505082 0.122795 0.652098 0.138011
0 0.659059 0.122795 0.828526 0.138011
0 0.836255 0.122795 0.971669 0.138011
0 0.080784 0.198872 0.440079 0.229302
0 0.447825 0.198872 0.973221 0.229302
0 0.080784 0.244517 0.269811 0.274948
0 0.281462 0.244517 0.684599 0.274948
0 0.695433 0.244517 0.827758 0.274948
0 0.836255 0.254265 0.970133 0.274935
0 0.080784 0.351024 0.273717 0.396670
0 0.281462 0.351024 0.424605 0.396670
0 0.434671 0.351024 0.687687 0.396670
0 0.696201 0.351024 0.827758 0.396670
0 0.837039 0.351024 0.968581 0.396670
0 0.080784 0.411885 0.273717 0.457531
0 0.281462 0.411885 0.424605 0.457531
0 0.435439 0.411885 0.688455 0.457531
0 0.695596 0.411885 0.827153 0.457531
0 0.837840 0.411885 0.969381 0.457531
0 0.080784 0.472746 0.273717 0.518392
0 0.281462 0.472746 0.424605 0.518392
0 0.435439 0.472746 0.688455 0.518392
0 0.695596 0.472746 0.827153 0.518392
0 0.837840 0.472746 0.969381 0.518392
0 0.080784 0.533607 0.273717 0.579253
0 0.281462 0.533607 0.424605 0.579253
0 0.435439 0.533607 0.688455 0.579253
0 0.695596 0.533607 0.827153 0.579253
0 0.837840 0.533607 0.969381 0.579253
0 0.080784 0.594468 0.273717 0.640114
0 0.281462 0.594468 0.424605 0.640114
0 0.435439 0.594468 0.688455 0.640114
0 0.695596 0.594468 0.827153 0.640114
0 0.837840 0.594468 0.969381 0.640114
0 0.080784 0.655329 0.273717 0.700975
0 0.281462 0.655329 0.424605 0.700975
0 0.435439 0.655329 0.688455 0.700975
0 0.695596 0.655329 0.827153 0.700975
0 0.837840 0.655329 0.969381 0.700975
0 0.080784 0.716191 0.273717 0.761836
0 0.281462 0.716191 0.424605 0.761836
0 0.435439 0.716191 0.688455 0.761836
0 0.695596 0.716191 0.827153 0.761836
0 0.837840 0.716191 0.969381 0.761836
0 0.080784 0.777052 0.273717 0.822697
0 0.281462 0.777052 0.424605 0.822697
0 0.435439 0.777052 0.688455 0.822697
0 0.695596 0.777052 0.827153 0.822697
0 0.837840 0.777052 0.969381 0.822697
0 0.080784 0.837913 0.273717 0.883558
0 0.281462 0.837913 0.424605 0.883558
0 0.435439 0.837913 0.688455 0.883558
0 0.695596 0.837913 0.827153 0.883558
0 0.837840 0.837913 0.969381 0.883558
