0 0.058826 0.118690 0.775276 0.136369
0 0.776501 0.118690 0.941213 0.136369
0 0.058826 0.148996 0.941213 0.166675
0 0.058826 0.179301 0.941213 0.196980
0 0.058826 0.209603 0.941213 0.227282
0 0.798724 0.229806 0.811797 0.239907
0 0.105887 0.255060 0.776501 0.272738
0 0.776501 0.255060 0.941213 0.272738
0 0.105887 0.285365 0.941213 0.303044
0 0.105887 0.315671 0.941213 0.333349
0 0.823562 0.351024 0.836634 0.361126
0 0.882388 0.351024 0.895460 0.361126
0 0.823562 0.381326 0.836634 0.391427
0 0.882388 0.381326 0.895460 0.391427
0 0.152947 0.515171 0.247069 0.530322
0 0.258834 0.515171 0.305894 0.530322
0 0.331059 0.500020 0.634093 0.545477
0 0.636953 0.500020 0.941213 0.545477
0 0.152947 0.560627 0.247069 0.575778
0 0.258834 0.560627 0.305894 0.575778
0 0.331059 0.545477 0.634093 0.590933
0 0.636953 0.545477 0.941213 0.590933
0 0.152947 0.606084 0.247069 0.621235
0 0.258834 0.606084 0.305894 0.621235
0 0.331059 0.590933 0.634093 0.636389
0 0.636953 0.590933 0.941213 0.636389
0 0.152947 0.651540 0.247069 0.666691
0 0.258834 0.651540 0.305894 0.666691
0 0.331059 0.636389 0.634093 0.681846
0 0.636953 0.636389 0.941213 0.681846
0 0.117652 0.714675 0.130724 0.724777
0 0.235303 0.714675 0.248376 0.724777
0 0.376485 0.714675 0.389558 0.724777
0 0.517667 0.714675 0.530740 0.724777
0 0.635319 0.714675 0.648391 0.724777
0 0.117652 0.729826 0.130724 0.739928
0 0.376485 0.729826 0.389558 0.739928
0 0.517667 0.729826 0.530740 0.739928
0 0.200008 0.760132 0.213080 0.770233
0 0.294129 0.760132 0.307202 0.770233
0 0.388251 0.760132 0.401323 0.770233
0 0.482372 0.760132 0.495444 0.770233
0 0.505902 0.757608 0.577147 0.772758
0 0.105887 0.790433 0.118959 0.800535
0 0.376485 0.790433 0.389558 0.800535
0 0.105887 0.805588 0.118959 0.815690
0 0.376485 0.805588 0.389558 0.815690
0 0.670615 0.878822 0.787041 0.893973
0 0.823562 0.893977 0.941213 0.909128
