0 0.058826 0.118690 0.787041 0.136369
0 0.788266 0.118690 0.941213 0.136369
0 0.058826 0.148996 0.941213 0.166675
0 0.058826 0.179301 0.941213 0.196980
0 0.058826 0.209603 0.941213 0.227282
0 0.823562 0.244957 0.836634 0.255058
0 0.882388 0.244957 0.895460 0.255058
0 0.117652 0.290413 0.130724 0.300515
0 0.235303 0.290413 0.248376 0.300515
0 0.376485 0.290413 0.389558 0.300515
0 0.517667 0.290413 0.530740 0.300515
0 0.635319 0.290413 0.648391 0.300515
0 0.117652 0.305568 0.130724 0.315669
0 0.376485 0.305568 0.389558 0.315669
0 0.517667 0.305568 0.530740 0.315669
0 0.211773 0.335870 0.224845 0.345971
0 0.305894 0.335870 0.318967 0.345971
0 0.400016 0.335870 0.413088 0.345971
0 0.494137 0.335870 0.507209 0.345971
0 0.588258 0.335870 0.601331 0.345971
0 0.682380 0.335870 0.695452 0.345971
0 0.776501 0.335870 0.789573 0.345971
0 0.870622 0.335870 0.883695 0.345971
0 0.211773 0.351024 0.224845 0.361126
0 0.305894 0.351024 0.318967 0.361126
0 0.400016 0.351024 0.413088 0.361126
0 0.494137 0.351024 0.507209 0.361126
0 0.588258 0.351024 0.601331 0.361126
0 0.682380 0.351024 0.695452 0.361126
0 0.776501 0.351024 0.789573 0.361126
0 0.870622 0.351024 0.883695 0.361126
0 0.294129 0.366175 0.307202 0.376277
0 0.529433 0.366175 0.542505 0.376277
0 0.294129 0.381326 0.307202 0.391427
0 0.529433 0.381326 0.542505 0.391427
0 0.670615 0.454564 0.787041 0.469715
0 0.823562 0.469715 0.941213 0.484866
0 0.670615 0.545477 0.787041 0.560627
0 0.823562 0.560627 0.941213 0.575778
0 0.823562 0.575782 0.941213 0.590933
0 0.823562 0.606084 0.941213 0.621235
0 0.823562 0.636389 0.941213 0.651540
0 0.823562 0.666695 0.941213 0.681846
0 0.823562 0.696997 0.941213 0.712148
0 0.823562 0.742453 0.941213 0.757604
0 0.823562 0.772758 0.941213 0.787909
0 0.717675 0.818215 0.941213 0.833366
0 0.470607 0.848520 0.729440 0.863674
0 0.142816 0.893974 0.387025 0.909128
0 0.787578 0.885767 0.800651 0.895868
0 0.823562 0.893974 0.941213 0.909128
0 0.247069 0.909128 0.704684 0.924279
0 0.247069 0.924279 0.704684 0.939429
0 0.788266 0.909128 0.941213 0.924279
0 0.776501 0.924279 0.941213 0.939429
