0 0.388235 0.127273 0.805882 0.145455
0 0.058824 0.252727 0.941176 0.272727
0 0.058824 0.289091 0.941176 0.309091
0 0.058824 0.325455 0.941176 0.345455
0 0.059088 0.361818 0.494382 0.381818
0 0.505882 0.361818 0.788235 0.381818
0 0.800000 0.361818 0.941176 0.381818
0 0.058824 0.398182 0.941176 0.418182
0 0.277778 0.466414 0.294118 0.479040
0 0.329412 0.466364 0.441176 0.481818
0 0.452941 0.466364 0.564706 0.481818
0 0.576471 0.466364 0.688235 0.481818
0 0.700000 0.466364 0.811765 0.481818
0 0.823529 0.466364 0.941176 0.481818
0 0.277778 0.484596 0.294118 0.497222
0 0.329412 0.484545 0.441176 0.500000
0 0.452941 0.484545 0.564706 0.500000
0 0.576471 0.484545 0.688235 0.500000
0 0.700000 0.484545 0.811765 0.500000
0 0.823529 0.484545 0.941176 0.500000
0 0.277778 0.502778 0.294118 0.515404
0 0.329412 0.502727 0.441176 0.518182
0 0.452941 0.502727 0.564706 0.518182
0 0.576471 0.502727 0.688235 0.518182
0 0.700000 0.502727 0.811765 0.518182
0 0.823529 0.502727 0.941176 0.518182
0 0.277778 0.520960 0.294118 0.533586
0 0.329412 0.520909 0.441176 0.536364
0 0.452941 0.520909 0.564706 0.536364
0 0.576471 0.520909 0.688235 0.536364
0 0.700000 0.520909 0.811765 0.536364
0 0.823529 0.520909 0.941176 0.536364
0 0.277778 0.539141 0.294118 0.551768
0 0.329412 0.539091 0.441176 0.554545
0 0.452941 0.539091 0.564706 0.554545
0 0.576471 0.539091 0.688235 0.554545
0 0.700000 0.539091 0.811765 0.554545
0 0.823529 0.539091 0.941176 0.554545
0 0.277778 0.557323 0.294118 0.569949
0 0.329412 0.557273 0.441176 0.572727
0 0.452941 0.557273 0.564706 0.572727
0 0.576471 0.557273 0.688235 0.572727
0 0.700000 0.557273 0.811765 0.572727
0 0.823529 0.557273 0.941176 0.572727
0 0.277778 0.575505 0.294118 0.588131
0 0.329412 0.575455 0.441176 0.590909
0 0.452941 0.575455 0.564706 0.590909
0 0.576471 0.575455 0.688235 0.590909
0 0.700000 0.575455 0.811765 0.590909
0 0.823529 0.575455 0.941176 0.590909
0 0.277778 0.593687 0.294118 0.606313
0 0.329412 0.593636 0.441176 0.609091
0 0.452941 0.593636 0.564706 0.609091
0 0.576471 0.593636 0.688235 0.609091
0 0.700000 0.593636 0.811765 0.609091
0 0.823529 0.593636 0.941176 0.609091
0 0.277778 0.611869 0.294118 0.624495
0 0.329412 0.611818 0.441176 0.627273
0 0.452941 0.611818 0.564706 0.627273
0 0.576471 0.611818 0.688235 0.627273
0 0.700000 0.611818 0.811765 0.627273
0 0.823529 0.611818 0.941176 0.627273
0 0.277778 0.630051 0.294118 0.642677
0 0.329412 0.630000 0.441176 0.645455
0 0.452941 0.630000 0.564706 0.645455
0 0.576471 0.630000 0.688235 0.645455
0 0.700000 0.630000 0.811765 0.645455
0 0.823529 0.630000 0.941176 0.645455
0 0.277778 0.648232 0.294118 0.660859
0 0.329412 0.648182 0.441176 0.663636
0 0.452941 0.648182 0.564706 0.663636
0 0.576471 0.648182 0.688235 0.663636
0 0.700000 0.648182 0.811765 0.663636
0 0.823529 0.648182 0.941176 0.663636
0 0.277778 0.666414 0.294118 0.679040
0 0.329412 0.666364 0.441176 0.681818
0 0.452941 0.666364 0.564706 0.681818
0 0.576471 0.666364 0.688235 0.681818
0 0.700000 0.666364 0.811765 0.681818
0 0.823529 0.666364 0.941176 0.681818
0 0.277778 0.691414 0.294118 0.704040
0 0.329412 0.698182 0.441176 0.713636
0 0.058824 0.759091 0.241176 0.777273
0 0.277778 0.761869 0.294118 0.774495
0 0.329412 0.759091 0.405882 0.777273
0 0.417647 0.759091 0.494118 0.777273
0 0.505882 0.759091 0.682353 0.777273
0 0.718954 0.761869 0.735294 0.774495
0 0.770588 0.759091 0.852941 0.777273
0 0.858823 0.759091 0.941176 0.777273
0 0.058824 0.777273 0.241176 0.795455
0 0.277778 0.780050 0.294118 0.792677
0 0.329412 0.777273 0.405882 0.795455
0 0.417647 0.777273 0.494118 0.795455
0 0.505882 0.777273 0.682353 0.795455
0 0.718954 0.780050 0.735294 0.792677
0 0.770588 0.777273 0.852941 0.795455
0 0.858823 0.777273 0.941176 0.795455
0 0.058824 0.795455 0.241176 0.813636
0 0.277778 0.798232 0.294118 0.810859
0 0.329412 0.795455 0.405882 0.813636
0 0.417647 0.795455 0.494118 0.813636
0 0.505882 0.795455 0.682353 0.813636
0 0.718954 0.798232 0.735294 0.810859
0 0.770588 0.795455 0.852941 0.813636
0 0.858823 0.795455 0.941176 0.813636
0 0.058824 0.813636 0.241176 0.831818
0 0.277778 0.816414 0.294118 0.829040
0 0.329412 0.813636 0.405882 0.831818
0 0.417647 0.813636 0.494118 0.831818
0 0.505882 0.813636 0.682353 0.831818
0 0.718954 0.816414 0.735294 0.829040
0 0.770588 0.813636 0.852941 0.831818
0 0.858823 0.813636 0.941176 0.831818
0 0.058824 0.831818 0.241176 0.850000
0 0.277778 0.834596 0.294118 0.847222
0 0.329412 0.831818 0.405882 0.850000
0 0.417647 0.831818 0.494118 0.850000
0 0.505882 0.831818 0.682353 0.850000
0 0.718954 0.834596 0.735294 0.847222
0 0.770588 0.831818 0.852941 0.850000
0 0.858823 0.831818 0.941176 0.850000
0 0.058824 0.850000 0.241176 0.868182
0 0.277778 0.852778 0.294118 0.865404
0 0.329412 0.850000 0.405882 0.868182
0 0.417647 0.850000 0.494118 0.868182
0 0.505882 0.850000 0.682353 0.868182
0 0.718954 0.852778 0.735294 0.865404
0 0.770588 0.850000 0.852941 0.868182
0 0.858823 0.850000 0.941176 0.868182
0 0.058824 0.868182 0.241176 0.886364
0 0.277778 0.870960 0.294118 0.883586
0 0.329412 0.868182 0.405882 0.886364
0 0.417647 0.868182 0.494118 0.886364
0 0.505882 0.868182 0.682353 0.886364
0 0.718954 0.870960 0.735294 0.883586
0 0.770588 0.868182 0.852941 0.886364
0 0.858823 0.868182 0.941176 0.886364
0 0.058824 0.886364 0.241176 0.904545
0 0.277778 0.889141 0.294118 0.901768
0 0.329412 0.886364 0.405882 0.904545
0 0.417647 0.886364 0.494118 0.904545
0 0.505882 0.886364 0.682353 0.904545
0 0.718954 0.889141 0.735294 0.901768
0 0.770588 0.886364 0.852941 0.904545
0 0.858823 0.886364 0.941176 0.904545
