0 0.058824 0.118686 0.728186 0.136364
0 0.729412 0.118686 0.941176 0.136364
0 0.823529 0.181818 0.941176 0.196968
0 0.823529 0.212122 0.941176 0.227273
0 0.830065 0.227273 0.934641 0.242423
0 0.823529 0.242423 0.941176 0.257573
0 0.823529 0.257577 0.941176 0.272727
0 0.823529 0.272727 0.941176 0.287878
0 0.830065 0.287878 0.934641 0.303028
0 0.823529 0.303032 0.941176 0.318182
0 0.823529 0.318182 0.941176 0.333332
0 0.823529 0.333332 0.941176 0.348482
0 0.823529 0.348486 0.941176 0.363636
0 0.823529 0.363636 0.941176 0.378787
0 0.823529 0.378787 0.941176 0.393937
0 0.823529 0.393941 0.941176 0.409091
0 0.823529 0.409091 0.941176 0.424241
0 0.823529 0.424241 0.941176 0.439391
0 0.823529 0.439395 0.941176 0.454545
0 0.823529 0.454545 0.941176 0.469696
0 0.823529 0.469696 0.941176 0.484846
0 0.830065 0.484850 0.934641 0.500000
0 0.823529 0.500000 0.941176 0.515150
0 0.823529 0.515150 0.941176 0.530300
0 0.823529 0.545455 0.941176 0.560605
0 0.823529 0.636364 0.941176 0.651514
0 0.823529 0.681818 0.941176 0.696968
0 0.823529 0.742423 0.941176 0.757573
0 0.823529 0.818182 0.941176 0.833332
0 0.823529 0.833332 0.941176 0.848482
0 0.823529 0.909091 0.941176 0.924241
0 0.823529 0.924241 0.941176 0.939391
