0 0.823529 0.106059 0.941176 0.121210
0 0.823529 0.166668 0.941176 0.181818
0 0.823529 0.196968 0.941176 0.212119
0 0.823529 0.257577 0.941176 0.272727
0 0.823529 0.272727 0.941176 0.287878
0 0.823529 0.287878 0.941176 0.303028
0 0.823529 0.318182 0.941176 0.333332
0 0.823529 0.363636 0.941176 0.378787
0 0.823529 0.439395 0.941176 0.454545
0 0.823529 0.454545 0.941176 0.469696
0 0.823529 0.469696 0.941176 0.484846
0 0.823529 0.484850 0.941176 0.500000
0 0.823529 0.500000 0.941176 0.515150
0 0.823529 0.545455 0.941176 0.560605
0 0.823529 0.590909 0.941176 0.606059
0 0.823529 0.651514 0.941176 0.666664
0 0.823529 0.666668 0.941176 0.681818
0 0.823529 0.681818 0.941176 0.696968
0 0.823529 0.696968 0.941176 0.712119
0 0.823529 0.712122 0.941176 0.727273
0 0.823529 0.727273 0.941176 0.742423
0 0.823529 0.757577 0.941176 0.772727
0 0.823529 0.772727 0.941176 0.787878
0 0.823529 0.803032 0.941176 0.818182
0 0.823529 0.818182 0.941176 0.833332
0 0.823529 0.833332 0.941176 0.848482
0 0.823529 0.848486 0.941176 0.863636
0 0.823529 0.878787 0.941176 0.893937
0 0.823529 0.909091 0.941176 0.924241
