0 0.058826 0.118690 0.751745 0.136369
0 0.752971 0.118690 0.941213 0.136369
0 0.262755 0.136369 0.941213 0.151520
0 0.298705 0.151520 0.517667 0.166671
0 0.728133 0.151520 0.941213 0.166671
0 0.847092 0.184350 0.860164 0.194451
0 0.905918 0.184350 0.918990 0.194451
0 0.847092 0.199185 0.860164 0.209286
0 0.905918 0.199185 0.918990 0.209286
0 0.823562 0.227282 0.941213 0.242433
0 0.670615 0.257587 0.787041 0.272738
0 0.670615 0.272738 0.787041 0.287889
0 0.670615 0.287889 0.787041 0.303040
0 0.670615 0.303044 0.787041 0.318195
0 0.670615 0.318195 0.787041 0.333346
0 0.670615 0.333346 0.787041 0.348496
0 0.670615 0.348500 0.787041 0.363651
0 0.823562 0.363651 0.941213 0.378802
0 0.823562 0.378802 0.941213 0.393953
0 0.823562 0.409107 0.941213 0.424258
0 0.823562 0.424258 0.941213 0.439409
0 0.823562 0.439413 0.941213 0.454564
0 0.823562 0.454564 0.941213 0.469715
0 0.823562 0.500020 0.941213 0.515171
0 0.823562 0.515171 0.941213 0.530322
0 0.823562 0.530326 0.941213 0.545477
0 0.823562 0.545477 0.941213 0.560627
0 0.670615 0.575782 0.787041 0.590933
0 0.823562 0.590933 0.941213 0.606084
0 0.823562 0.606084 0.941213 0.621235
0 0.823562 0.621238 0.941213 0.636389
0 0.541198 0.651540 0.941213 0.666691
0 0.105887 0.666695 0.941213 0.681846
0 0.847092 0.684370 0.860164 0.694471
0 0.905918 0.684370 0.918990 0.694471
0 0.109153 0.730458 0.122225 0.740559
0 0.800031 0.742453 0.941213 0.757604
0 0.109153 0.760132 0.122225 0.770233
0 0.109153 0.775283 0.122225 0.785384
0 0.109153 0.790433 0.122225 0.800535
0 0.109153 0.805588 0.122225 0.815690
0 0.823562 0.833366 0.941213 0.848517
0 0.823562 0.848520 0.941213 0.863671
0 0.823562 0.863671 0.941213 0.878822
0 0.823562 0.878822 0.941213 0.893973
0 0.823562 0.893977 0.941213 0.909128
0 0.823562 0.909128 0.941213 0.924279
0 0.823562 0.924279 0.941213 0.939429
0 0.823562 0.939433 0.941213 0.954584
