0 0.083987 0.133840 0.716422 0.151518
0 0.719281 0.133840 0.941176 0.151518
0 0.083987 0.164140 0.716422 0.181818
0 0.719281 0.164140 0.941176 0.181818
0 0.083987 0.194444 0.716422 0.212122
0 0.719281 0.194444 0.941176 0.212122
0 0.083987 0.224749 0.941176 0.242427
0 0.083987 0.270201 0.941176 0.287878
0 0.058824 0.333332 0.210539 0.348482
0 0.213399 0.333332 0.941176 0.348482
0 0.058824 0.348482 0.210539 0.363633
0 0.213399 0.348482 0.941176 0.363633
0 0.058824 0.363633 0.210539 0.378783
0 0.213399 0.363633 0.941176 0.378783
0 0.058824 0.378783 0.210539 0.393933
0 0.213399 0.378783 0.941176 0.393933
0 0.835294 0.472220 0.848366 0.482321
0 0.897386 0.472220 0.910458 0.482321
0 0.835294 0.487374 0.848366 0.497475
0 0.897386 0.487374 0.910458 0.497475
0 0.835294 0.516727 0.848366 0.526828
0 0.897386 0.516727 0.910458 0.526828
0 0.550327 0.530304 0.941176 0.545455
0 0.401961 0.545455 0.517647 0.560605
0 0.578758 0.545455 0.647059 0.560605
0 0.364706 0.560605 0.941176 0.575755
0 0.105882 0.575759 0.941176 0.590909
0 0.367320 0.606059 0.941176 0.621210
0 0.337909 0.621213 0.941176 0.636364
0 0.105882 0.651514 0.941176 0.666664
0 0.105882 0.681819 0.941176 0.696972
0 0.105882 0.712120 0.941176 0.727273
0 0.105882 0.742424 0.941176 0.757577
0 0.105882 0.772729 0.941176 0.787881
0 0.452709 0.848486 0.941176 0.863636
0 0.105882 0.863636 0.941176 0.878787
0 0.105882 0.878790 0.941176 0.893941
