0 0.541918 0.090909 0.588977 0.103534
0 0.142810 0.118686 0.670588 0.136364
0 0.142810 0.148990 0.670588 0.181818
0 0.142810 0.194444 0.670588 0.212122
0 0.670588 0.118686 0.941176 0.136364
0 0.672222 0.148990 0.941176 0.181818
0 0.672222 0.194444 0.941176 0.212122
0 0.058824 0.257577 0.388235 0.272727
0 0.058824 0.272727 0.388235 0.287878
0 0.058824 0.287878 0.388235 0.303028
0 0.388235 0.287880 0.529412 0.303032
0 0.529412 0.287880 0.670588 0.303032
0 0.670588 0.287880 0.798775 0.303032
0 0.800000 0.287880 0.941176 0.303032
0 0.058824 0.303032 0.388235 0.318182
0 0.058824 0.318182 0.388235 0.333332
0 0.058824 0.333332 0.388235 0.348482
0 0.388235 0.333335 0.529412 0.348486
0 0.529412 0.333335 0.670588 0.348486
0 0.670588 0.333335 0.798775 0.348486
0 0.800000 0.333335 0.941176 0.348486
0 0.058824 0.348486 0.388235 0.363636
0 0.058824 0.363636 0.388235 0.378787
0 0.058824 0.378787 0.388235 0.393937
0 0.388235 0.378789 0.529412 0.393941
0 0.529412 0.378789 0.670588 0.393941
0 0.670588 0.378789 0.798775 0.393941
0 0.800000 0.378789 0.941176 0.393941
0 0.058824 0.393941 0.388235 0.409091
0 0.058824 0.409091 0.388235 0.424241
0 0.058824 0.424241 0.388235 0.439391
0 0.388235 0.424244 0.529412 0.439395
0 0.529412 0.424244 0.670588 0.439395
0 0.670588 0.424244 0.798775 0.439395
0 0.800000 0.424244 0.941176 0.439395
0 0.058824 0.439395 0.388235 0.454545
0 0.058824 0.454545 0.388235 0.469696
0 0.058824 0.469696 0.388235 0.484846
0 0.388235 0.469698 0.529412 0.484850
0 0.529412 0.469698 0.670588 0.484850
0 0.670588 0.469698 0.798775 0.484850
0 0.800000 0.469698 0.941176 0.484850
0 0.058824 0.484850 0.388235 0.500000
0 0.058824 0.500004 0.388235 0.515154
0 0.058824 0.515154 0.388235 0.530304
0 0.388235 0.515153 0.529412 0.530304
0 0.529412 0.515153 0.670588 0.530304
0 0.670588 0.515153 0.798775 0.530304
0 0.800000 0.515153 0.941176 0.530304
0 0.058824 0.530304 0.388235 0.545455
0 0.058824 0.545455 0.388235 0.560605
0 0.058824 0.560605 0.388235 0.575755
0 0.388235 0.560607 0.529412 0.575759
0 0.529412 0.560607 0.670588 0.575759
0 0.670588 0.560607 0.798775 0.575759
0 0.800000 0.560607 0.941176 0.575759
0 0.058824 0.575759 0.388235 0.590909
0 0.058824 0.590909 0.388235 0.606059
0 0.058824 0.606059 0.388235 0.621210
0 0.388235 0.606062 0.529412 0.621213
0 0.529412 0.606062 0.670588 0.621213
0 0.670588 0.606062 0.798775 0.621213
0 0.800000 0.606062 0.941176 0.621213
0 0.058824 0.621213 0.388235 0.636364
0 0.058824 0.636364 0.388235 0.651514
0 0.058824 0.651514 0.388235 0.666664
0 0.388235 0.651516 0.529412 0.666668
0 0.529412 0.651516 0.670588 0.666668
0 0.670588 0.651516 0.798775 0.666668
0 0.800000 0.651516 0.941176 0.666668
0 0.058824 0.666668 0.388235 0.681818
0 0.058824 0.681818 0.388235 0.696968
0 0.058824 0.696968 0.388235 0.712119
0 0.388235 0.696971 0.529412 0.712122
0 0.529412 0.696971 0.670588 0.712122
0 0.670588 0.696971 0.798775 0.712122
0 0.800000 0.696971 0.941176 0.712122
0 0.058824 0.712122 0.388235 0.727273
0 0.058824 0.727273 0.388235 0.742423
0 0.058824 0.742423 0.388235 0.757573
0 0.388235 0.742425 0.529412 0.757577
0 0.529412 0.742425 0.670588 0.757577
0 0.670588 0.742425 0.798775 0.757577
0 0.800000 0.742425 0.941176 0.757577
0 0.058824 0.757577 0.388235 0.772727
0 0.058824 0.772727 0.388235 0.787878
0 0.058824 0.787878 0.388235 0.803028
0 0.388235 0.787880 0.529412 0.803032
0 0.529412 0.787880 0.670588 0.803032
0 0.670588 0.787880 0.798775 0.803032
0 0.800000 0.787880 0.941176 0.803032
0 0.058824 0.803032 0.388235 0.818182
0 0.058824 0.818182 0.388235 0.833332
0 0.058824 0.833332 0.388235 0.848482
0 0.388235 0.833335 0.529412 0.848486
0 0.529412 0.833335 0.670588 0.848486
0 0.670588 0.833335 0.798775 0.848486
0 0.800000 0.833335 0.941176 0.848486
0 0.058824 0.848486 0.388235 0.863636
0 0.058824 0.863636 0.388235 0.878787
0 0.058824 0.878787 0.388235 0.893937
0 0.388235 0.878789 0.529412 0.893941
0 0.529412 0.878789 0.670588 0.893941
0 0.670588 0.878789 0.798775 0.893941
0 0.800000 0.878789 0.941176 0.893941
0 0.058824 0.893941 0.388235 0.909091
0 0.058824 0.909091 0.388235 0.924241
0 0.058824 0.924241 0.388235 0.939391
0 0.388235 0.924244 0.529412 0.939395
0 0.529412 0.924244 0.670588 0.939395
0 0.670588 0.924244 0.798775 0.939395
0 0.800000 0.924244 0.941176 0.939395
