0 0.059144 0.252727 0.606203 0.272727
0 0.617967 0.252727 0.941497 0.272727
0 0.059144 0.289091 0.500320 0.345455
0 0.070908 0.363636 0.106203 0.381818
0 0.117967 0.363636 0.165026 0.381818
0 0.176791 0.363636 0.247379 0.381818
0 0.317967 0.363636 0.353261 0.381818
0 0.365026 0.363636 0.412085 0.381818
0 0.423850 0.363636 0.494438 0.381818
0 0.059144 0.398182 0.500320 0.418182
0 0.512085 0.289091 0.941497 0.309091
0 0.512085 0.325455 0.941497 0.345455
0 0.512085 0.361818 0.941497 0.418182
0 0.070908 0.436364 0.106203 0.454545
0 0.117967 0.436364 0.165026 0.454545
0 0.176791 0.436364 0.247379 0.454545
0 0.058824 0.476136 0.073529 0.487500
0 0.129412 0.476136 0.144118 0.487500
0 0.205882 0.475455 0.235294 0.490909
0 0.241176 0.475505 0.257516 0.488131
0 0.059144 0.507273 0.300320 0.527273
0 0.335614 0.511818 0.500320 0.527273
0 0.512085 0.454040 0.525157 0.464141
0 0.576791 0.454040 0.589863 0.464141
0 0.512085 0.472727 0.941497 0.527273
0 0.059144 0.580000 0.300320 0.600000
0 0.312085 0.580000 0.559144 0.600000
0 0.570908 0.580000 0.942141 0.600000
0 0.059144 0.616364 0.300320 0.636364
0 0.312085 0.618182 0.353261 0.636364
0 0.376791 0.618182 0.417967 0.636364
0 0.441497 0.618182 0.494438 0.636364
0 0.512085 0.616364 0.941497 0.672727
0 0.070908 0.654545 0.106203 0.672727
0 0.117967 0.654545 0.165026 0.672727
0 0.176791 0.654545 0.247379 0.672727
0 0.317967 0.654545 0.353261 0.672727
0 0.365026 0.654545 0.412085 0.672727
0 0.423850 0.654545 0.494438 0.672727
0 0.058824 0.690595 0.300000 0.709091
0 0.311765 0.689091 0.558824 0.709091
0 0.570588 0.689091 0.941820 0.709091
0 0.058824 0.725455 0.300000 0.745455
0 0.311765 0.727273 0.352941 0.745455
0 0.376471 0.727273 0.417647 0.745455
0 0.441176 0.727273 0.494118 0.745455
0 0.512085 0.725455 0.941497 0.781818
0 0.070588 0.763636 0.105882 0.781818
0 0.117647 0.763636 0.164706 0.781818
0 0.176471 0.763636 0.247059 0.781818
0 0.317647 0.763636 0.352941 0.781818
0 0.364706 0.763636 0.411765 0.781818
0 0.423529 0.763636 0.494118 0.781818
0 0.058824 0.799686 0.300000 0.818182
0 0.311765 0.798182 0.558824 0.818182
0 0.570588 0.798182 0.941820 0.818182
0 0.058824 0.834545 0.300000 0.854545
0 0.311765 0.836364 0.352941 0.854545
0 0.376471 0.836364 0.417647 0.854545
0 0.441176 0.836364 0.494118 0.854545
0 0.512085 0.834545 0.941497 0.890909
0 0.070588 0.872727 0.105882 0.890909
0 0.117647 0.872727 0.164706 0.890909
0 0.176471 0.872727 0.247059 0.890909
0 0.317647 0.872727 0.352941 0.890909
0 0.364706 0.872727 0.411765 0.890909
0 0.423529 0.872727 0.494118 0.890909
