0 0.058828 0.218182 0.941167 0.354545
0 0.576476 0.436396 0.611770 0.454578
0 0.623534 0.436396 0.670593 0.454578
0 0.682358 0.436396 0.747064 0.454578
0 0.758814 0.434578 0.941167 0.454578
0 0.058949 0.457356 0.075289 0.469982
0 0.758814 0.498215 0.941167 0.518215
0 0.058949 0.520992 0.075289 0.533619
0 0.058828 0.602760 0.941167 0.622760
0 0.058828 0.639124 0.747064 0.659124
0 0.764696 0.640942 0.799990 0.659124
0 0.811755 0.640942 0.858814 0.659124
0 0.870578 0.640942 0.941167 0.659124
0 0.058949 0.716414 0.075289 0.729040
0 0.058842 0.757273 0.558827 0.777273
0 0.570593 0.757273 0.747064 0.777273
0 0.758814 0.757273 0.941167 0.777273
0 0.058842 0.793636 0.747077 0.813636
0 0.764696 0.795455 0.799990 0.813636
0 0.811755 0.795455 0.858814 0.813636
0 0.870578 0.795455 0.941167 0.813636
0 0.811765 0.813636 0.858809 0.827273
0 0.870588 0.813636 0.911765 0.827273
0 0.417657 0.925455 0.747069 0.954545
0 0.758814 0.925455 0.941167 0.954545
