0 0.070588 0.200000 0.176471 0.220000
0 0.217647 0.200000 0.317647 0.220000
0 0.358824 0.200000 0.458824 0.220000
0 0.500000 0.200000 0.594118 0.220000
0 0.770588 0.204545 0.941176 0.222727
0 0.070588 0.250000 0.176471 0.270000
0 0.217647 0.250000 0.317647 0.270000
0 0.358824 0.250000 0.458824 0.270000
0 0.500000 0.250000 0.594118 0.270000
0 0.770588 0.254545 0.941176 0.272727
0 0.770588 0.272727 0.941176 0.304545
0 0.770588 0.322727 0.941176 0.340909
0 0.770588 0.340909 0.941176 0.359091
0 0.770588 0.359091 0.941176 0.386364
0 0.770588 0.386364 0.941176 0.404545
0 0.770588 0.404545 0.941176 0.422727
0 0.741176 0.454545 0.941176 0.468182
0 0.058824 0.531818 0.752941 0.545455
0 0.770588 0.554545 0.941176 0.581818
0 0.211765 0.604545 0.358824 0.619091
0 0.770588 0.581818 0.941176 0.622727
0 0.770588 0.622727 0.941176 0.640909
0 0.770588 0.640909 0.941176 0.668182
0 0.770588 0.668182 0.941176 0.695455
0 0.770588 0.695455 0.941176 0.713636
0 0.770588 0.713636 0.941176 0.740909
0 0.770588 0.740909 0.941176 0.759091
0 0.770588 0.759091 0.941176 0.777273
0 0.511765 0.777273 0.711765 0.792727
0 0.770588 0.777273 0.941176 0.795455
0 0.770588 0.795455 0.941176 0.813636
0 0.770598 0.304545 0.941186 0.322727
0 0.382353 0.286364 0.711765 0.301818
0 0.770588 0.813636 0.941176 0.845455
0 0.611209 0.845455 0.711765 0.860909
0 0.770588 0.845455 0.941176 0.863636
0 0.476471 0.827273 0.711765 0.842727
0 0.741176 0.893636 0.941176 0.909091
0 0.741176 0.939091 0.941176 0.954545
