0 0.070588 0.213636 0.176471 0.229091
0 0.205882 0.213636 0.311765 0.229091
0 0.341176 0.213636 0.441176 0.229091
0 0.476471 0.213636 0.588235 0.229091
0 0.770588 0.213636 0.941176 0.231818
0 0.070588 0.268182 0.176471 0.283636
0 0.205882 0.268182 0.311765 0.283636
0 0.341176 0.268182 0.441176 0.283636
0 0.470588 0.268182 0.588235 0.283636
0 0.770588 0.268182 0.941176 0.286364
0 0.770588 0.286364 0.941176 0.313636
0 0.770588 0.329545 0.941176 0.345455
0 0.770588 0.345455 0.941176 0.361364
0 0.770588 0.361364 0.941176 0.397727
0 0.770588 0.397727 0.941176 0.413636
0 0.770588 0.413636 0.941176 0.429545
0 0.741176 0.456818 0.941176 0.475000
0 0.770588 0.547727 0.941176 0.572727
0 0.505882 0.595455 0.576471 0.610000
0 0.770588 0.572727 0.941176 0.613636
0 0.770588 0.613636 0.941176 0.629545
0 0.770588 0.629545 0.941176 0.654545
0 0.770588 0.654545 0.941176 0.679545
0 0.770588 0.679545 0.941176 0.695455
0 0.770588 0.695455 0.941176 0.720455
0 0.770588 0.720455 0.941176 0.736364
0 0.770588 0.736364 0.941176 0.754545
0 0.547059 0.754545 0.711765 0.770000
0 0.770588 0.754545 0.941176 0.772727
0 0.770588 0.772727 0.941176 0.800000
0 0.770588 0.313636 0.941176 0.329545
0 0.535294 0.295455 0.711765 0.310909
0 0.770588 0.800000 0.941176 0.840909
0 0.223529 0.854545 0.711765 0.870000
0 0.770588 0.840909 0.941176 0.872727
0 0.270588 0.822727 0.711765 0.838182
0 0.741176 0.898182 0.941176 0.913636
0 0.741176 0.939091 0.941176 0.954545
