0 0.252941 0.095455 0.358824 0.113636
0 0.088235 0.359091 0.941176 0.427273
0 0.088235 0.532269 0.104575 0.544895
0 0.088235 0.550451 0.104575 0.563077
0 0.470588 0.547673 0.941176 0.565855
0 0.088235 0.623178 0.104575 0.635804
0 0.088235 0.641360 0.104575 0.653986
0 0.088235 0.659542 0.104575 0.672168
0 0.088235 0.677724 0.104575 0.690350
0 0.541176 0.484091 0.826471 0.497727
0 0.088235 0.230000 0.376471 0.250000
0 0.652941 0.266364 0.941176 0.286364
0 0.388235 0.266364 0.641176 0.286364
0 0.088235 0.266364 0.376471 0.286364
0 0.388235 0.230000 0.641176 0.250000
0 0.652941 0.230000 0.941176 0.250000
