0 0.482353 0.116364 0.582353 0.131818
0 0.088235 0.248182 0.376471 0.272727
0 0.388235 0.248182 0.623529 0.272727
0 0.635294 0.248182 0.941176 0.272727
0 0.088235 0.284545 0.376471 0.309091
0 0.388235 0.284545 0.623529 0.309091
0 0.635294 0.284545 0.941176 0.309091
0 0.087614 0.412140 0.941176 0.463958
0 0.088235 0.580682 0.102941 0.592045
0 0.088235 0.607955 0.102941 0.619318
0 0.652941 0.604545 0.941176 0.622727
0 0.088235 0.676082 0.102941 0.687446
0 0.088235 0.694264 0.102941 0.705628
0 0.088235 0.712446 0.102941 0.723809
0 0.088235 0.730628 0.102941 0.741991
