0 0.652941 0.168182 0.764706 0.181818
0 0.058824 0.200960 0.075163 0.213586
0 0.123529 0.200960 0.139869 0.213586
0 0.058824 0.382273 0.494118 0.411364
0 0.506016 0.393182 0.547193 0.411364
0 0.570722 0.393182 0.606016 0.411364
0 0.629546 0.393182 0.682487 0.411364
0 0.058824 0.427727 0.494118 0.456818
0 0.506016 0.438636 0.547193 0.456818
0 0.570652 0.438636 0.605946 0.456818
0 0.629546 0.438636 0.682487 0.456818
0 0.059106 0.473182 0.935368 0.515909
0 0.059167 0.532269 0.935637 0.574996
0 0.806087 0.577792 0.822426 0.590418
0 0.870792 0.577792 0.887132 0.590418
0 0.806087 0.595973 0.822426 0.608600
0 0.870792 0.595973 0.887132 0.608600
0 0.059106 0.629109 0.117930 0.647290
0 0.141459 0.629109 0.259106 0.647290
0 0.059237 0.673232 0.075577 0.685859
0 0.476753 0.670455 0.941459 0.688636
0 0.094400 0.688636 0.941459 0.706818
0 0.059237 0.709596 0.075577 0.722222
0 0.559106 0.706818 0.941459 0.725000
0 0.094118 0.736364 0.941176 0.754545
0 0.059237 0.759596 0.075577 0.772222
0 0.523812 0.756818 0.941459 0.775000
0 0.094400 0.775000 0.941459 0.793182
0 0.059237 0.795960 0.075577 0.808586
0 0.694118 0.793182 0.941176 0.811364
0 0.094400 0.811364 0.941459 0.829545
0 0.059237 0.832323 0.075577 0.844950
0 0.412047 0.829545 0.941459 0.847727
0 0.617930 0.847727 0.735577 0.865909
