0 0.147059 0.284091 0.794118 0.302273
0 0.147059 0.311364 0.794118 0.329545
0 0.147059 0.334091 0.794118 0.352273
0 0.147059 0.356818 0.794118 0.375000
0 0.147059 0.379545 0.794118 0.397727
0 0.147059 0.402273 0.794118 0.465909
0 0.147059 0.475000 0.794118 0.493182
0 0.591176 0.579545 0.697059 0.593182
0 0.220588 0.643182 0.429412 0.656818
0 0.117647 0.695455 0.782353 0.709091
0 0.117647 0.718182 0.176471 0.731818
0 0.282353 0.736364 0.323529 0.750000
0 0.358824 0.829545 0.558824 0.843182
0 0.170588 0.920455 0.394118 0.934091
0 0.441176 0.920455 0.552941 0.934091
0 0.282353 0.936364 0.417647 0.950000
