0 0.058824 0.239091 0.605882 0.263636
0 0.617647 0.239091 0.941176 0.263636
0 0.058824 0.275455 0.500000 0.340909
0 0.070588 0.359091 0.105882 0.377273
0 0.117647 0.359091 0.164706 0.377273
0 0.176471 0.359091 0.247059 0.377273
0 0.317647 0.359091 0.352941 0.377273
0 0.364706 0.359091 0.411765 0.377273
0 0.423529 0.359091 0.494118 0.377273
0 0.058824 0.389091 0.500000 0.413636
0 0.511765 0.275455 0.941176 0.295455
0 0.511765 0.320909 0.941176 0.340909
0 0.511765 0.366364 0.941176 0.413636
0 0.070588 0.431818 0.105882 0.450000
0 0.117647 0.431818 0.164706 0.450000
0 0.176471 0.431818 0.247059 0.450000
0 0.058824 0.471591 0.073529 0.482955
0 0.129412 0.471591 0.144118 0.482955
0 0.311765 0.461818 0.500000 0.486364
0 0.058824 0.498182 0.300000 0.522727
0 0.323529 0.507273 0.500000 0.522727
0 0.511765 0.440404 0.524837 0.450505
0 0.576471 0.440404 0.589542 0.450505
0 0.511765 0.480000 0.941176 0.522727
0 0.058824 0.566364 0.300000 0.590909
0 0.311765 0.566364 0.558824 0.590909
0 0.570588 0.566364 0.941176 0.590909
0 0.058824 0.602727 0.300000 0.627273
0 0.311765 0.609091 0.352941 0.627273
0 0.376471 0.609091 0.417647 0.627273
0 0.441176 0.609091 0.494118 0.627273
0 0.511765 0.602727 0.941176 0.663636
0 0.070588 0.645455 0.105882 0.663636
0 0.117647 0.645455 0.164706 0.663636
0 0.176471 0.645455 0.247059 0.663636
0 0.317647 0.645455 0.352941 0.663636
0 0.364706 0.645455 0.411765 0.663636
0 0.423529 0.645455 0.494118 0.663636
0 0.058824 0.675454 0.300000 0.700000
0 0.311765 0.675454 0.558824 0.700000
0 0.570588 0.675454 0.941176 0.700000
0 0.058824 0.711818 0.300000 0.736364
0 0.311765 0.718182 0.352941 0.736364
0 0.376471 0.718182 0.417647 0.736364
0 0.441176 0.718182 0.494118 0.736364
0 0.511765 0.711818 0.941176 0.772727
0 0.070588 0.754545 0.105882 0.772727
0 0.117647 0.754545 0.164706 0.772727
0 0.176471 0.754545 0.247059 0.772727
0 0.317647 0.754545 0.352941 0.772727
0 0.364706 0.754545 0.411765 0.772727
0 0.423529 0.754545 0.494118 0.772727
0 0.058824 0.784545 0.300000 0.809091
0 0.311765 0.784545 0.558824 0.809091
0 0.570588 0.784545 0.941176 0.809091
0 0.058824 0.820909 0.300000 0.845455
0 0.311765 0.827273 0.352941 0.845455
0 0.376471 0.827273 0.417647 0.845455
0 0.441176 0.827273 0.494118 0.845455
0 0.511765 0.820909 0.941176 0.881818
0 0.070588 0.863636 0.105882 0.881818
0 0.117647 0.863636 0.164706 0.881818
0 0.176471 0.863636 0.247059 0.881818
0 0.317647 0.863636 0.352941 0.881818
0 0.364706 0.863636 0.411765 0.881818
0 0.423529 0.863636 0.494118 0.881818
