0 0.082353 0.177273 0.394118 0.192727
0 0.623529 0.177273 0.935294 0.192727
0 0.082353 0.240909 0.394118 0.256364
0 0.623529 0.240909 0.935294 0.256364
0 0.082353 0.363636 0.288235 0.380909
0 0.376471 0.363636 0.582353 0.380909
0 0.658824 0.363636 0.935294 0.381818
0 0.058824 0.476136 0.073529 0.487500
0 0.129412 0.476136 0.144118 0.487500
0 0.058824 0.512500 0.073529 0.523864
0 0.129412 0.512500 0.144118 0.523864
0 0.264706 0.545455 0.411765 0.560909
0 0.700000 0.545455 0.847059 0.560909
0 0.170588 0.563636 0.282353 0.579091
0 0.441176 0.563636 0.941176 0.579091
0 0.058824 0.603409 0.073529 0.614773
0 0.129412 0.603409 0.144118 0.614773
0 0.058824 0.632727 0.941176 0.650000
0 0.058824 0.671591 0.073529 0.682955
0 0.129412 0.671591 0.144118 0.682955
0 0.058824 0.707955 0.073529 0.719318
0 0.129412 0.707955 0.144118 0.719318
0 0.058824 0.744318 0.073529 0.755682
0 0.058824 0.762500 0.073529 0.773864
0 0.211765 0.752727 0.435294 0.777273
0 0.447059 0.752727 0.782353 0.777273
0 0.794118 0.752727 0.941176 0.777273
0 0.070588 0.795455 0.200000 0.813636
0 0.211765 0.789091 0.435294 0.813636
0 0.447059 0.789091 0.941176 0.813636
0 0.058824 0.865455 0.941176 0.881818
0 0.129412 0.835227 0.144118 0.846591
0 0.058824 0.835227 0.073529 0.846591
