0 0.547059 0.111818 0.747059 0.140909
0 0.758824 0.111818 0.941176 0.140909
0 0.083489 0.143157 0.099828 0.155783
0 0.547059 0.197824 0.747059 0.226915
0 0.758824 0.197824 0.941176 0.226915
0 0.083489 0.229693 0.099828 0.242319
0 0.547059 0.302370 0.747059 0.340552
0 0.758824 0.302370 0.941176 0.340552
0 0.083489 0.343330 0.099828 0.355956
0 0.059505 0.397824 0.535975 0.422370
0 0.547059 0.397824 0.941176 0.422370
0 0.058828 0.439091 0.941181 0.527273
0 0.688235 0.531818 0.758824 0.545455
0 0.058824 0.577273 0.123529 0.590909
0 0.417647 0.675454 0.747059 0.713636
0 0.758824 0.675454 0.941176 0.713636
