0 0.341176 0.094318 0.355882 0.105682
0 0.341176 0.117045 0.355882 0.128409
0 0.341176 0.207955 0.355882 0.219318
0 0.341176 0.244318 0.355882 0.255682
0 0.341176 0.280682 0.355882 0.292045
0 0.341176 0.303409 0.355882 0.314773
0 0.341176 0.326136 0.355882 0.337500
0 0.341176 0.348864 0.355882 0.360227
0 0.341176 0.371591 0.355882 0.382955
0 0.341176 0.444318 0.355882 0.455682
0 0.341176 0.467045 0.355882 0.478409
0 0.341176 0.530682 0.355882 0.542045
0 0.341176 0.580682 0.355882 0.592045
0 0.341176 0.630682 0.355882 0.642045
