0 0.058824 0.199318 0.073529 0.210682
0 0.129412 0.199318 0.144118 0.210682
0 0.185294 0.184091 0.332353 0.197727
0 0.058824 0.361818 0.564706 0.386364
0 0.676471 0.368182 0.717647 0.386364
0 0.741176 0.368182 0.776471 0.386364
0 0.800000 0.368182 0.852941 0.386364
0 0.058824 0.398182 0.564706 0.422727
0 0.676471 0.404545 0.717647 0.422727
0 0.741176 0.404545 0.776471 0.422727
0 0.800000 0.404545 0.852941 0.422727
0 0.058824 0.434545 0.935085 0.468182
0 0.058824 0.480000 0.935294 0.513636
0 0.800000 0.517500 0.814706 0.528864
0 0.870583 0.517500 0.885289 0.528864
0 0.800000 0.535682 0.814706 0.547045
0 0.870588 0.535682 0.885294 0.547045
0 0.058824 0.568182 0.117647 0.586364
0 0.141176 0.568182 0.258824 0.586364
0 0.058824 0.612500 0.073529 0.623864
0 0.088235 0.634091 0.941176 0.652273
0 0.058824 0.662500 0.073529 0.673864
0 0.652941 0.659091 0.941176 0.677273
0 0.088235 0.702727 0.941176 0.722727
0 0.058824 0.730682 0.073529 0.742045
0 0.641176 0.727273 0.941176 0.745455
0 0.088235 0.745455 0.941176 0.763636
0 0.058824 0.771591 0.073529 0.782955
0 0.088235 0.786364 0.941176 0.804545
0 0.058824 0.812500 0.073529 0.823864
0 0.494118 0.809091 0.941176 0.827273
0 0.088235 0.827273 0.941176 0.845455
0 0.623529 0.845455 0.741176 0.863636
