0 0.058824 0.111424 0.711765 0.131818
0 0.070588 0.150000 0.182353 0.175455
0 0.241176 0.150000 0.358824 0.175455
0 0.394118 0.150000 0.511765 0.175455
0 0.770588 0.159091 0.941176 0.177273
0 0.770588 0.177273 0.941176 0.195455
0 0.770588 0.195455 0.941176 0.227273
0 0.741176 0.254545 0.941176 0.277273
0 0.235294 0.375000 0.382353 0.393182
0 0.458824 0.375000 0.600000 0.393182
0 0.770588 0.393182 0.941176 0.411364
0 0.770588 0.411364 0.941176 0.429545
0 0.770588 0.429545 0.941176 0.447727
0 0.770588 0.447727 0.941176 0.465909
0 0.770588 0.465909 0.941176 0.484091
0 0.741176 0.511364 0.941176 0.534091
0 0.235294 0.625000 0.382353 0.643182
0 0.458824 0.625000 0.600000 0.643182
0 0.770588 0.643182 0.941176 0.661364
0 0.770588 0.661364 0.941176 0.679545
0 0.770588 0.679545 0.941176 0.697727
0 0.770588 0.697727 0.941176 0.715909
0 0.770588 0.715909 0.941176 0.747727
0 0.770588 0.747727 0.941176 0.765909
0 0.770588 0.765909 0.941176 0.784091
0 0.770588 0.784091 0.941176 0.802273
0 0.770588 0.802273 0.941176 0.834091
0 0.770588 0.834091 0.941176 0.852273
0 0.741176 0.875000 0.941176 0.897727
0 0.741176 0.920455 0.941176 0.943182
