0 0.342353 0.093182 0.360000 0.106818
0 0.342353 0.115909 0.360000 0.129545
0 0.342353 0.202273 0.360000 0.215909
0 0.342353 0.243182 0.360000 0.256818
0 0.342353 0.284091 0.360000 0.297727
0 0.342353 0.306818 0.360000 0.320455
0 0.342353 0.329545 0.360000 0.343182
0 0.342353 0.352273 0.360000 0.365909
0 0.342353 0.375000 0.360000 0.388636
0 0.342353 0.443182 0.360000 0.456818
0 0.342353 0.470455 0.360000 0.484091
0 0.342353 0.543182 0.360000 0.556818
0 0.342353 0.602273 0.360000 0.615909
0 0.342353 0.661364 0.360000 0.675000
