0 0.082353 0.177273 0.394118 0.192727
0 0.623529 0.177273 0.935294 0.192727
0 0.082353 0.240909 0.394118 0.256364
0 0.623529 0.240909 0.935294 0.256364
0 0.082353 0.331818 0.288235 0.347273
0 0.376471 0.331818 0.582353 0.347273
0 0.658824 0.332054 0.935294 0.350000
0 0.800000 0.453409 0.814706 0.464773
0 0.870588 0.453409 0.885294 0.464773
0 0.058824 0.471591 0.073529 0.482955
0 0.058824 0.489773 0.073529 0.501136
0 0.211765 0.480000 0.435294 0.504545
0 0.735294 0.480000 0.935294 0.504545
0 0.447059 0.480000 0.723529 0.504545
0 0.070588 0.522727 0.200000 0.540909
0 0.211765 0.516364 0.435294 0.540909
0 0.447059 0.516364 0.935294 0.540909
0 0.800000 0.544318 0.814706 0.555682
0 0.870588 0.544318 0.885294 0.555682
0 0.058824 0.570909 0.347059 0.590909
0 0.358824 0.570909 0.641176 0.590909
0 0.652941 0.570909 0.935294 0.590909
0 0.058824 0.602727 0.200000 0.622727
0 0.211765 0.602727 0.941176 0.622727
0 0.800000 0.626136 0.814706 0.637500
0 0.870588 0.626136 0.885294 0.637500
0 0.376471 0.640909 0.500000 0.659091
0 0.629412 0.640909 0.941176 0.659091
0 0.800000 0.662500 0.814706 0.673864
0 0.870588 0.662500 0.885294 0.673864
0 0.058824 0.689091 0.941176 0.713636
0 0.800000 0.717045 0.814706 0.728409
0 0.870588 0.717045 0.885294 0.728409
0 0.205882 0.736364 0.711765 0.754545
0 0.758824 0.736364 0.794118 0.754545
0 0.805882 0.736364 0.941176 0.754545
0 0.058824 0.766364 0.500000 0.790909
0 0.523529 0.772727 0.711765 0.790909
0 0.723529 0.766364 0.941176 0.790909
0 0.800000 0.794318 0.814706 0.805682
0 0.870588 0.794318 0.885294 0.805682
0 0.205882 0.809091 0.711765 0.827273
0 0.758889 0.809091 0.794183 0.827273
0 0.805882 0.809091 0.941176 0.827273
0 0.800000 0.830682 0.814706 0.842045
0 0.870588 0.830682 0.885294 0.842045
0 0.058824 0.866364 0.605882 0.890909
0 0.617647 0.866364 0.794118 0.890909
0 0.817647 0.872727 0.941176 0.890909
0 0.800000 0.894318 0.814706 0.905682
0 0.870588 0.894318 0.885294 0.905682
0 0.058824 0.930000 0.347059 0.954545
0 0.370588 0.936364 0.500000 0.954545
0 0.511765 0.930000 0.711765 0.954545
0 0.723529 0.930000 0.941176 0.954545
