0 0.082353 0.200000 0.394118 0.215455
0 0.623464 0.200000 0.935229 0.215455
0 0.082353 0.268182 0.394118 0.283636
0 0.623464 0.268182 0.935229 0.283636
0 0.082348 0.359091 0.288230 0.379091
0 0.376466 0.359091 0.582348 0.379091
0 0.658819 0.359091 0.935289 0.381818
0 0.800000 0.598864 0.814706 0.610227
0 0.870588 0.598864 0.885294 0.610227
0 0.058824 0.630000 0.229412 0.650000
0 0.241176 0.630000 0.394118 0.650000
0 0.405882 0.630000 0.570588 0.650000
0 0.582353 0.630000 0.723529 0.650000
0 0.735294 0.630000 0.941176 0.650000
0 0.800000 0.653409 0.814706 0.664773
0 0.870588 0.653409 0.885294 0.664773
0 0.311255 0.668182 0.511765 0.686364
0 0.641176 0.668182 0.941176 0.686364
0 0.800000 0.507955 0.814706 0.519318
0 0.870588 0.507955 0.885294 0.519318
0 0.058824 0.544318 0.073529 0.555682
0 0.058824 0.526136 0.073529 0.537500
0 0.211765 0.539091 0.435294 0.559091
0 0.794118 0.539091 0.935294 0.559091
0 0.447059 0.539091 0.782353 0.559091
0 0.211765 0.575455 0.435294 0.595455
0 0.447059 0.575455 0.935294 0.595455
0 0.070588 0.577273 0.200000 0.595455
0 0.058824 0.722727 0.941176 0.740909
0 0.870588 0.689773 0.885294 0.701136
0 0.800000 0.689773 0.814706 0.701136
0 0.800000 0.830682 0.814706 0.842045
0 0.870588 0.830682 0.885294 0.842045
0 0.758824 0.845455 0.794118 0.863636
0 0.805882 0.845455 0.941176 0.863636
0 0.800000 0.867045 0.814706 0.878409
0 0.870588 0.867045 0.885294 0.878409
0 0.058824 0.911818 0.605882 0.931818
0 0.617647 0.911818 0.794118 0.931818
0 0.817647 0.913636 0.941176 0.931818
0 0.181381 0.845455 0.711765 0.863636
0 0.800000 0.744318 0.814706 0.755682
0 0.870588 0.744318 0.885294 0.755682
0 0.211765 0.772727 0.711765 0.790909
0 0.758824 0.772727 0.794118 0.790909
0 0.805882 0.772727 0.941176 0.790909
0 0.058824 0.807273 0.511765 0.827273
0 0.535294 0.809091 0.711765 0.827273
0 0.723529 0.807273 0.941176 0.827273
