0 0.058824 0.107273 0.711765 0.131818
0 0.070588 0.150000 0.182353 0.175455
0 0.241176 0.150000 0.358824 0.175455
0 0.394118 0.150000 0.511765 0.175455
0 0.770588 0.159091 0.941176 0.177273
0 0.770588 0.177273 0.941176 0.195455
0 0.770588 0.195455 0.941176 0.227273
0 0.741176 0.254545 0.941176 0.277273
0 0.282353 0.372727 0.452941 0.390909
0 0.500000 0.372727 0.670588 0.390909
0 0.770588 0.390909 0.941176 0.409091
0 0.770588 0.409091 0.941176 0.427273
0 0.770588 0.427273 0.941176 0.445455
0 0.770588 0.445455 0.941176 0.463636
0 0.770588 0.463636 0.941176 0.481818
0 0.741176 0.509091 0.941176 0.531818
0 0.282353 0.613636 0.452941 0.631818
0 0.500000 0.613636 0.611765 0.631818
0 0.770588 0.631818 0.941176 0.650000
0 0.770588 0.650000 0.941176 0.668182
0 0.770588 0.668182 0.941176 0.686364
0 0.770588 0.686364 0.941176 0.704545
0 0.770588 0.704545 0.941176 0.731818
0 0.770588 0.731818 0.941176 0.750000
0 0.770588 0.750000 0.941176 0.768182
0 0.770588 0.768182 0.941176 0.786364
0 0.770588 0.786364 0.941176 0.822727
0 0.770588 0.822727 0.941176 0.850000
0 0.741176 0.872727 0.941176 0.895455
0 0.741176 0.918182 0.941176 0.940909
