0 0.058824 0.080000 0.941176 0.100000
0 0.070588 0.118182 0.200000 0.134545
0 0.258824 0.118182 0.382353 0.134545
0 0.417647 0.118182 0.541176 0.134545
0 0.782353 0.118182 0.941176 0.136364
0 0.188235 0.136364 0.723529 0.154545
0 0.070588 0.172727 0.200000 0.189091
0 0.258824 0.172727 0.382353 0.189091
0 0.417647 0.172727 0.541176 0.189091
0 0.782353 0.172727 0.941176 0.190909
0 0.782353 0.190909 0.941176 0.209091
0 0.782353 0.209091 0.941176 0.227273
0 0.782353 0.227273 0.941176 0.245455
0 0.782353 0.245455 0.941176 0.263636
0 0.282686 0.285227 0.297392 0.296591
0 0.352941 0.285227 0.367647 0.296591
0 0.464706 0.348864 0.479412 0.360227
0 0.534961 0.348864 0.549667 0.360227
0 0.752941 0.418182 0.941176 0.436364
0 0.235294 0.500000 0.382353 0.518182
0 0.458824 0.500000 0.600000 0.518182
0 0.782353 0.554545 0.941176 0.572727
0 0.782353 0.572727 0.941176 0.590909
0 0.782353 0.590909 0.941176 0.609091
0 0.782353 0.609091 0.941176 0.627273
0 0.782353 0.627273 0.941176 0.645455
0 0.782353 0.645455 0.941176 0.663636
0 0.782353 0.681818 0.941176 0.700000
0 0.782353 0.700000 0.941176 0.718182
0 0.782353 0.718182 0.941176 0.736364
0 0.782353 0.736364 0.941176 0.754545
0 0.782353 0.754545 0.941176 0.772727
0 0.782353 0.772727 0.941176 0.790909
0 0.782353 0.790909 0.941176 0.809091
0 0.782353 0.809091 0.941176 0.827273
0 0.782353 0.827273 0.941176 0.854545
0 0.782353 0.854545 0.941176 0.872727
0 0.782353 0.872727 0.941176 0.890909
0 0.782353 0.890909 0.941176 0.909091
0 0.752941 0.936364 0.941176 0.954545
