0 0.547059 0.107273 0.747059 0.140909
0 0.758824 0.107273 0.941176 0.140909
0 0.082353 0.144318 0.097059 0.155682
0 0.547059 0.193636 0.747059 0.227273
0 0.758824 0.193636 0.941176 0.227273
0 0.082353 0.230682 0.097059 0.242045
0 0.547059 0.298182 0.747059 0.331818
0 0.758824 0.298182 0.941176 0.331818
0 0.082353 0.335227 0.097059 0.346591
0 0.058824 0.384545 0.535294 0.413636
0 0.547059 0.384545 0.941176 0.413636
0 0.058824 0.425455 0.941176 0.518182
0 0.417647 0.666364 0.747059 0.700000
0 0.758824 0.666364 0.941176 0.700000
