0 0.105887 0.136367 0.281138 0.151520
0 0.282364 0.136367 0.388251 0.151520
0 0.389885 0.121218 0.563502 0.136369
0 0.389885 0.136369 0.563502 0.151520
0 0.564728 0.121218 0.716450 0.136369
0 0.564728 0.136369 0.716450 0.151520
0 0.717675 0.121218 0.800031 0.136369
0 0.717675 0.136369 0.800031 0.151520
0 0.800031 0.121218 0.941213 0.136369
0 0.800031 0.136369 0.941213 0.151520
0 0.105887 0.166672 0.281138 0.181826
0 0.282364 0.166672 0.388251 0.181826
0 0.389885 0.151520 0.563502 0.166671
0 0.389885 0.166675 0.563502 0.181826
0 0.564728 0.151520 0.716450 0.166671
0 0.564728 0.166675 0.716450 0.181826
0 0.717675 0.151520 0.800031 0.166671
0 0.717675 0.166675 0.800031 0.181826
0 0.800031 0.151520 0.941213 0.166671
0 0.800031 0.166675 0.941213 0.181826
0 0.105887 0.196978 0.281138 0.212131
0 0.282364 0.196978 0.388251 0.212131
0 0.389885 0.181826 0.563502 0.196976
0 0.389885 0.196976 0.563502 0.212127
0 0.564728 0.181826 0.716450 0.196976
0 0.564728 0.196976 0.716450 0.212127
0 0.717675 0.181826 0.800031 0.196976
0 0.717675 0.196976 0.800031 0.212127
0 0.800031 0.181826 0.941213 0.196976
0 0.800031 0.196976 0.941213 0.212127
0 0.811797 0.227283 0.941213 0.242437
0 0.924873 0.280946 0.941213 0.293572
0 0.924873 0.310932 0.941213 0.323559
0 0.105887 0.378803 0.528207 0.393957
0 0.529433 0.378803 0.658849 0.393957
0 0.658849 0.378803 0.798806 0.393957
0 0.800031 0.378803 0.941213 0.393957
0 0.105887 0.409109 0.528207 0.424262
0 0.529433 0.409109 0.658849 0.424262
0 0.658849 0.409109 0.798806 0.424262
0 0.800031 0.409109 0.941213 0.424262
0 0.105887 0.439414 0.528207 0.454568
0 0.529433 0.439414 0.658849 0.454568
0 0.658849 0.439414 0.798806 0.454568
0 0.800031 0.439414 0.941213 0.454568
0 0.811797 0.469716 0.941213 0.484869
0 0.924873 0.523063 0.941213 0.535690
0 0.105887 0.583357 0.316434 0.598510
0 0.317659 0.583357 0.411781 0.598510
0 0.411781 0.583357 0.529433 0.598510
0 0.529433 0.583357 0.657624 0.598510
0 0.658849 0.583357 0.798806 0.598510
0 0.800031 0.583357 0.941213 0.598510
0 0.105887 0.613662 0.316434 0.628816
0 0.317659 0.613662 0.411781 0.628816
0 0.411781 0.613662 0.529433 0.628816
0 0.529433 0.613662 0.657624 0.628816
0 0.658849 0.613662 0.798806 0.628816
0 0.800031 0.613662 0.941213 0.628816
0 0.105887 0.643968 0.316434 0.659121
0 0.317659 0.643968 0.411781 0.659121
0 0.411781 0.643968 0.529433 0.659121
0 0.529433 0.643968 0.657624 0.659121
0 0.658849 0.643968 0.798806 0.659121
0 0.800031 0.643968 0.941213 0.659121
0 0.811797 0.674270 0.941213 0.689423
0 0.105887 0.765182 0.528207 0.780336
0 0.529433 0.765182 0.658849 0.780336
0 0.658849 0.765182 0.798806 0.780336
0 0.800031 0.765182 0.941213 0.780336
0 0.105887 0.795488 0.528207 0.810641
0 0.529433 0.795488 0.658849 0.810641
0 0.658849 0.795488 0.798806 0.810641
0 0.800031 0.795488 0.941213 0.810641
0 0.105887 0.825793 0.528207 0.840947
0 0.529433 0.825793 0.658849 0.840947
0 0.658849 0.825793 0.798806 0.840947
0 0.800031 0.825793 0.941213 0.840947
0 0.811797 0.856095 0.941213 0.871249
