0 0.058826 0.118690 0.575268 0.136369
0 0.576493 0.118690 0.729440 0.136369
0 0.729440 0.118690 0.941213 0.136369
0 0.600024 0.159097 0.717675 0.174248
0 0.717675 0.159097 0.800031 0.174248
0 0.800031 0.159097 0.941213 0.174248
0 0.600024 0.174248 0.717675 0.189399
0 0.717675 0.174248 0.800031 0.189399
0 0.800031 0.174248 0.941213 0.189399
0 0.600024 0.219703 0.717675 0.234856
0 0.798397 0.219703 0.800031 0.234856
0 0.811797 0.219703 0.941213 0.234856
0 0.600024 0.234856 0.717675 0.250006
0 0.798397 0.234856 0.800031 0.250006
0 0.811797 0.234856 0.941213 0.250006
0 0.600024 0.295463 0.717675 0.310614
0 0.798397 0.295463 0.800031 0.310614
0 0.811797 0.295463 0.941213 0.310614
0 0.600024 0.310614 0.717675 0.325764
0 0.798397 0.310614 0.800031 0.325764
0 0.811797 0.310614 0.941213 0.325764
0 0.600024 0.340917 0.717675 0.356070
0 0.717675 0.340917 0.800031 0.356070
0 0.811797 0.340917 0.941213 0.356070
0 0.600024 0.371222 0.717675 0.386375
0 0.717675 0.371222 0.800031 0.386375
0 0.811797 0.371222 0.941213 0.386375
0 0.600024 0.431832 0.717675 0.446983
0 0.798397 0.431832 0.800031 0.446983
0 0.811797 0.431832 0.941213 0.446983
0 0.600024 0.492439 0.717675 0.507590
0 0.798397 0.492439 0.800031 0.507590
0 0.811797 0.492439 0.941213 0.507590
0 0.212999 0.560627 0.304669 0.575778
0 0.363086 0.560627 0.364720 0.575778
0 0.364720 0.560627 0.469381 0.575778
0 0.470607 0.560627 0.492911 0.575778
0 0.212999 0.575778 0.304669 0.590929
0 0.363086 0.575778 0.364720 0.590929
0 0.364720 0.575778 0.469381 0.590929
0 0.470607 0.575778 0.492911 0.590929
0 0.212999 0.590929 0.304669 0.606080
0 0.363086 0.590929 0.364720 0.606080
0 0.364720 0.590929 0.469381 0.606080
0 0.470607 0.590929 0.492911 0.606080
0 0.212999 0.621232 0.304669 0.636386
0 0.363086 0.621232 0.364720 0.636386
0 0.364720 0.621232 0.469381 0.636386
0 0.470607 0.621232 0.492911 0.636386
0 0.212999 0.636386 0.304669 0.651536
0 0.363086 0.636386 0.364720 0.651536
0 0.364720 0.636386 0.469381 0.651536
0 0.470607 0.636386 0.492911 0.651536
0 0.212999 0.666689 0.304669 0.681842
0 0.363086 0.666689 0.364720 0.681842
0 0.364720 0.666689 0.469381 0.681842
0 0.470607 0.666689 0.492911 0.681842
0 0.212999 0.681842 0.304669 0.696993
0 0.363086 0.681842 0.364720 0.696993
0 0.364720 0.681842 0.469381 0.696993
0 0.470607 0.681842 0.492911 0.696993
0 0.212999 0.696993 0.304669 0.712144
0 0.363086 0.696993 0.364720 0.712144
0 0.364720 0.696993 0.469381 0.712144
0 0.470607 0.696993 0.492911 0.712144
0 0.212999 0.712144 0.304669 0.727295
0 0.363086 0.712144 0.364720 0.727295
0 0.364720 0.712144 0.469381 0.727295
0 0.470607 0.712144 0.492911 0.727295
0 0.212999 0.727295 0.304669 0.742445
0 0.363086 0.727295 0.364720 0.742445
0 0.364720 0.727295 0.469381 0.742445
0 0.470607 0.727295 0.492911 0.742445
0 0.212999 0.742445 0.304669 0.757596
0 0.363086 0.742445 0.364720 0.757596
0 0.364720 0.742445 0.469381 0.757596
0 0.470607 0.742445 0.492911 0.757596
0 0.212999 0.757596 0.304669 0.772747
0 0.363086 0.757596 0.364720 0.772747
0 0.364720 0.757596 0.469381 0.772747
0 0.470607 0.757596 0.492911 0.772747
0 0.212999 0.772747 0.304669 0.787898
0 0.363086 0.772747 0.364720 0.787898
0 0.364720 0.772747 0.469381 0.787898
0 0.470607 0.772747 0.492911 0.787898
0 0.212999 0.787898 0.304669 0.803049
0 0.363086 0.787898 0.364720 0.803049
0 0.364720 0.787898 0.469381 0.803049
0 0.470607 0.787898 0.492911 0.803049
0 0.212999 0.803049 0.304669 0.818200
0 0.363086 0.803049 0.364720 0.818200
0 0.364720 0.803049 0.469381 0.818200
0 0.470607 0.803049 0.492911 0.818200
0 0.212999 0.818200 0.304669 0.833351
0 0.363086 0.818200 0.364720 0.833351
0 0.364720 0.818200 0.469381 0.833351
0 0.470607 0.818200 0.492911 0.833351
0 0.212999 0.833351 0.304669 0.848501
0 0.363086 0.833351 0.364720 0.848501
0 0.364720 0.833351 0.469381 0.848501
0 0.470607 0.833351 0.492911 0.848501
0 0.212999 0.848501 0.304669 0.863652
0 0.363086 0.848501 0.364720 0.863652
0 0.364720 0.848501 0.469381 0.863652
0 0.470607 0.848501 0.492911 0.863652
0 0.212999 0.863652 0.304669 0.878803
0 0.363086 0.863652 0.364720 0.878803
0 0.364720 0.863652 0.469381 0.878803
0 0.470607 0.863652 0.492911 0.878803
0 0.212999 0.878803 0.304669 0.893954
0 0.363086 0.878803 0.364720 0.893954
0 0.364720 0.878803 0.469381 0.893954
0 0.470607 0.878803 0.492911 0.893954
0 0.212999 0.893954 0.304669 0.909105
0 0.363086 0.893954 0.364720 0.909105
0 0.364720 0.893954 0.469381 0.909105
0 0.470607 0.893954 0.492911 0.909105
0 0.212999 0.909105 0.304669 0.924256
0 0.363086 0.909105 0.364720 0.924256
0 0.364720 0.909105 0.469381 0.924256
0 0.470607 0.909105 0.492911 0.924256
0 0.212999 0.924256 0.304669 0.939407
0 0.363086 0.924256 0.364720 0.939407
0 0.364720 0.924256 0.469381 0.939407
0 0.470607 0.924256 0.492911 0.939407
0 0.660075 0.560627 0.751745 0.575778
0 0.810162 0.560627 0.811797 0.575778
0 0.811797 0.560627 0.916457 0.575778
0 0.917683 0.560627 0.941213 0.575778
0 0.660075 0.575778 0.751745 0.590929
0 0.810162 0.575778 0.811797 0.590929
0 0.811797 0.575778 0.916457 0.590929
0 0.917683 0.575778 0.941213 0.590929
0 0.660075 0.590929 0.751745 0.606080
0 0.810162 0.590929 0.811797 0.606080
0 0.811797 0.590929 0.916457 0.606080
0 0.917683 0.590929 0.941213 0.606080
0 0.660075 0.606080 0.751745 0.621231
0 0.810162 0.606080 0.811797 0.621231
0 0.811797 0.606080 0.916457 0.621231
0 0.917683 0.606080 0.941213 0.621231
0 0.660075 0.621231 0.751745 0.636382
0 0.810162 0.621231 0.811797 0.636382
0 0.811797 0.621231 0.916457 0.636382
0 0.917683 0.621231 0.941213 0.636382
0 0.660075 0.636382 0.751745 0.651533
0 0.810162 0.636382 0.811797 0.651533
0 0.811797 0.636382 0.916457 0.651533
0 0.917683 0.636382 0.941213 0.651533
0 0.660075 0.651533 0.751745 0.666683
0 0.810162 0.651533 0.811797 0.666683
0 0.811797 0.651533 0.916457 0.666683
0 0.917683 0.651533 0.941213 0.666683
0 0.660075 0.681836 0.751745 0.696989
0 0.810162 0.681836 0.811797 0.696989
0 0.811797 0.681836 0.916457 0.696989
0 0.917683 0.681836 0.941213 0.696989
0 0.660075 0.712141 0.751745 0.727295
0 0.810162 0.712141 0.811797 0.727295
0 0.811797 0.712141 0.916457 0.727295
0 0.917683 0.712141 0.941213 0.727295
0 0.660075 0.727295 0.751745 0.742445
0 0.810162 0.727295 0.811797 0.742445
0 0.811797 0.727295 0.916457 0.742445
0 0.917683 0.727295 0.941213 0.742445
0 0.660075 0.757598 0.751745 0.772751
0 0.810162 0.757598 0.811797 0.772751
0 0.811797 0.757598 0.916457 0.772751
0 0.917683 0.757598 0.941213 0.772751
0 0.660075 0.787903 0.751745 0.803056
0 0.810162 0.787903 0.811797 0.803056
0 0.811797 0.787903 0.916457 0.803056
0 0.917683 0.787903 0.941213 0.803056
0 0.660075 0.818209 0.751745 0.833362
0 0.810162 0.818209 0.811797 0.833362
0 0.811797 0.818209 0.916457 0.833362
0 0.917683 0.818209 0.941213 0.833362
0 0.660075 0.848514 0.751745 0.863667
0 0.810162 0.848514 0.811797 0.863667
0 0.811797 0.848514 0.916457 0.863667
0 0.917683 0.848514 0.941213 0.863667
0 0.660075 0.863667 0.751745 0.878818
0 0.810162 0.863667 0.811797 0.878818
0 0.811797 0.863667 0.916457 0.878818
0 0.917683 0.863667 0.941213 0.878818
0 0.660075 0.878818 0.751745 0.893969
0 0.810162 0.878818 0.811797 0.893969
0 0.811797 0.878818 0.916457 0.893969
0 0.917683 0.878818 0.941213 0.893969
0 0.660075 0.893969 0.751745 0.909120
0 0.810162 0.893969 0.811797 0.909120
0 0.811797 0.893969 0.916457 0.909120
0 0.917683 0.893969 0.941213 0.909120
0 0.660075 0.909120 0.751745 0.924271
0 0.810162 0.909120 0.811797 0.924271
0 0.811797 0.909120 0.916457 0.924271
0 0.917683 0.909120 0.941213 0.924271
0 0.660075 0.924271 0.751745 0.939422
0 0.810162 0.924271 0.811797 0.939422
0 0.811797 0.924271 0.916457 0.939422
0 0.917683 0.924271 0.941213 0.939422
0 0.823562 0.939433 0.916457 0.954584
0 0.917683 0.939433 0.941213 0.954584
