0 0.800000 0.061818 0.941176 0.090909
0 0.058824 0.107273 0.523529 0.131818
0 0.535294 0.107273 0.711765 0.131818
0 0.723529 0.107273 0.941176 0.131818
0 0.064706 0.150859 0.077778 0.160960
0 0.064706 0.166313 0.077778 0.176414
0 0.205882 0.150859 0.218954 0.160960
0 0.205882 0.166313 0.218954 0.176414
0 0.347059 0.150859 0.360131 0.160960
0 0.347059 0.166313 0.360131 0.176414
0 0.535294 0.150859 0.548366 0.160960
0 0.535294 0.166313 0.548366 0.176414
0 0.723529 0.150859 0.736601 0.160960
0 0.723817 0.166313 0.736889 0.176414
0 0.129412 0.263636 0.241176 0.277273
0 0.087549 0.359198 0.100621 0.369299
0 0.087549 0.372835 0.100621 0.382936
0 0.087549 0.386471 0.100621 0.396572
0 0.087797 0.400404 0.100869 0.410505
0 0.347059 0.359503 0.360131 0.369604
0 0.347059 0.373139 0.360131 0.383240
0 0.347059 0.386775 0.360131 0.396876
0 0.711765 0.331818 0.941176 0.427273
0 0.088235 0.445859 0.101307 0.455960
0 0.400000 0.445859 0.413072 0.455960
0 0.711765 0.431818 0.941176 0.463636
0 0.088235 0.514040 0.101307 0.524141
0 0.088235 0.527677 0.101307 0.537778
0 0.088235 0.541313 0.101307 0.551414
0 0.088235 0.554949 0.101307 0.565050
0 0.088105 0.568586 0.101176 0.578687
0 0.400000 0.514040 0.413072 0.524141
0 0.400000 0.527677 0.413072 0.537778
0 0.399869 0.541313 0.412941 0.551414
0 0.400000 0.568586 0.413072 0.578687
0 0.400000 0.582222 0.413072 0.592323
0 0.711765 0.486364 0.941176 0.600000
0 0.088235 0.664040 0.101307 0.674141
0 0.088235 0.677677 0.101307 0.687778
0 0.088105 0.691313 0.101176 0.701414
0 0.399869 0.664040 0.412941 0.674141
0 0.400000 0.691313 0.413072 0.701414
0 0.711765 0.622727 0.941176 0.722727
0 0.088235 0.768586 0.101307 0.778687
0 0.088235 0.782222 0.101307 0.792323
0 0.088235 0.795859 0.101307 0.805960
0 0.088235 0.809495 0.101307 0.819596
0 0.400000 0.768586 0.413072 0.778687
0 0.399869 0.782222 0.412941 0.792323
0 0.400000 0.809495 0.413072 0.819596
0 0.711765 0.745455 0.941176 0.827273
0 0.088235 0.859495 0.101307 0.869596
0 0.400000 0.859495 0.413072 0.869596
0 0.711765 0.831818 0.941176 0.954545
