0 0.058826 0.118690 0.752971 0.136369
0 0.752971 0.118690 0.941213 0.136369
0 0.823562 0.166675 0.941213 0.181826
0 0.670615 0.181826 0.787041 0.196976
0 0.670615 0.196976 0.787041 0.212127
0 0.823562 0.212131 0.941213 0.227282
0 0.670615 0.242433 0.787041 0.257584
0 0.670615 0.257587 0.787041 0.272738
0 0.670615 0.272738 0.787041 0.287889
0 0.670615 0.287889 0.787041 0.303040
0 0.670615 0.303044 0.787041 0.318195
0 0.670615 0.318195 0.768672 0.333346
0 0.670615 0.333346 0.787041 0.348496
0 0.670615 0.348500 0.787041 0.363651
0 0.670615 0.363651 0.787041 0.378802
0 0.670615 0.378802 0.787041 0.393953
0 0.823562 0.393957 0.941213 0.409107
0 0.823562 0.409107 0.941213 0.424258
0 0.548714 0.427098 0.561787 0.437199
0 0.612769 0.427098 0.625842 0.437199
0 0.823562 0.469715 0.941213 0.484866
0 0.823562 0.515171 0.941213 0.530322
0 0.670615 0.530326 0.787041 0.545477
0 0.670615 0.545477 0.787041 0.560627
0 0.823562 0.560627 0.941213 0.575778
0 0.823562 0.575782 0.941213 0.590933
0 0.823562 0.590933 0.941213 0.606084
0 0.670615 0.621238 0.787041 0.636389
0 0.670615 0.636389 0.787041 0.651540
0 0.670615 0.651540 0.787041 0.666691
0 0.670615 0.681846 0.787041 0.696997
0 0.670615 0.696997 0.787041 0.712148
0 0.670615 0.727302 0.787041 0.742453
0 0.670615 0.742453 0.787041 0.757604
0 0.670615 0.757608 0.787041 0.772758
0 0.823562 0.772758 0.941213 0.787909
0 0.823562 0.787909 0.941213 0.803060
0 0.548714 0.805904 0.561787 0.816005
0 0.612769 0.805904 0.625842 0.816005
0 0.823562 0.848520 0.941213 0.863675
