0 0.058824 0.118686 0.775245 0.136364
0 0.776471 0.118686 0.941176 0.136364
0 0.305882 0.138572 0.318954 0.148673
0 0.305882 0.153722 0.318954 0.163823
0 0.647059 0.138572 0.660131 0.148673
0 0.647059 0.153722 0.660131 0.163823
0 0.094118 0.212122 0.587010 0.227273
0 0.588235 0.212122 0.704657 0.227273
0 0.705882 0.212122 0.822304 0.227273
0 0.058824 0.227273 0.587010 0.242423
0 0.588235 0.227273 0.704657 0.242423
0 0.705882 0.227273 0.822304 0.242423
0 0.058824 0.242423 0.587010 0.257573
0 0.588235 0.242423 0.704657 0.257573
0 0.705882 0.242423 0.822304 0.257573
0 0.594771 0.257577 0.700980 0.272727
0 0.705882 0.257577 0.822304 0.272727
0 0.823529 0.272727 0.941176 0.287878
0 0.823529 0.287878 0.941176 0.303028
0 0.823529 0.303032 0.941176 0.318182
0 0.823529 0.363636 0.941176 0.378787
0 0.823529 0.378787 0.941176 0.393937
0 0.823529 0.409091 0.941176 0.424241
0 0.823529 0.439395 0.941176 0.454545
0 0.094118 0.560609 0.304657 0.575759
0 0.305882 0.560609 0.376471 0.575759
0 0.376471 0.560609 0.447059 0.575759
0 0.447059 0.560609 0.539951 0.575759
0 0.541176 0.560609 0.634069 0.575759
0 0.635294 0.560609 0.728186 0.575759
0 0.729412 0.560609 0.822304 0.575759
0 0.823529 0.560609 0.941176 0.575759
0 0.058824 0.575759 0.304657 0.590909
0 0.305882 0.575759 0.376471 0.590909
0 0.376471 0.575759 0.447059 0.590909
0 0.447059 0.575759 0.539951 0.590909
0 0.541176 0.575759 0.634069 0.590909
0 0.635294 0.575759 0.728186 0.590909
0 0.729412 0.575759 0.822304 0.590909
0 0.823529 0.575759 0.941176 0.590909
0 0.830065 0.606059 0.934641 0.621210
0 0.830065 0.636364 0.934641 0.651514
0 0.094118 0.727273 0.445833 0.742423
0 0.447059 0.727273 0.517647 0.742423
0 0.517647 0.727273 0.588235 0.742423
0 0.588235 0.727273 0.704657 0.742423
0 0.705882 0.727273 0.822304 0.742423
0 0.823529 0.727273 0.941176 0.742423
0 0.058824 0.742423 0.445833 0.757573
0 0.447059 0.742423 0.517647 0.757573
0 0.517647 0.742423 0.588235 0.757573
0 0.588235 0.742423 0.704657 0.757573
0 0.705882 0.742423 0.822304 0.757573
0 0.823529 0.742423 0.941176 0.757573
0 0.823529 0.772727 0.941176 0.787878
0 0.823529 0.803032 0.941176 0.818182
0 0.094118 0.893937 0.516422 0.909087
0 0.517647 0.893937 0.588235 0.909087
0 0.588235 0.893937 0.704657 0.909087
0 0.705882 0.893937 0.822304 0.909087
0 0.823529 0.893937 0.941176 0.909087
0 0.058824 0.909087 0.516422 0.924237
0 0.517647 0.909087 0.588235 0.924237
0 0.588235 0.909087 0.704657 0.924237
0 0.705882 0.909087 0.822304 0.924237
0 0.823529 0.909087 0.941176 0.924237
0 0.058824 0.924237 0.516422 0.939388
0 0.517647 0.924237 0.588235 0.939388
0 0.588235 0.924237 0.704657 0.939388
0 0.705882 0.924237 0.822304 0.939388
0 0.823529 0.924237 0.941176 0.939388
