0 0.142810 0.118686 0.727778 0.136364
0 0.731046 0.118686 0.941176 0.136364
0 0.142810 0.148990 0.941176 0.166668
0 0.142810 0.179294 0.941176 0.196968
0 0.894118 0.229134 0.917647 0.240497
0 0.917647 0.229134 0.941176 0.240497
0 0.898039 0.564399 0.911111 0.574500
0 0.898039 0.594696 0.911111 0.604797
0 0.898039 0.639523 0.911111 0.649624
0 0.357516 0.651518 0.376471 0.666668
0 0.528431 0.651518 0.635294 0.666668
0 0.663072 0.651518 0.682353 0.666668
0 0.770588 0.651518 0.882353 0.666668
0 0.910131 0.651518 0.929412 0.666668
0 0.611765 0.669194 0.624837 0.679295
0 0.752941 0.669192 0.766013 0.679293
0 0.105882 0.684345 0.118954 0.694446
0 0.352941 0.684345 0.366013 0.694446
0 0.611765 0.684345 0.624837 0.694446
0 0.788235 0.712122 0.904657 0.727273
0 0.905882 0.712122 0.941176 0.727273
0 0.788235 0.742427 0.904657 0.757577
0 0.905882 0.742427 0.941176 0.757577
0 0.788235 0.772731 0.904657 0.787881
0 0.905882 0.772731 0.941176 0.787881
