0 0.058824 0.189091 0.717647 0.209091
0 0.729412 0.189091 0.941176 0.209091
0 0.058824 0.225455 0.494118 0.245455
0 0.505882 0.225455 0.941176 0.245455
0 0.541176 0.261818 0.664706 0.277273
0 0.058824 0.425455 0.717647 0.445455
0 0.729407 0.425455 0.941172 0.445455
0 0.058824 0.461818 0.494118 0.481818
0 0.505882 0.461818 0.717652 0.481818
0 0.729412 0.461818 0.823529 0.481818
0 0.835294 0.461818 0.941176 0.481818
0 0.058824 0.498182 0.941176 0.518182
0 0.058824 0.534545 0.941176 0.563636
0 0.058824 0.639091 0.717647 0.659091
0 0.729402 0.639091 0.941167 0.659091
0 0.058824 0.675454 0.494118 0.695455
0 0.505877 0.675454 0.717647 0.695455
0 0.729407 0.675454 0.823525 0.695455
0 0.835289 0.675454 0.941172 0.695455
0 0.058824 0.711818 0.941176 0.731818
0 0.729412 0.748182 0.941176 0.768182
0 0.058824 0.748182 0.717647 0.768182
