0 0.138889 0.060604 0.704657 0.090908
0 0.705882 0.075758 0.800000 0.090908
0 0.800000 0.075758 0.847059 0.090908
0 0.847059 0.075758 0.941176 0.090908
0 0.104248 0.303028 0.105882 0.318179
0 0.107516 0.303028 0.587010 0.318179
0 0.588235 0.303028 0.705882 0.318179
0 0.705882 0.303028 0.822304 0.318179
0 0.823529 0.303028 0.939951 0.318179
0 0.058824 0.318179 0.105882 0.333329
0 0.107516 0.318179 0.587010 0.333329
0 0.588235 0.318179 0.705882 0.333329
0 0.705882 0.318179 0.822304 0.333329
0 0.823529 0.318179 0.939951 0.333329
0 0.058824 0.333329 0.105882 0.348479
0 0.107516 0.333329 0.587010 0.348479
0 0.588235 0.333329 0.705882 0.348479
0 0.705882 0.333329 0.822304 0.348479
0 0.823529 0.333329 0.939951 0.348479
0 0.058824 0.348479 0.105882 0.363629
0 0.107516 0.348479 0.587010 0.363629
0 0.588235 0.348479 0.705882 0.363629
0 0.705882 0.348479 0.822304 0.363629
0 0.823529 0.348479 0.939951 0.363629
0 0.058824 0.363629 0.105882 0.378779
0 0.107516 0.363629 0.587010 0.378779
0 0.588235 0.363629 0.705882 0.378779
0 0.705882 0.363629 0.822304 0.378779
0 0.823529 0.363629 0.939951 0.378779
0 0.058824 0.378779 0.105882 0.393929
0 0.107516 0.378779 0.587010 0.393929
0 0.588235 0.378779 0.705882 0.393929
0 0.705882 0.378779 0.822304 0.393929
0 0.823529 0.378779 0.939951 0.393929
0 0.058824 0.393929 0.105882 0.409079
0 0.107516 0.393929 0.587010 0.409079
0 0.588235 0.393929 0.705882 0.409079
0 0.705882 0.393929 0.822304 0.409079
0 0.823529 0.393929 0.939951 0.409079
0 0.058824 0.409079 0.105882 0.424229
0 0.107516 0.409079 0.587010 0.424229
0 0.588235 0.409079 0.705882 0.424229
0 0.705882 0.409079 0.822304 0.424229
0 0.823529 0.409079 0.939951 0.424229
0 0.058824 0.424229 0.105882 0.439379
0 0.107516 0.424229 0.587010 0.439379
0 0.588235 0.424229 0.705882 0.439379
0 0.705882 0.424229 0.822304 0.439379
0 0.823529 0.424229 0.939951 0.439379
0 0.058824 0.439379 0.105882 0.454529
0 0.107516 0.439379 0.587010 0.454529
0 0.588235 0.439379 0.705882 0.454529
0 0.705882 0.439379 0.822304 0.454529
0 0.823529 0.439379 0.939951 0.454529
0 0.058824 0.454529 0.105882 0.469680
0 0.107516 0.454529 0.587010 0.469680
0 0.588235 0.454529 0.705882 0.469680
0 0.705882 0.454529 0.822304 0.469680
0 0.823529 0.454529 0.939951 0.469680
0 0.058824 0.469680 0.105882 0.484830
0 0.107516 0.469680 0.587010 0.484830
0 0.588235 0.469680 0.705882 0.484830
0 0.705882 0.469680 0.822304 0.484830
0 0.823529 0.469680 0.939951 0.484830
0 0.058824 0.484830 0.105882 0.499980
0 0.107516 0.484830 0.587010 0.499980
0 0.588235 0.484830 0.705882 0.499980
0 0.705882 0.484830 0.822304 0.499980
0 0.823529 0.484830 0.939951 0.499980
0 0.058824 0.499980 0.105882 0.515130
0 0.107516 0.499980 0.587010 0.515130
0 0.588235 0.499980 0.705882 0.515130
0 0.705882 0.499980 0.822304 0.515130
0 0.823529 0.499980 0.939951 0.515130
0 0.058824 0.515130 0.105882 0.530280
0 0.107516 0.515130 0.587010 0.530280
0 0.588235 0.515130 0.705882 0.530280
0 0.705882 0.515130 0.822304 0.530280
0 0.823529 0.515130 0.939951 0.530280
0 0.058824 0.530280 0.105882 0.545430
0 0.107516 0.530280 0.587010 0.545430
0 0.588235 0.530280 0.705882 0.545430
0 0.705882 0.530280 0.822304 0.545430
0 0.823529 0.530280 0.939951 0.545430
0 0.058824 0.545430 0.105882 0.560580
0 0.107516 0.545430 0.587010 0.560580
0 0.588235 0.545430 0.705882 0.560580
0 0.705882 0.545430 0.822304 0.560580
0 0.823529 0.545430 0.939951 0.560580
0 0.058824 0.560580 0.105882 0.575730
0 0.107516 0.560580 0.587010 0.575730
0 0.588235 0.560580 0.705882 0.575730
0 0.705882 0.560580 0.822304 0.575730
0 0.823529 0.560580 0.939951 0.575730
0 0.058824 0.575730 0.105882 0.590880
0 0.107516 0.575730 0.587010 0.590880
0 0.588235 0.575730 0.705882 0.590880
0 0.705882 0.575730 0.822304 0.590880
0 0.823529 0.575730 0.939951 0.590880
0 0.058824 0.590880 0.105882 0.606030
0 0.107516 0.590880 0.587010 0.606030
0 0.588235 0.590880 0.705882 0.606030
0 0.705882 0.590880 0.822304 0.606030
0 0.823529 0.590880 0.939951 0.606030
0 0.058824 0.606030 0.105882 0.621181
0 0.107516 0.606030 0.587010 0.621181
0 0.588235 0.606030 0.705882 0.621181
0 0.705882 0.606030 0.822304 0.621181
0 0.823529 0.606030 0.939951 0.621181
0 0.058824 0.621181 0.105882 0.636331
0 0.107516 0.621181 0.587010 0.636331
0 0.588235 0.621181 0.705882 0.636331
0 0.705882 0.621181 0.822304 0.636331
0 0.823529 0.621181 0.939951 0.636331
0 0.058824 0.636331 0.105882 0.651481
0 0.107516 0.636331 0.587010 0.651481
0 0.588235 0.636331 0.705882 0.651481
0 0.705882 0.636331 0.822304 0.651481
0 0.823529 0.636331 0.939951 0.651481
0 0.058824 0.651481 0.105882 0.666631
0 0.107516 0.651481 0.587010 0.666631
0 0.588235 0.651481 0.705882 0.666631
0 0.705882 0.651481 0.822304 0.666631
0 0.823529 0.651481 0.939951 0.666631
0 0.058824 0.666631 0.105882 0.681781
0 0.107516 0.666631 0.587010 0.681781
0 0.588235 0.666631 0.705882 0.681781
0 0.705882 0.666631 0.822304 0.681781
0 0.823529 0.666631 0.939951 0.681781
0 0.058824 0.681781 0.105882 0.696931
0 0.107516 0.681781 0.587010 0.696931
0 0.588235 0.681781 0.705882 0.696931
0 0.705882 0.681781 0.822304 0.696931
0 0.823529 0.681781 0.939951 0.696931
0 0.058824 0.696931 0.105882 0.712081
0 0.107516 0.696931 0.587010 0.712081
0 0.588235 0.696931 0.705882 0.712081
0 0.705882 0.696931 0.822304 0.712081
0 0.823529 0.696931 0.939951 0.712081
0 0.058824 0.712081 0.105882 0.727231
0 0.107516 0.712081 0.587010 0.727231
0 0.588235 0.712081 0.705882 0.727231
0 0.705882 0.712081 0.822304 0.727231
0 0.823529 0.712081 0.939951 0.727231
0 0.058824 0.727231 0.105882 0.742381
0 0.107516 0.727231 0.587010 0.742381
0 0.588235 0.727231 0.705882 0.742381
0 0.705882 0.727231 0.822304 0.742381
0 0.823529 0.727231 0.939951 0.742381
0 0.058824 0.742381 0.105882 0.757532
0 0.107516 0.742381 0.587010 0.757532
0 0.588235 0.742381 0.705882 0.757532
0 0.705882 0.742381 0.822304 0.757532
0 0.823529 0.742381 0.939951 0.757532
0 0.058824 0.757532 0.105882 0.772682
0 0.107516 0.757532 0.587010 0.772682
0 0.588235 0.757532 0.705882 0.772682
0 0.705882 0.757532 0.822304 0.772682
0 0.823529 0.757532 0.939951 0.772682
0 0.058824 0.772682 0.105882 0.787832
0 0.107516 0.772682 0.587010 0.787832
0 0.588235 0.772682 0.705882 0.787832
0 0.705882 0.772682 0.822304 0.787832
0 0.823529 0.772682 0.939951 0.787832
0 0.058824 0.787832 0.105882 0.802982
0 0.107516 0.787832 0.587010 0.802982
0 0.588235 0.787832 0.705882 0.802982
0 0.705882 0.787832 0.822304 0.802982
0 0.823529 0.787832 0.939951 0.802982
0 0.058824 0.802982 0.105882 0.818132
0 0.107516 0.802982 0.587010 0.818132
0 0.588235 0.802982 0.705882 0.818132
0 0.705882 0.802982 0.822304 0.818132
0 0.823529 0.802982 0.939951 0.818132
0 0.058824 0.818132 0.105882 0.833282
0 0.107516 0.818132 0.587010 0.833282
0 0.588235 0.818132 0.705882 0.833282
0 0.705882 0.818132 0.822304 0.833282
0 0.823529 0.818132 0.939951 0.833282
0 0.058824 0.833282 0.105882 0.848432
0 0.107516 0.833282 0.587010 0.848432
0 0.588235 0.833282 0.705882 0.848432
0 0.705882 0.833282 0.822304 0.848432
0 0.823529 0.833282 0.939951 0.848432
0 0.058824 0.848432 0.105882 0.863582
0 0.107516 0.848432 0.587010 0.863582
0 0.588235 0.848432 0.705882 0.863582
0 0.705882 0.848432 0.822304 0.863582
0 0.823529 0.848432 0.939951 0.863582
0 0.058824 0.863582 0.105882 0.878732
0 0.107516 0.863582 0.587010 0.878732
0 0.588235 0.863582 0.705882 0.878732
0 0.705882 0.863582 0.822304 0.878732
0 0.823529 0.863582 0.939951 0.878732
0 0.705882 0.878778 0.822304 0.893928
0 0.823529 0.878778 0.939951 0.893928
0 0.705882 0.893932 0.822304 0.909082
0 0.823529 0.893932 0.939951 0.909082
