0 0.138889 0.060604 0.704657 0.090908
0 0.705882 0.075758 0.800000 0.090908
0 0.800000 0.075758 0.847059 0.090908
0 0.847059 0.075758 0.941176 0.090908
0 0.482353 0.121212 0.717647 0.136365
0 0.058824 0.196966 0.105882 0.212117
0 0.107516 0.196966 0.528186 0.212117
0 0.529412 0.196966 0.610539 0.212117
0 0.611765 0.196966 0.705882 0.212117
0 0.705882 0.196966 0.822304 0.212117
0 0.823529 0.196966 0.939951 0.212117
0 0.058824 0.212117 0.105882 0.227267
0 0.107516 0.212117 0.528186 0.227267
0 0.529412 0.212117 0.610539 0.227267
0 0.611765 0.212117 0.705882 0.227267
0 0.705882 0.212117 0.822304 0.227267
0 0.823529 0.212117 0.939951 0.227267
0 0.058824 0.227267 0.105882 0.242417
0 0.107516 0.227267 0.528186 0.242417
0 0.529412 0.227267 0.610539 0.242417
0 0.611765 0.227267 0.705882 0.242417
0 0.705882 0.227267 0.822304 0.242417
0 0.823529 0.227267 0.939951 0.242417
0 0.058824 0.242417 0.105882 0.257567
0 0.107516 0.242417 0.528186 0.257567
0 0.529412 0.242417 0.610539 0.257567
0 0.611765 0.242417 0.705882 0.257567
0 0.705882 0.242417 0.822304 0.257567
0 0.823529 0.242417 0.939951 0.257567
0 0.058824 0.257567 0.105882 0.272717
0 0.107516 0.257567 0.528186 0.272717
0 0.529412 0.257567 0.610539 0.272717
0 0.611765 0.257567 0.705882 0.272717
0 0.705882 0.257567 0.822304 0.272717
0 0.823529 0.257567 0.939951 0.272717
0 0.058824 0.272717 0.105882 0.287867
0 0.107516 0.272717 0.528186 0.287867
0 0.529412 0.272717 0.610539 0.287867
0 0.611765 0.272717 0.705882 0.287867
0 0.705882 0.272717 0.822304 0.287867
0 0.823529 0.272717 0.939951 0.287867
0 0.058824 0.287867 0.105882 0.303017
0 0.107516 0.287867 0.528186 0.303017
0 0.529412 0.287867 0.610539 0.303017
0 0.611765 0.287867 0.705882 0.303017
0 0.705882 0.287867 0.822304 0.303017
0 0.823529 0.287867 0.939951 0.303017
0 0.058824 0.303017 0.105882 0.318167
0 0.107516 0.303017 0.528186 0.318167
0 0.529412 0.303017 0.610539 0.318167
0 0.611765 0.303017 0.705882 0.318167
0 0.705882 0.303017 0.822304 0.318167
0 0.823529 0.303017 0.939951 0.318167
0 0.058824 0.318167 0.105882 0.333317
0 0.107516 0.318167 0.528186 0.333317
0 0.529412 0.318167 0.610539 0.333317
0 0.611765 0.318167 0.705882 0.333317
0 0.705882 0.318167 0.822304 0.333317
0 0.823529 0.318167 0.939951 0.333317
0 0.058824 0.333317 0.105882 0.348467
0 0.107516 0.333317 0.528186 0.348467
0 0.529412 0.333317 0.610539 0.348467
0 0.611765 0.333317 0.705882 0.348467
0 0.705882 0.333317 0.822304 0.348467
0 0.823529 0.333317 0.939951 0.348467
0 0.058824 0.348467 0.105882 0.363618
0 0.107516 0.348467 0.528186 0.363618
0 0.529412 0.348467 0.610539 0.363618
0 0.611765 0.348467 0.705882 0.363618
0 0.705882 0.348467 0.822304 0.363618
0 0.823529 0.348467 0.939951 0.363618
0 0.058824 0.363618 0.105882 0.378768
0 0.107516 0.363618 0.528186 0.378768
0 0.529412 0.363618 0.610539 0.378768
0 0.611765 0.363618 0.705882 0.378768
0 0.705882 0.363618 0.822304 0.378768
0 0.823529 0.363618 0.939951 0.378768
0 0.058824 0.378768 0.105882 0.393918
0 0.107516 0.378768 0.528186 0.393918
0 0.529412 0.378768 0.610539 0.393918
0 0.611765 0.378768 0.705882 0.393918
0 0.705882 0.378768 0.822304 0.393918
0 0.823529 0.378768 0.939951 0.393918
0 0.058824 0.393918 0.105882 0.409068
0 0.107516 0.393918 0.528186 0.409068
0 0.529412 0.393918 0.610539 0.409068
0 0.611765 0.393918 0.705882 0.409068
0 0.705882 0.393918 0.822304 0.409068
0 0.823529 0.393918 0.939951 0.409068
0 0.058824 0.409068 0.105882 0.424218
0 0.107516 0.409068 0.528186 0.424218
0 0.529412 0.409068 0.610539 0.424218
0 0.611765 0.409068 0.705882 0.424218
0 0.705882 0.409068 0.822304 0.424218
0 0.823529 0.409068 0.939951 0.424218
0 0.058824 0.424218 0.105882 0.439368
0 0.107516 0.424218 0.528186 0.439368
0 0.529412 0.424218 0.610539 0.439368
0 0.611765 0.424218 0.705882 0.439368
0 0.705882 0.424218 0.822304 0.439368
0 0.823529 0.424218 0.939951 0.439368
0 0.058824 0.439368 0.105882 0.454518
0 0.107516 0.439368 0.528186 0.454518
0 0.529412 0.439368 0.610539 0.454518
0 0.611765 0.439368 0.705882 0.454518
0 0.705882 0.439368 0.822304 0.454518
0 0.823529 0.439368 0.939951 0.454518
0 0.058824 0.454518 0.105882 0.469668
0 0.107516 0.454518 0.528186 0.469668
0 0.529412 0.454518 0.610539 0.469668
0 0.611765 0.454518 0.705882 0.469668
0 0.705882 0.454518 0.822304 0.469668
0 0.823529 0.454518 0.939951 0.469668
0 0.058824 0.469668 0.105882 0.484818
0 0.107516 0.469668 0.528186 0.484818
0 0.529412 0.469668 0.610539 0.484818
0 0.611765 0.469668 0.705882 0.484818
0 0.705882 0.469668 0.822304 0.484818
0 0.823529 0.469668 0.939951 0.484818
0 0.058824 0.484818 0.105882 0.499968
0 0.107516 0.484818 0.528186 0.499968
0 0.529412 0.484818 0.610539 0.499968
0 0.611765 0.484818 0.705882 0.499968
0 0.705882 0.484818 0.822304 0.499968
0 0.823529 0.484818 0.939951 0.499968
0 0.058824 0.499968 0.105882 0.515119
0 0.107516 0.499968 0.528186 0.515119
0 0.529412 0.499968 0.610539 0.515119
0 0.611765 0.499968 0.705882 0.515119
0 0.705882 0.499968 0.822304 0.515119
0 0.823529 0.499968 0.939951 0.515119
0 0.058824 0.515119 0.105882 0.530269
0 0.107516 0.515119 0.528186 0.530269
0 0.529412 0.515119 0.610539 0.530269
0 0.611765 0.515119 0.705882 0.530269
0 0.705882 0.515119 0.822304 0.530269
0 0.823529 0.515119 0.939951 0.530269
0 0.058824 0.530269 0.105882 0.545419
0 0.107516 0.530269 0.528186 0.545419
0 0.529412 0.530269 0.610539 0.545419
0 0.611765 0.530269 0.705882 0.545419
0 0.705882 0.530269 0.822304 0.545419
0 0.823529 0.530269 0.939951 0.545419
0 0.058824 0.545419 0.105882 0.560569
0 0.107516 0.545419 0.528186 0.560569
0 0.529412 0.545419 0.610539 0.560569
0 0.611765 0.545419 0.705882 0.560569
0 0.705882 0.545419 0.822304 0.560569
0 0.823529 0.545419 0.939951 0.560569
0 0.058824 0.560569 0.105882 0.575719
0 0.107516 0.560569 0.528186 0.575719
0 0.529412 0.560569 0.610539 0.575719
0 0.611765 0.560569 0.705882 0.575719
0 0.705882 0.560569 0.822304 0.575719
0 0.823529 0.560569 0.939951 0.575719
0 0.058824 0.575719 0.105882 0.590869
0 0.107516 0.575719 0.528186 0.590869
0 0.529412 0.575719 0.610539 0.590869
0 0.611765 0.575719 0.705882 0.590869
0 0.705882 0.575719 0.822304 0.590869
0 0.823529 0.575719 0.939951 0.590869
0 0.058824 0.590869 0.105882 0.606019
0 0.107516 0.590869 0.528186 0.606019
0 0.529412 0.590869 0.610539 0.606019
0 0.611765 0.590869 0.705882 0.606019
0 0.705882 0.590869 0.822304 0.606019
0 0.823529 0.590869 0.939951 0.606019
0 0.058824 0.606019 0.105882 0.621169
0 0.107516 0.606019 0.528186 0.621169
0 0.529412 0.606019 0.610539 0.621169
0 0.611765 0.606019 0.705882 0.621169
0 0.705882 0.606019 0.822304 0.621169
0 0.823529 0.606019 0.939951 0.621169
0 0.058824 0.621169 0.105882 0.636319
0 0.107516 0.621169 0.528186 0.636319
0 0.529412 0.621169 0.610539 0.636319
0 0.611765 0.621169 0.705882 0.636319
0 0.705882 0.621169 0.822304 0.636319
0 0.823529 0.621169 0.939951 0.636319
0 0.058824 0.636319 0.105882 0.651469
0 0.107516 0.636319 0.528186 0.651469
0 0.529412 0.636319 0.610539 0.651469
0 0.611765 0.636319 0.705882 0.651469
0 0.705882 0.636319 0.822304 0.651469
0 0.823529 0.636319 0.939951 0.651469
0 0.058824 0.651469 0.105882 0.666620
0 0.107516 0.651469 0.528186 0.666620
0 0.529412 0.651469 0.610539 0.666620
0 0.611765 0.651469 0.705882 0.666620
0 0.705882 0.651469 0.822304 0.666620
0 0.823529 0.651469 0.939951 0.666620
0 0.058824 0.666620 0.105882 0.681770
0 0.107516 0.666620 0.528186 0.681770
0 0.529412 0.666620 0.610539 0.681770
0 0.611765 0.666620 0.705882 0.681770
0 0.705882 0.666620 0.822304 0.681770
0 0.823529 0.666620 0.939951 0.681770
0 0.058824 0.681770 0.105882 0.696920
0 0.107516 0.681770 0.528186 0.696920
0 0.529412 0.681770 0.610539 0.696920
0 0.611765 0.681770 0.705882 0.696920
0 0.705882 0.681770 0.822304 0.696920
0 0.823529 0.681770 0.939951 0.696920
0 0.058824 0.696920 0.105882 0.712070
0 0.107516 0.696920 0.528186 0.712070
0 0.529412 0.696920 0.610539 0.712070
0 0.611765 0.696920 0.705882 0.712070
0 0.705882 0.696920 0.822304 0.712070
0 0.823529 0.696920 0.939951 0.712070
0 0.058824 0.712070 0.105882 0.727220
0 0.107516 0.712070 0.528186 0.727220
0 0.529412 0.712070 0.610539 0.727220
0 0.611765 0.712070 0.705882 0.727220
0 0.705882 0.712070 0.822304 0.727220
0 0.823529 0.712070 0.939951 0.727220
0 0.058824 0.727220 0.105882 0.742370
0 0.107516 0.727220 0.528186 0.742370
0 0.529412 0.727220 0.610539 0.742370
0 0.611765 0.727220 0.705882 0.742370
0 0.705882 0.727220 0.822304 0.742370
0 0.823529 0.727220 0.939951 0.742370
0 0.058824 0.742370 0.105882 0.757520
0 0.107516 0.742370 0.528186 0.757520
0 0.529412 0.742370 0.610539 0.757520
0 0.611765 0.742370 0.705882 0.757520
0 0.705882 0.742370 0.822304 0.757520
0 0.823529 0.742370 0.939951 0.757520
0 0.058824 0.757520 0.105882 0.772670
0 0.107516 0.757520 0.528186 0.772670
0 0.529412 0.757520 0.610539 0.772670
0 0.611765 0.757520 0.705882 0.772670
0 0.705882 0.757520 0.822304 0.772670
0 0.823529 0.757520 0.939951 0.772670
0 0.058824 0.772670 0.105882 0.787820
0 0.107516 0.772670 0.528186 0.787820
0 0.529412 0.772670 0.610539 0.787820
0 0.611765 0.772670 0.705882 0.787820
0 0.705882 0.772670 0.822304 0.787820
0 0.823529 0.772670 0.939951 0.787820
0 0.058824 0.787820 0.105882 0.802970
0 0.107516 0.787820 0.528186 0.802970
0 0.529412 0.787820 0.610539 0.802970
0 0.611765 0.787820 0.705882 0.802970
0 0.705882 0.787820 0.822304 0.802970
0 0.823529 0.787820 0.939951 0.802970
0 0.058824 0.802970 0.105882 0.818121
0 0.107516 0.802970 0.528186 0.818121
0 0.529412 0.802970 0.610539 0.818121
0 0.611765 0.802970 0.705882 0.818121
0 0.705882 0.802970 0.822304 0.818121
0 0.823529 0.802970 0.939951 0.818121
0 0.058824 0.818121 0.105882 0.833271
0 0.107516 0.818121 0.528186 0.833271
0 0.529412 0.818121 0.610539 0.833271
0 0.611765 0.818121 0.705882 0.833271
0 0.705882 0.818121 0.822304 0.833271
0 0.823529 0.818121 0.939951 0.833271
0 0.058824 0.833271 0.105882 0.848421
0 0.107516 0.833271 0.528186 0.848421
0 0.529412 0.833271 0.610539 0.848421
0 0.611765 0.833271 0.705882 0.848421
0 0.705882 0.833271 0.822304 0.848421
0 0.823529 0.833271 0.939951 0.848421
0 0.058824 0.848421 0.105882 0.863571
0 0.107516 0.848421 0.528186 0.863571
0 0.529412 0.848421 0.610539 0.863571
0 0.611765 0.848421 0.705882 0.863571
0 0.705882 0.848421 0.822304 0.863571
0 0.823529 0.848421 0.939951 0.863571
0 0.058824 0.863571 0.105882 0.878721
0 0.107516 0.863571 0.528186 0.878721
0 0.529412 0.863571 0.610539 0.878721
0 0.611765 0.863571 0.705882 0.878721
0 0.705882 0.863571 0.822304 0.878721
0 0.823529 0.863571 0.939951 0.878721
0 0.058824 0.878721 0.105882 0.893871
0 0.107516 0.878721 0.528186 0.893871
0 0.529412 0.878721 0.610539 0.893871
0 0.611765 0.878721 0.705882 0.893871
0 0.705882 0.878721 0.822304 0.893871
0 0.823529 0.878721 0.939951 0.893871
0 0.058824 0.893871 0.105882 0.909021
0 0.107516 0.893871 0.528186 0.909021
0 0.529412 0.893871 0.610539 0.909021
0 0.611765 0.893871 0.705882 0.909021
0 0.705882 0.893871 0.822304 0.909021
0 0.823529 0.893871 0.939951 0.909021
0 0.705882 0.924232 0.822304 0.939382
0 0.823529 0.924232 0.939951 0.939382
