0 0.138889 0.060604 0.704657 0.090908
0 0.705882 0.075758 0.800000 0.090908
0 0.800000 0.075758 0.847059 0.090908
0 0.847059 0.075758 0.941176 0.090908
0 0.704248 0.242424 0.705882 0.287878
0 0.705882 0.272727 0.822304 0.287878
0 0.823529 0.272727 0.939951 0.287878
0 0.104248 0.303028 0.105882 0.318179
0 0.107516 0.303028 0.587010 0.318179
0 0.588235 0.303028 0.705882 0.318179
0 0.705882 0.303028 0.822304 0.318179
0 0.823529 0.303028 0.939951 0.318179
0 0.058824 0.318179 0.105882 0.333329
0 0.107516 0.318179 0.587010 0.333329
0 0.588235 0.318179 0.705882 0.333329
0 0.705882 0.318179 0.822304 0.333329
0 0.823529 0.318179 0.939951 0.333329
0 0.058824 0.333329 0.105882 0.348479
0 0.107516 0.333329 0.587010 0.348479
0 0.588235 0.333329 0.705882 0.348479
0 0.705882 0.333329 0.822304 0.348479
0 0.823529 0.333329 0.939951 0.348479
0 0.058824 0.348479 0.105882 0.363629
0 0.107516 0.348479 0.587010 0.363629
0 0.588235 0.348479 0.705882 0.363629
0 0.705882 0.348479 0.822304 0.363629
0 0.823529 0.348479 0.939951 0.363629
0 0.058824 0.363629 0.105882 0.378779
0 0.107516 0.363629 0.587010 0.378779
0 0.588235 0.363629 0.705882 0.378779
0 0.705882 0.363629 0.822304 0.378779
0 0.823529 0.363629 0.939951 0.378779
0 0.058824 0.378779 0.105882 0.393929
0 0.107516 0.378779 0.587010 0.393929
0 0.588235 0.378779 0.705882 0.393929
0 0.705882 0.378779 0.822304 0.393929
0 0.823529 0.378779 0.939951 0.393929
0 0.058824 0.393929 0.105882 0.409079
0 0.107516 0.393929 0.587010 0.409079
0 0.588235 0.393929 0.705882 0.409079
0 0.705882 0.393929 0.822304 0.409079
0 0.823529 0.393929 0.939951 0.409079
0 0.058824 0.409079 0.105882 0.424229
0 0.107516 0.409079 0.587010 0.424229
0 0.588235 0.409079 0.705882 0.424229
0 0.705882 0.409079 0.822304 0.424229
0 0.823529 0.409079 0.939951 0.424229
0 0.058824 0.424229 0.105882 0.439379
0 0.107516 0.424229 0.587010 0.439379
0 0.588235 0.424229 0.705882 0.439379
0 0.705882 0.424229 0.822304 0.439379
0 0.823529 0.424229 0.939951 0.439379
0 0.058824 0.439379 0.105882 0.454529
0 0.107516 0.439379 0.587010 0.454529
0 0.588235 0.439379 0.705882 0.454529
0 0.705882 0.439379 0.822304 0.454529
0 0.823529 0.439379 0.939951 0.454529
0 0.058824 0.454529 0.105882 0.469680
0 0.107516 0.454529 0.587010 0.469680
0 0.588235 0.454529 0.705882 0.469680
0 0.705882 0.454529 0.822304 0.469680
0 0.823529 0.454529 0.939951 0.469680
0 0.058824 0.469680 0.105882 0.484830
0 0.107516 0.469680 0.587010 0.484830
0 0.588235 0.469680 0.705882 0.484830
0 0.705882 0.469680 0.822304 0.484830
0 0.823529 0.469680 0.939951 0.484830
0 0.705882 0.484845 0.822304 0.499995
0 0.823529 0.484845 0.939951 0.499995
0 0.705882 0.499995 0.822304 0.515145
0 0.823529 0.499995 0.939951 0.515145
0 0.104248 0.666661 0.105882 0.681811
0 0.107516 0.666661 0.587010 0.681811
0 0.588235 0.666661 0.705882 0.681811
0 0.705882 0.666661 0.822304 0.681811
0 0.823529 0.666661 0.939951 0.681811
0 0.058824 0.681811 0.105882 0.696961
0 0.107516 0.681811 0.587010 0.696961
0 0.588235 0.681811 0.705882 0.696961
0 0.705882 0.681811 0.822304 0.696961
0 0.823529 0.681811 0.939951 0.696961
0 0.058824 0.696961 0.105882 0.712111
0 0.107516 0.696961 0.587010 0.712111
0 0.588235 0.696961 0.705882 0.712111
0 0.705882 0.696961 0.822304 0.712111
0 0.823529 0.696961 0.939951 0.712111
0 0.058824 0.712111 0.105882 0.727262
0 0.107516 0.712111 0.587010 0.727262
0 0.588235 0.712111 0.705882 0.727262
0 0.705882 0.712111 0.822304 0.727262
0 0.823529 0.712111 0.939951 0.727262
0 0.058824 0.727262 0.105882 0.742412
0 0.107516 0.727262 0.587010 0.742412
0 0.588235 0.727262 0.705882 0.742412
0 0.705882 0.727262 0.822304 0.742412
0 0.823529 0.727262 0.939951 0.742412
0 0.058824 0.742412 0.105882 0.757562
0 0.107516 0.742412 0.587010 0.757562
0 0.588235 0.742412 0.705882 0.757562
0 0.705882 0.742412 0.822304 0.757562
0 0.823529 0.742412 0.939951 0.757562
0 0.058824 0.757562 0.105882 0.772712
0 0.107516 0.757562 0.587010 0.772712
0 0.588235 0.757562 0.705882 0.772712
0 0.705882 0.757562 0.822304 0.772712
0 0.823529 0.757562 0.939951 0.772712
0 0.058824 0.772712 0.105882 0.787862
0 0.107516 0.772712 0.587010 0.787862
0 0.588235 0.772712 0.705882 0.787862
0 0.705882 0.772712 0.822304 0.787862
0 0.823529 0.772712 0.939951 0.787862
0 0.058824 0.787862 0.105882 0.803012
0 0.107516 0.787862 0.587010 0.803012
0 0.588235 0.787862 0.705882 0.803012
0 0.705882 0.787862 0.822304 0.803012
0 0.823529 0.787862 0.939951 0.803012
0 0.058824 0.803012 0.105882 0.818162
0 0.107516 0.803012 0.587010 0.818162
0 0.588235 0.803012 0.705882 0.818162
0 0.705882 0.803012 0.822304 0.818162
0 0.823529 0.803012 0.939951 0.818162
0 0.058824 0.818162 0.105882 0.833312
0 0.107516 0.818162 0.587010 0.833312
0 0.588235 0.818162 0.705882 0.833312
0 0.705882 0.818162 0.822304 0.833312
0 0.823529 0.818162 0.939951 0.833312
0 0.058824 0.833312 0.105882 0.848462
0 0.107516 0.833312 0.587010 0.848462
0 0.588235 0.833312 0.705882 0.848462
0 0.705882 0.833312 0.822304 0.848462
0 0.823529 0.833312 0.939951 0.848462
0 0.058824 0.848462 0.105882 0.863612
0 0.107516 0.848462 0.587010 0.863612
0 0.588235 0.848462 0.705882 0.863612
0 0.705882 0.848462 0.822304 0.863612
0 0.823529 0.848462 0.939951 0.863612
0 0.705882 0.863628 0.822304 0.878778
0 0.823529 0.863628 0.939951 0.878778
0 0.705882 0.878778 0.822304 0.893928
0 0.823529 0.878778 0.939951 0.893928
