0 0.138889 0.060604 0.704657 0.090908
0 0.705882 0.075758 0.800000 0.090908
0 0.800000 0.075758 0.847059 0.090908
0 0.847059 0.075758 0.941176 0.090908
0 0.104248 0.287878 0.105882 0.303028
0 0.107516 0.287878 0.469363 0.303028
0 0.470588 0.287878 0.588235 0.303028
0 0.588235 0.287878 0.705882 0.303028
0 0.705882 0.287878 0.822304 0.303028
0 0.823529 0.287878 0.939951 0.303028
0 0.058824 0.303028 0.105882 0.318179
0 0.107516 0.303028 0.469363 0.318179
0 0.470588 0.303028 0.588235 0.318179
0 0.588235 0.303028 0.705882 0.318179
0 0.705882 0.303028 0.822304 0.318179
0 0.823529 0.303028 0.939951 0.318179
0 0.058824 0.318179 0.105882 0.333329
0 0.107516 0.318179 0.469363 0.333329
0 0.470588 0.318179 0.588235 0.333329
0 0.588235 0.318179 0.705882 0.333329
0 0.705882 0.318179 0.822304 0.333329
0 0.823529 0.318179 0.939951 0.333329
0 0.058824 0.333329 0.105882 0.348479
0 0.107516 0.333329 0.469363 0.348479
0 0.470588 0.333329 0.588235 0.348479
0 0.588235 0.333329 0.705882 0.348479
0 0.705882 0.333329 0.822304 0.348479
0 0.823529 0.333329 0.939951 0.348479
0 0.058824 0.348479 0.105882 0.363629
0 0.107516 0.348479 0.469363 0.363629
0 0.470588 0.348479 0.588235 0.363629
0 0.588235 0.348479 0.705882 0.363629
0 0.705882 0.348479 0.822304 0.363629
0 0.823529 0.348479 0.939951 0.363629
0 0.058824 0.363629 0.105882 0.378779
0 0.107516 0.363629 0.469363 0.378779
0 0.470588 0.363629 0.588235 0.378779
0 0.588235 0.363629 0.705882 0.378779
0 0.705882 0.363629 0.822304 0.378779
0 0.823529 0.363629 0.939951 0.378779
0 0.058824 0.378779 0.105882 0.393929
0 0.107516 0.378779 0.469363 0.393929
0 0.470588 0.378779 0.588235 0.393929
0 0.588235 0.378779 0.705882 0.393929
0 0.705882 0.378779 0.822304 0.393929
0 0.823529 0.378779 0.939951 0.393929
0 0.058824 0.393929 0.105882 0.409079
0 0.107516 0.393929 0.469363 0.409079
0 0.470588 0.393929 0.588235 0.409079
0 0.588235 0.393929 0.705882 0.409079
0 0.705882 0.393929 0.822304 0.409079
0 0.823529 0.393929 0.939951 0.409079
0 0.058824 0.409079 0.105882 0.424229
0 0.107516 0.409079 0.469363 0.424229
0 0.470588 0.409079 0.588235 0.424229
0 0.588235 0.409079 0.705882 0.424229
0 0.705882 0.409079 0.822304 0.424229
0 0.823529 0.409079 0.939951 0.424229
0 0.705882 0.424237 0.822304 0.439387
0 0.823529 0.424237 0.939951 0.439387
0 0.705882 0.439391 0.822304 0.454541
0 0.823529 0.439391 0.939951 0.454541
0 0.705882 0.454541 0.822304 0.469691
0 0.823529 0.454541 0.939951 0.469691
0 0.077451 0.560603 0.469363 0.590907
0 0.472222 0.560603 0.941176 0.590907
0 0.077451 0.590907 0.469363 0.621211
0 0.472222 0.590907 0.941176 0.621211
0 0.077451 0.621211 0.469363 0.651515
0 0.472222 0.621211 0.941176 0.651515
0 0.104248 0.727265 0.105882 0.742416
0 0.105882 0.727265 0.164706 0.742416
0 0.166340 0.727265 0.481127 0.742416
0 0.482353 0.727265 0.588235 0.742416
0 0.588235 0.727265 0.704657 0.742416
0 0.705882 0.727265 0.822304 0.742416
0 0.823529 0.727265 0.939951 0.742416
0 0.058824 0.742416 0.105882 0.757566
0 0.105882 0.742416 0.164706 0.757566
0 0.166340 0.742416 0.481127 0.757566
0 0.482353 0.742416 0.588235 0.757566
0 0.588235 0.742416 0.704657 0.757566
0 0.705882 0.742416 0.822304 0.757566
0 0.823529 0.742416 0.939951 0.757566
0 0.058824 0.757566 0.105882 0.772716
0 0.105882 0.757566 0.164706 0.772716
0 0.166340 0.757566 0.481127 0.772716
0 0.482353 0.757566 0.588235 0.772716
0 0.588235 0.757566 0.704657 0.772716
0 0.705882 0.757566 0.822304 0.772716
0 0.823529 0.757566 0.939951 0.772716
0 0.058824 0.772716 0.105882 0.787866
0 0.105882 0.772716 0.164706 0.787866
0 0.166340 0.772716 0.481127 0.787866
0 0.482353 0.772716 0.588235 0.787866
0 0.588235 0.772716 0.704657 0.787866
0 0.705882 0.772716 0.822304 0.787866
0 0.823529 0.772716 0.939951 0.787866
0 0.058824 0.787866 0.105882 0.803016
0 0.105882 0.787866 0.164706 0.803016
0 0.166340 0.787866 0.481127 0.803016
0 0.482353 0.787866 0.588235 0.803016
0 0.588235 0.787866 0.704657 0.803016
0 0.705882 0.787866 0.822304 0.803016
0 0.823529 0.787866 0.939951 0.803016
0 0.058824 0.803016 0.105882 0.818166
0 0.105882 0.803016 0.164706 0.818166
0 0.166340 0.803016 0.481127 0.818166
0 0.482353 0.803016 0.588235 0.818166
0 0.588235 0.803016 0.704657 0.818166
0 0.705882 0.803016 0.822304 0.818166
0 0.823529 0.803016 0.939951 0.818166
0 0.058824 0.818166 0.105882 0.833316
0 0.105882 0.818166 0.164706 0.833316
0 0.166340 0.818166 0.481127 0.833316
0 0.482353 0.818166 0.588235 0.833316
0 0.588235 0.818166 0.704657 0.833316
0 0.705882 0.818166 0.822304 0.833316
0 0.823529 0.818166 0.939951 0.833316
0 0.058824 0.833316 0.105882 0.848466
0 0.105882 0.833316 0.164706 0.848466
0 0.166340 0.833316 0.481127 0.848466
0 0.482353 0.833316 0.588235 0.848466
0 0.588235 0.833316 0.704657 0.848466
0 0.705882 0.833316 0.822304 0.848466
0 0.823529 0.833316 0.939951 0.848466
0 0.058824 0.848466 0.105882 0.863616
0 0.105882 0.848466 0.164706 0.863616
0 0.166340 0.848466 0.481127 0.863616
0 0.482353 0.848466 0.588235 0.863616
0 0.588235 0.848466 0.704657 0.863616
0 0.705882 0.848466 0.822304 0.863616
0 0.823529 0.848466 0.939951 0.863616
0 0.058824 0.863616 0.105882 0.878766
0 0.105882 0.863616 0.164706 0.878766
0 0.166340 0.863616 0.481127 0.878766
0 0.482353 0.863616 0.588235 0.878766
0 0.588235 0.863616 0.704657 0.878766
0 0.705882 0.863616 0.822304 0.878766
0 0.823529 0.863616 0.939951 0.878766
0 0.705882 0.878778 0.822304 0.893928
0 0.823529 0.878778 0.939951 0.893928
0 0.705882 0.893932 0.822304 0.909082
0 0.823529 0.893932 0.939951 0.909082
0 0.705882 0.924232 0.822304 0.939382
0 0.823529 0.924232 0.939951 0.939382
