0 0.138889 0.060604 0.704657 0.090908
0 0.705882 0.075758 0.800000 0.090908
0 0.800000 0.075758 0.847059 0.090908
0 0.847059 0.075758 0.941176 0.090908
0 0.880065 0.258836 0.896405 0.271462
0 0.915359 0.258836 0.931699 0.271462
0 0.104248 0.333329 0.105882 0.348479
0 0.107516 0.333329 0.704657 0.348479
0 0.705882 0.333329 0.822304 0.348479
0 0.823529 0.333329 0.939951 0.348479
0 0.058824 0.348479 0.105882 0.363629
0 0.107516 0.348479 0.704657 0.363629
0 0.705882 0.348479 0.822304 0.363629
0 0.823529 0.348479 0.939951 0.363629
0 0.058824 0.363629 0.105882 0.378779
0 0.107516 0.363629 0.704657 0.378779
0 0.705882 0.363629 0.822304 0.378779
0 0.823529 0.363629 0.939951 0.378779
0 0.058824 0.378779 0.105882 0.393929
0 0.107516 0.378779 0.704657 0.393929
0 0.705882 0.378779 0.822304 0.393929
0 0.823529 0.378779 0.939951 0.393929
0 0.058824 0.393929 0.105882 0.409079
0 0.107516 0.393929 0.704657 0.409079
0 0.705882 0.393929 0.822304 0.409079
0 0.823529 0.393929 0.939951 0.409079
0 0.823529 0.409087 0.939951 0.424237
0 0.823529 0.469691 0.939951 0.484841
0 0.823529 0.484845 0.939951 0.499995
0 0.823529 0.499995 0.939951 0.515145
0 0.058824 0.545449 0.105882 0.560599
0 0.107516 0.545449 0.704657 0.560599
0 0.705882 0.545449 0.822304 0.560599
0 0.823529 0.545449 0.939951 0.560599
0 0.058824 0.560599 0.105882 0.575749
0 0.107516 0.560599 0.704657 0.575749
0 0.705882 0.560599 0.822304 0.575749
0 0.823529 0.560599 0.939951 0.575749
0 0.058824 0.575749 0.105882 0.590899
0 0.107516 0.575749 0.704657 0.590899
0 0.705882 0.575749 0.822304 0.590899
0 0.823529 0.575749 0.939951 0.590899
0 0.058824 0.590899 0.105882 0.606049
0 0.107516 0.590899 0.704657 0.606049
0 0.705882 0.590899 0.822304 0.606049
0 0.823529 0.590899 0.939951 0.606049
0 0.058824 0.606049 0.105882 0.621200
0 0.107516 0.606049 0.704657 0.621200
0 0.705882 0.606049 0.822304 0.621200
0 0.823529 0.606049 0.939951 0.621200
0 0.058824 0.621200 0.105882 0.636350
0 0.107516 0.621200 0.704657 0.636350
0 0.705882 0.621200 0.822304 0.636350
0 0.823529 0.621200 0.939951 0.636350
0 0.058824 0.636350 0.105882 0.651500
0 0.107516 0.636350 0.704657 0.651500
0 0.705882 0.636350 0.822304 0.651500
0 0.823529 0.636350 0.939951 0.651500
0 0.058824 0.651500 0.105882 0.666650
0 0.107516 0.651500 0.704657 0.666650
0 0.705882 0.651500 0.822304 0.666650
0 0.823529 0.651500 0.939951 0.666650
0 0.058824 0.666650 0.105882 0.681800
0 0.107516 0.666650 0.704657 0.681800
0 0.705882 0.666650 0.822304 0.681800
0 0.823529 0.666650 0.939951 0.681800
0 0.058824 0.681800 0.105882 0.696950
0 0.107516 0.681800 0.704657 0.696950
0 0.705882 0.681800 0.822304 0.696950
0 0.823529 0.681800 0.939951 0.696950
0 0.058824 0.696950 0.105882 0.712100
0 0.107516 0.696950 0.704657 0.712100
0 0.705882 0.696950 0.822304 0.712100
0 0.823529 0.696950 0.939951 0.712100
0 0.058824 0.712100 0.105882 0.727250
0 0.107516 0.712100 0.704657 0.727250
0 0.705882 0.712100 0.822304 0.727250
0 0.823529 0.712100 0.939951 0.727250
0 0.058824 0.727250 0.105882 0.742400
0 0.107516 0.727250 0.704657 0.742400
0 0.705882 0.727250 0.822304 0.742400
0 0.823529 0.727250 0.939951 0.742400
0 0.058824 0.742400 0.105882 0.757550
0 0.107516 0.742400 0.704657 0.757550
0 0.705882 0.742400 0.822304 0.757550
0 0.823529 0.742400 0.939951 0.757550
0 0.058824 0.757550 0.105882 0.772701
0 0.107516 0.757550 0.704657 0.772701
0 0.705882 0.757550 0.822304 0.772701
0 0.823529 0.757550 0.939951 0.772701
0 0.058824 0.772701 0.105882 0.787851
0 0.107516 0.772701 0.704657 0.787851
0 0.705882 0.772701 0.822304 0.787851
0 0.823529 0.772701 0.939951 0.787851
0 0.058824 0.787851 0.105882 0.803001
0 0.107516 0.787851 0.704657 0.803001
0 0.705882 0.787851 0.822304 0.803001
0 0.823529 0.787851 0.939951 0.803001
0 0.058824 0.803001 0.105882 0.818151
0 0.107516 0.803001 0.704657 0.818151
0 0.705882 0.803001 0.822304 0.818151
0 0.823529 0.803001 0.939951 0.818151
0 0.058824 0.818151 0.105882 0.833301
0 0.107516 0.818151 0.704657 0.833301
0 0.705882 0.818151 0.822304 0.833301
0 0.823529 0.818151 0.939951 0.833301
0 0.058824 0.833301 0.105882 0.848451
0 0.107516 0.833301 0.704657 0.848451
0 0.705882 0.833301 0.822304 0.848451
0 0.823529 0.833301 0.939951 0.848451
0 0.705882 0.863602 0.822304 0.878755
0 0.823529 0.863602 0.939951 0.878755
0 0.823529 0.878778 0.939951 0.893928
0 0.823529 0.893932 0.939951 0.909082
