0 0.138889 0.060604 0.704657 0.090908
0 0.705882 0.075758 0.800000 0.090908
0 0.800000 0.075758 0.847059 0.090908
0 0.847059 0.075758 0.941176 0.090908
0 0.880065 0.152777 0.896405 0.165404
0 0.915359 0.152777 0.931699 0.165404
0 0.880065 0.183080 0.896405 0.195706
0 0.915359 0.183080 0.931699 0.195706
0 0.880065 0.213380 0.896405 0.226007
0 0.915359 0.213380 0.931699 0.226007
0 0.880065 0.243684 0.896405 0.256311
0 0.915359 0.243684 0.931699 0.256311
0 0.880065 0.258836 0.896405 0.271462
0 0.915359 0.258836 0.931699 0.271462
0 0.880065 0.289138 0.896405 0.301765
0 0.915359 0.289138 0.931699 0.301765
0 0.880065 0.304290 0.896405 0.316916
0 0.915359 0.304290 0.931699 0.316916
0 0.880065 0.319440 0.896405 0.332066
0 0.915359 0.319440 0.931699 0.332066
0 0.880065 0.380047 0.896405 0.392673
0 0.915359 0.380047 0.931699 0.392673
0 0.439216 0.393937 0.858823 0.408455
0 0.880065 0.410348 0.896405 0.422974
0 0.915359 0.410348 0.931699 0.422974
0 0.880065 0.440651 0.896405 0.453277
0 0.915359 0.440651 0.931699 0.453277
0 0.880065 0.470955 0.896405 0.483581
0 0.915359 0.470955 0.931699 0.483581
0 0.880065 0.501259 0.896405 0.513885
0 0.915359 0.501259 0.931699 0.513885
0 0.635294 0.560599 0.787010 0.575749
0 0.788235 0.560599 0.941176 0.575749
0 0.635294 0.575749 0.787010 0.590899
0 0.788235 0.575749 0.941176 0.590899
0 0.635294 0.590899 0.787010 0.606049
0 0.788235 0.590899 0.941176 0.606049
0 0.635294 0.606049 0.787010 0.621200
0 0.788235 0.606049 0.941176 0.621200
0 0.635294 0.621200 0.787010 0.636350
0 0.788235 0.621200 0.941176 0.636350
0 0.635294 0.636350 0.787010 0.651500
0 0.788235 0.636350 0.941176 0.651500
0 0.635294 0.651500 0.787010 0.666650
0 0.788235 0.651500 0.941176 0.666650
0 0.635294 0.666650 0.787010 0.681800
0 0.788235 0.666650 0.941176 0.681800
0 0.635294 0.681800 0.787010 0.696950
0 0.788235 0.681800 0.941176 0.696950
0 0.635294 0.696950 0.787010 0.712100
0 0.788235 0.696950 0.941176 0.712100
0 0.635294 0.712100 0.787010 0.727250
0 0.788235 0.712100 0.941176 0.727250
0 0.635294 0.727250 0.787010 0.742400
0 0.788235 0.727250 0.941176 0.742400
0 0.635294 0.757552 0.787010 0.772704
0 0.788235 0.757552 0.941176 0.772704
0 0.788235 0.787870 0.941176 0.803020
0 0.788235 0.803020 0.941176 0.818170
0 0.788235 0.818170 0.941176 0.833320
0 0.788235 0.833320 0.941176 0.848470
0 0.788235 0.848470 0.941176 0.863620
0 0.788235 0.863620 0.941176 0.878770
0 0.788235 0.878770 0.941176 0.893920
0 0.788235 0.893920 0.941176 0.909070
0 0.788235 0.909070 0.941176 0.924220
0 0.788235 0.924220 0.941176 0.939371
0 0.788235 0.939371 0.941176 0.954521
