0 0.138889 0.060604 0.704657 0.090908
0 0.705882 0.075758 0.800000 0.090908
0 0.800000 0.075758 0.847059 0.090908
0 0.847059 0.075758 0.941176 0.090908
0 0.058824 0.136363 0.941176 0.151516
0 0.388235 0.181816 0.941176 0.196969
0 0.058824 0.212120 0.458824 0.227270
0 0.541176 0.212120 0.941176 0.227273
0 0.258824 0.242421 0.941176 0.257573
0 0.407410 0.272725 0.941176 0.287875
0 0.823529 0.318179 0.941176 0.333329
0 0.823529 0.348483 0.941176 0.363633
0 0.823529 0.378783 0.941176 0.393933
0 0.823529 0.409087 0.941176 0.424237
0 0.823529 0.439391 0.941176 0.454541
0 0.823529 0.469691 0.941176 0.484841
0 0.095752 0.575753 0.410539 0.606108
0 0.411765 0.590904 0.470588 0.606057
0 0.470588 0.590904 0.517647 0.606057
0 0.517647 0.590904 0.588235 0.606057
0 0.589869 0.590904 0.798775 0.606108
0 0.800000 0.590904 0.941176 0.606108
0 0.095752 0.606108 0.410539 0.636462
0 0.411765 0.621259 0.470588 0.636412
0 0.470588 0.621259 0.517647 0.636412
0 0.517647 0.621259 0.588235 0.636412
0 0.589869 0.621259 0.798775 0.636462
0 0.800000 0.621259 0.941176 0.636462
0 0.095752 0.636462 0.410539 0.666817
0 0.411765 0.651613 0.470588 0.666766
0 0.470588 0.651613 0.517647 0.666766
0 0.517647 0.651613 0.588235 0.666766
0 0.589869 0.651613 0.798775 0.666817
0 0.800000 0.651613 0.941176 0.666817
0 0.153757 0.669185 0.166828 0.679286
0 0.411765 0.757567 0.539951 0.772719
0 0.541176 0.757567 0.669363 0.772719
0 0.670588 0.757567 0.798775 0.772719
0 0.800000 0.757567 0.941176 0.772719
0 0.411765 0.787871 0.539951 0.803023
0 0.541176 0.787871 0.669363 0.803023
0 0.670588 0.787871 0.798775 0.803023
0 0.800000 0.787871 0.941176 0.803023
0 0.411765 0.833326 0.539951 0.848478
0 0.541176 0.833326 0.669363 0.848478
0 0.670588 0.833326 0.798775 0.848478
0 0.800000 0.833326 0.941176 0.848478
0 0.411765 0.848478 0.517647 0.863628
0 0.541176 0.848478 0.647059 0.863628
0 0.670588 0.848478 0.776471 0.863628
0 0.800000 0.848478 0.941176 0.863628
0 0.411765 0.863628 0.539951 0.878778
0 0.541176 0.863628 0.669363 0.878778
0 0.670588 0.863628 0.798775 0.878778
0 0.800000 0.863628 0.941176 0.878778
0 0.411765 0.909080 0.539951 0.924232
0 0.541176 0.909080 0.669363 0.924232
0 0.670588 0.909080 0.798775 0.924232
0 0.800000 0.909080 0.941176 0.924232
