0 0.138889 0.060604 0.704657 0.090908
0 0.705882 0.075758 0.800000 0.090908
0 0.800000 0.075758 0.847059 0.090908
0 0.847059 0.075758 0.941176 0.090908
0 0.880065 0.243682 0.896405 0.256308
0 0.915359 0.243682 0.931699 0.256308
0 0.880065 0.289136 0.896405 0.301762
0 0.915359 0.289136 0.931699 0.301762
0 0.880065 0.319440 0.896405 0.332066
0 0.915359 0.319440 0.931699 0.332066
0 0.094118 0.348480 0.858823 0.378783
0 0.094118 0.393934 0.858823 0.439387
0 0.104248 0.499995 0.105882 0.515145
0 0.107516 0.499995 0.469363 0.515145
0 0.470588 0.499995 0.588235 0.515145
0 0.588235 0.499995 0.705882 0.515145
0 0.705882 0.499995 0.822304 0.515145
0 0.823529 0.499995 0.939951 0.515145
0 0.058824 0.515145 0.105882 0.530295
0 0.107516 0.515145 0.469363 0.530295
0 0.470588 0.515145 0.588235 0.530295
0 0.588235 0.515145 0.705882 0.530295
0 0.705882 0.515145 0.822304 0.530295
0 0.823529 0.515145 0.939951 0.530295
0 0.058824 0.530295 0.105882 0.545445
0 0.107516 0.530295 0.469363 0.545445
0 0.470588 0.530295 0.588235 0.545445
0 0.588235 0.530295 0.705882 0.545445
0 0.705882 0.530295 0.822304 0.545445
0 0.823529 0.530295 0.939951 0.545445
0 0.058824 0.545445 0.105882 0.560595
0 0.107516 0.545445 0.469363 0.560595
0 0.470588 0.545445 0.588235 0.560595
0 0.588235 0.545445 0.705882 0.560595
0 0.705882 0.545445 0.822304 0.560595
0 0.823529 0.545445 0.939951 0.560595
0 0.058824 0.560595 0.105882 0.575745
0 0.107516 0.560595 0.469363 0.575745
0 0.470588 0.560595 0.588235 0.575745
0 0.588235 0.560595 0.705882 0.575745
0 0.705882 0.560595 0.822304 0.575745
0 0.823529 0.560595 0.939951 0.575745
0 0.058824 0.575745 0.105882 0.590896
0 0.107516 0.575745 0.469363 0.590896
0 0.470588 0.575745 0.588235 0.590896
0 0.588235 0.575745 0.705882 0.590896
0 0.705882 0.575745 0.822304 0.590896
0 0.823529 0.575745 0.939951 0.590896
0 0.058824 0.590896 0.105882 0.606046
0 0.107516 0.590896 0.469363 0.606046
0 0.470588 0.590896 0.588235 0.606046
0 0.588235 0.590896 0.705882 0.606046
0 0.705882 0.590896 0.822304 0.606046
0 0.823529 0.590896 0.939951 0.606046
0 0.058824 0.606046 0.105882 0.621196
0 0.107516 0.606046 0.469363 0.621196
0 0.470588 0.606046 0.588235 0.621196
0 0.588235 0.606046 0.705882 0.621196
0 0.705882 0.606046 0.822304 0.621196
0 0.823529 0.606046 0.939951 0.621196
0 0.058824 0.621196 0.105882 0.636346
0 0.107516 0.621196 0.469363 0.636346
0 0.470588 0.621196 0.588235 0.636346
0 0.588235 0.621196 0.705882 0.636346
0 0.705882 0.621196 0.822304 0.636346
0 0.823529 0.621196 0.939951 0.636346
0 0.058824 0.636346 0.105882 0.651496
0 0.107516 0.636346 0.469363 0.651496
0 0.470588 0.636346 0.588235 0.651496
0 0.588235 0.636346 0.705882 0.651496
0 0.705882 0.636346 0.822304 0.651496
0 0.823529 0.636346 0.939951 0.651496
0 0.058824 0.651496 0.105882 0.666646
0 0.107516 0.651496 0.469363 0.666646
0 0.470588 0.651496 0.588235 0.666646
0 0.588235 0.651496 0.705882 0.666646
0 0.705882 0.651496 0.822304 0.666646
0 0.823529 0.651496 0.939951 0.666646
0 0.058824 0.666646 0.105882 0.681796
0 0.107516 0.666646 0.469363 0.681796
0 0.470588 0.666646 0.588235 0.681796
0 0.588235 0.666646 0.705882 0.681796
0 0.705882 0.666646 0.822304 0.681796
0 0.823529 0.666646 0.939951 0.681796
0 0.058824 0.681796 0.105882 0.696946
0 0.107516 0.681796 0.469363 0.696946
0 0.470588 0.681796 0.588235 0.696946
0 0.588235 0.681796 0.705882 0.696946
0 0.705882 0.681796 0.822304 0.696946
0 0.823529 0.681796 0.939951 0.696946
0 0.058824 0.696946 0.105882 0.712096
0 0.107516 0.696946 0.469363 0.712096
0 0.470588 0.696946 0.588235 0.712096
0 0.588235 0.696946 0.705882 0.712096
0 0.705882 0.696946 0.822304 0.712096
0 0.823529 0.696946 0.939951 0.712096
0 0.058824 0.712096 0.105882 0.727246
0 0.107516 0.712096 0.469363 0.727246
0 0.470588 0.712096 0.588235 0.727246
0 0.588235 0.712096 0.705882 0.727246
0 0.705882 0.712096 0.822304 0.727246
0 0.823529 0.712096 0.939951 0.727246
0 0.058824 0.727246 0.105882 0.742397
0 0.107516 0.727246 0.469363 0.742397
0 0.470588 0.727246 0.588235 0.742397
0 0.588235 0.727246 0.705882 0.742397
0 0.705882 0.727246 0.822304 0.742397
0 0.823529 0.727246 0.939951 0.742397
0 0.058824 0.742397 0.105882 0.757547
0 0.107516 0.742397 0.469363 0.757547
0 0.470588 0.742397 0.588235 0.757547
0 0.588235 0.742397 0.705882 0.757547
0 0.705882 0.742397 0.822304 0.757547
0 0.823529 0.742397 0.939951 0.757547
0 0.058824 0.757547 0.105882 0.772697
0 0.107516 0.757547 0.469363 0.772697
0 0.470588 0.757547 0.588235 0.772697
0 0.588235 0.757547 0.705882 0.772697
0 0.705882 0.757547 0.822304 0.772697
0 0.823529 0.757547 0.939951 0.772697
0 0.058824 0.772697 0.105882 0.787847
0 0.107516 0.772697 0.469363 0.787847
0 0.470588 0.772697 0.588235 0.787847
0 0.588235 0.772697 0.705882 0.787847
0 0.705882 0.772697 0.822304 0.787847
0 0.823529 0.772697 0.939951 0.787847
0 0.058824 0.787847 0.105882 0.802997
0 0.107516 0.787847 0.469363 0.802997
0 0.470588 0.787847 0.588235 0.802997
0 0.588235 0.787847 0.705882 0.802997
0 0.705882 0.787847 0.822304 0.802997
0 0.823529 0.787847 0.939951 0.802997
0 0.058824 0.802997 0.105882 0.818147
0 0.107516 0.802997 0.469363 0.818147
0 0.470588 0.802997 0.588235 0.818147
0 0.588235 0.802997 0.705882 0.818147
0 0.705882 0.802997 0.822304 0.818147
0 0.823529 0.802997 0.939951 0.818147
0 0.058824 0.818147 0.105882 0.833297
0 0.107516 0.818147 0.469363 0.833297
0 0.470588 0.818147 0.588235 0.833297
0 0.588235 0.818147 0.705882 0.833297
0 0.705882 0.818147 0.822304 0.833297
0 0.823529 0.818147 0.939951 0.833297
0 0.058824 0.833297 0.105882 0.848447
0 0.107516 0.833297 0.469363 0.848447
0 0.470588 0.833297 0.588235 0.848447
0 0.588235 0.833297 0.705882 0.848447
0 0.705882 0.833297 0.822304 0.848447
0 0.823529 0.833297 0.939951 0.848447
0 0.058824 0.848447 0.105882 0.863597
0 0.107516 0.848447 0.469363 0.863597
0 0.470588 0.848447 0.588235 0.863597
0 0.588235 0.848447 0.705882 0.863597
0 0.705882 0.848447 0.822304 0.863597
0 0.823529 0.848447 0.939951 0.863597
0 0.705882 0.863628 0.822304 0.878778
0 0.823529 0.863628 0.939951 0.878778
0 0.705882 0.878778 0.822304 0.893928
0 0.823529 0.878778 0.939951 0.893928
