0 0.058826 0.133845 0.716450 0.151524
0 0.717675 0.133845 0.941213 0.151524
0 0.058826 0.164147 0.716450 0.181826
0 0.717675 0.164147 0.941213 0.181826
0 0.058826 0.194452 0.941213 0.212131
0 0.058826 0.224758 0.941213 0.242437
0 0.058826 0.255060 0.716450 0.272738
0 0.717675 0.255060 0.941213 0.272738
0 0.058826 0.285365 0.717675 0.318195
0 0.719309 0.300517 0.941213 0.318195
0 0.058826 0.330821 0.457616 0.348500
0 0.458841 0.330821 0.717675 0.348500
0 0.717675 0.330821 0.941213 0.348500
0 0.058826 0.409107 0.235303 0.424258
0 0.273213 0.409107 0.494137 0.424258
0 0.517667 0.409107 0.682380 0.424258
0 0.720290 0.409107 0.941213 0.424258
0 0.058826 0.424258 0.235303 0.439409
0 0.273213 0.424258 0.494137 0.439409
0 0.517667 0.424258 0.682380 0.439409
0 0.720290 0.424258 0.941213 0.439409
0 0.058826 0.439409 0.235303 0.454560
0 0.273213 0.439409 0.494137 0.454560
0 0.517667 0.439409 0.682380 0.454560
0 0.720290 0.439409 0.941213 0.454560
0 0.058826 0.454560 0.235303 0.469711
0 0.273213 0.454560 0.494137 0.469711
0 0.517667 0.454560 0.682380 0.469711
0 0.720290 0.454560 0.941213 0.469711
0 0.058826 0.469711 0.235303 0.484862
0 0.273213 0.469711 0.494137 0.484862
0 0.517667 0.469711 0.682380 0.484862
0 0.720290 0.469711 0.941213 0.484862
0 0.058826 0.484862 0.235303 0.500013
0 0.273213 0.484862 0.494137 0.500013
0 0.517667 0.484862 0.682380 0.500013
0 0.720290 0.484862 0.941213 0.500013
0 0.058826 0.500013 0.235303 0.515163
0 0.273213 0.500013 0.494137 0.515163
0 0.517667 0.500013 0.682380 0.515163
0 0.720290 0.500013 0.941213 0.515163
0 0.058826 0.515163 0.235303 0.530314
0 0.273213 0.515163 0.494137 0.530314
0 0.517667 0.515163 0.682380 0.530314
0 0.720290 0.515163 0.941213 0.530314
0 0.058826 0.530314 0.235303 0.545465
0 0.273213 0.530314 0.494137 0.545465
0 0.517667 0.530314 0.682380 0.545465
0 0.720290 0.530314 0.941213 0.545465
0 0.694145 0.560627 0.941213 0.575778
0 0.058826 0.666691 0.211773 0.681842
0 0.213407 0.666691 0.504677 0.681842
0 0.505902 0.666691 0.645859 0.681842
0 0.647084 0.666691 0.787041 0.681842
0 0.788266 0.666691 0.941213 0.681842
0 0.058826 0.681842 0.211773 0.696993
0 0.213407 0.681842 0.504677 0.696993
0 0.505902 0.681842 0.645859 0.696993
0 0.647084 0.681842 0.787041 0.696993
0 0.788266 0.681842 0.941213 0.696993
0 0.058826 0.696993 0.211773 0.712144
0 0.213407 0.696993 0.504677 0.712144
0 0.505902 0.696993 0.645859 0.712144
0 0.647084 0.696993 0.787041 0.712144
0 0.788266 0.696993 0.941213 0.712144
0 0.058826 0.712144 0.211773 0.727295
0 0.213407 0.712144 0.504677 0.727295
0 0.505902 0.712144 0.645859 0.727295
0 0.647084 0.712144 0.787041 0.727295
0 0.788266 0.712144 0.941213 0.727295
0 0.058826 0.727295 0.211773 0.742445
0 0.213407 0.727295 0.504677 0.742445
0 0.505902 0.727295 0.645859 0.742445
0 0.647084 0.727295 0.787041 0.742445
0 0.788266 0.727295 0.941213 0.742445
0 0.058826 0.742445 0.211773 0.757596
0 0.213407 0.742445 0.504677 0.757596
0 0.505902 0.742445 0.645859 0.757596
0 0.647084 0.742445 0.787041 0.757596
0 0.788266 0.742445 0.941213 0.757596
0 0.058826 0.757596 0.211773 0.772747
0 0.213407 0.757596 0.504677 0.772747
0 0.505902 0.757596 0.645859 0.772747
0 0.647084 0.757596 0.787041 0.772747
0 0.788266 0.757596 0.941213 0.772747
0 0.058826 0.772747 0.211773 0.787898
0 0.213407 0.772747 0.504677 0.787898
0 0.505902 0.772747 0.645859 0.787898
0 0.647084 0.772747 0.787041 0.787898
0 0.788266 0.772747 0.941213 0.787898
0 0.058826 0.787898 0.211773 0.803049
0 0.213407 0.787898 0.504677 0.803049
0 0.505902 0.787898 0.645859 0.803049
0 0.647084 0.787898 0.787041 0.803049
0 0.788266 0.787898 0.941213 0.803049
0 0.058826 0.803049 0.211773 0.818200
0 0.213407 0.803049 0.504677 0.818200
0 0.505902 0.803049 0.645859 0.818200
0 0.647084 0.803049 0.787041 0.818200
0 0.788266 0.803049 0.941213 0.818200
0 0.058826 0.818200 0.211773 0.833351
0 0.213407 0.818200 0.504677 0.833351
0 0.505902 0.818200 0.645859 0.833351
0 0.647084 0.818200 0.787041 0.833351
0 0.788266 0.818200 0.941213 0.833351
0 0.058826 0.833351 0.211773 0.848501
0 0.213407 0.833351 0.504677 0.848501
0 0.505902 0.833351 0.645859 0.848501
0 0.647084 0.833351 0.787041 0.848501
0 0.788266 0.833351 0.941213 0.848501
0 0.058826 0.848501 0.211773 0.863652
0 0.213407 0.848501 0.504677 0.863652
0 0.505902 0.848501 0.645859 0.863652
0 0.647084 0.848501 0.787041 0.863652
0 0.788266 0.848501 0.941213 0.863652
0 0.788266 0.878822 0.941213 0.893973
