0 0.541639 0.075759 0.611765 0.090909
0 0.058824 0.148990 0.611765 0.166668
0 0.611765 0.148990 0.941176 0.166668
0 0.058824 0.179294 0.941176 0.196972
0 0.058824 0.222221 0.941176 0.242423
0 0.058824 0.255049 0.352941 0.272727
0 0.352941 0.255049 0.647059 0.272727
0 0.647059 0.255049 0.941176 0.272727
0 0.772222 0.347848 0.791830 0.363000
0 0.807516 0.347848 0.827124 0.363000
0 0.835294 0.347217 0.941176 0.363633
0 0.772222 0.393936 0.791830 0.409087
0 0.807516 0.393936 0.827124 0.409087
0 0.772222 0.454540 0.791830 0.469692
0 0.807516 0.454540 0.827124 0.469692
0 0.772222 0.499995 0.791830 0.515146
0 0.807516 0.499995 0.827124 0.515146
0 0.835294 0.499995 0.941176 0.515146
0 0.772222 0.530298 0.791830 0.545449
0 0.807516 0.530298 0.827124 0.545449
0 0.835294 0.530298 0.941176 0.545451
0 0.924837 0.559340 0.941176 0.571966
0 0.800000 0.636360 0.941176 0.651510
0 0.800000 0.651510 0.941176 0.666660
0 0.800000 0.666664 0.941176 0.681814
0 0.800000 0.681814 0.941176 0.696965
0 0.800000 0.696965 0.941176 0.712115
0 0.800000 0.712119 0.941176 0.727269
0 0.800000 0.742419 0.941176 0.757569
0 0.800000 0.757573 0.941176 0.772723
0 0.800000 0.772723 0.941176 0.787874
0 0.800000 0.787874 0.941176 0.803024
0 0.800000 0.803028 0.941176 0.818178
0 0.141176 0.893934 0.400000 0.909087
0 0.799693 0.885727 0.812765 0.895828
0 0.850327 0.893934 0.941176 0.909087
0 0.247059 0.909087 0.729412 0.924237
0 0.811765 0.909087 0.941176 0.924237
0 0.247059 0.924237 0.729412 0.939388
0 0.800000 0.924237 0.941176 0.939388
