0 0.138889 0.060604 0.704657 0.090908
0 0.705882 0.075758 0.800000 0.090908
0 0.800000 0.075758 0.847059 0.090908
0 0.847059 0.075758 0.941176 0.090908
0 0.104248 0.242424 0.105882 0.257574
0 0.107516 0.242424 0.598775 0.257574
0 0.600000 0.242424 0.705882 0.257574
0 0.705882 0.242424 0.822304 0.257574
0 0.823529 0.242424 0.939951 0.257574
0 0.058824 0.257574 0.105882 0.272725
0 0.107516 0.257574 0.598775 0.272725
0 0.600000 0.257574 0.705882 0.272725
0 0.705882 0.257574 0.822304 0.272725
0 0.823529 0.257574 0.939951 0.272725
0 0.058824 0.272725 0.105882 0.287875
0 0.107516 0.272725 0.598775 0.287875
0 0.600000 0.272725 0.705882 0.287875
0 0.705882 0.272725 0.822304 0.287875
0 0.823529 0.272725 0.939951 0.287875
0 0.058824 0.287875 0.105882 0.303025
0 0.107516 0.287875 0.598775 0.303025
0 0.600000 0.287875 0.705882 0.303025
0 0.705882 0.287875 0.822304 0.303025
0 0.823529 0.287875 0.939951 0.303025
0 0.058824 0.303025 0.105882 0.318175
0 0.107516 0.303025 0.598775 0.318175
0 0.600000 0.303025 0.705882 0.318175
0 0.705882 0.303025 0.822304 0.318175
0 0.823529 0.303025 0.939951 0.318175
0 0.058824 0.318175 0.105882 0.333325
0 0.107516 0.318175 0.598775 0.333325
0 0.600000 0.318175 0.705882 0.333325
0 0.705882 0.318175 0.822304 0.333325
0 0.823529 0.318175 0.939951 0.333325
0 0.058824 0.333325 0.105882 0.348475
0 0.107516 0.333325 0.598775 0.348475
0 0.600000 0.333325 0.705882 0.348475
0 0.705882 0.333325 0.822304 0.348475
0 0.823529 0.333325 0.939951 0.348475
0 0.058824 0.348475 0.105882 0.363625
0 0.107516 0.348475 0.598775 0.363625
0 0.600000 0.348475 0.705882 0.363625
0 0.705882 0.348475 0.822304 0.363625
0 0.823529 0.348475 0.939951 0.363625
0 0.058824 0.363625 0.105882 0.378775
0 0.107516 0.363625 0.598775 0.378775
0 0.600000 0.363625 0.705882 0.378775
0 0.705882 0.363625 0.822304 0.378775
0 0.823529 0.363625 0.939951 0.378775
0 0.058824 0.378775 0.105882 0.393925
0 0.107516 0.378775 0.598775 0.393925
0 0.600000 0.378775 0.705882 0.393925
0 0.705882 0.378775 0.822304 0.393925
0 0.823529 0.378775 0.939951 0.393925
0 0.058824 0.393925 0.105882 0.409075
0 0.107516 0.393925 0.598775 0.409075
0 0.600000 0.393925 0.705882 0.409075
0 0.705882 0.393925 0.822304 0.409075
0 0.823529 0.393925 0.939951 0.409075
0 0.058824 0.409075 0.105882 0.424226
0 0.107516 0.409075 0.598775 0.424226
0 0.600000 0.409075 0.705882 0.424226
0 0.705882 0.409075 0.822304 0.424226
0 0.823529 0.409075 0.939951 0.424226
0 0.058824 0.424226 0.105882 0.439376
0 0.107516 0.424226 0.598775 0.439376
0 0.600000 0.424226 0.705882 0.439376
0 0.705882 0.424226 0.822304 0.439376
0 0.823529 0.424226 0.939951 0.439376
0 0.058824 0.439376 0.105882 0.454526
0 0.107516 0.439376 0.598775 0.454526
0 0.600000 0.439376 0.705882 0.454526
0 0.705882 0.439376 0.822304 0.454526
0 0.823529 0.439376 0.939951 0.454526
0 0.058824 0.454526 0.105882 0.469676
0 0.107516 0.454526 0.598775 0.469676
0 0.600000 0.454526 0.705882 0.469676
0 0.705882 0.454526 0.822304 0.469676
0 0.823529 0.454526 0.939951 0.469676
0 0.058824 0.469676 0.105882 0.484826
0 0.107516 0.469676 0.598775 0.484826
0 0.600000 0.469676 0.705882 0.484826
0 0.705882 0.469676 0.822304 0.484826
0 0.823529 0.469676 0.939951 0.484826
0 0.058824 0.484826 0.105882 0.499976
0 0.107516 0.484826 0.598775 0.499976
0 0.600000 0.484826 0.705882 0.499976
0 0.705882 0.484826 0.822304 0.499976
0 0.823529 0.484826 0.939951 0.499976
0 0.058824 0.499976 0.105882 0.515126
0 0.107516 0.499976 0.598775 0.515126
0 0.600000 0.499976 0.705882 0.515126
0 0.705882 0.499976 0.822304 0.515126
0 0.823529 0.499976 0.939951 0.515126
0 0.058824 0.515126 0.105882 0.530276
0 0.107516 0.515126 0.598775 0.530276
0 0.600000 0.515126 0.705882 0.530276
0 0.705882 0.515126 0.822304 0.530276
0 0.823529 0.515126 0.939951 0.530276
0 0.058824 0.530276 0.105882 0.545426
0 0.107516 0.530276 0.598775 0.545426
0 0.600000 0.530276 0.705882 0.545426
0 0.705882 0.530276 0.822304 0.545426
0 0.823529 0.530276 0.939951 0.545426
0 0.058824 0.545426 0.105882 0.560576
0 0.107516 0.545426 0.598775 0.560576
0 0.600000 0.545426 0.705882 0.560576
0 0.705882 0.545426 0.822304 0.560576
0 0.823529 0.545426 0.939951 0.560576
0 0.058824 0.560576 0.105882 0.575726
0 0.107516 0.560576 0.598775 0.575726
0 0.600000 0.560576 0.705882 0.575726
0 0.705882 0.560576 0.822304 0.575726
0 0.823529 0.560576 0.939951 0.575726
0 0.058824 0.575726 0.105882 0.590877
0 0.107516 0.575726 0.598775 0.590877
0 0.600000 0.575726 0.705882 0.590877
0 0.705882 0.575726 0.822304 0.590877
0 0.823529 0.575726 0.939951 0.590877
0 0.058824 0.590877 0.105882 0.606027
0 0.107516 0.590877 0.598775 0.606027
0 0.600000 0.590877 0.705882 0.606027
0 0.705882 0.590877 0.822304 0.606027
0 0.823529 0.590877 0.939951 0.606027
0 0.058824 0.606027 0.105882 0.621177
0 0.107516 0.606027 0.598775 0.621177
0 0.600000 0.606027 0.705882 0.621177
0 0.705882 0.606027 0.822304 0.621177
0 0.823529 0.606027 0.939951 0.621177
0 0.058824 0.621177 0.105882 0.636327
0 0.107516 0.621177 0.598775 0.636327
0 0.600000 0.621177 0.705882 0.636327
0 0.705882 0.621177 0.822304 0.636327
0 0.823529 0.621177 0.939951 0.636327
0 0.058824 0.636327 0.105882 0.651477
0 0.107516 0.636327 0.598775 0.651477
0 0.600000 0.636327 0.705882 0.651477
0 0.705882 0.636327 0.822304 0.651477
0 0.823529 0.636327 0.939951 0.651477
0 0.058824 0.651477 0.105882 0.666627
0 0.107516 0.651477 0.598775 0.666627
0 0.600000 0.651477 0.705882 0.666627
0 0.705882 0.651477 0.822304 0.666627
0 0.823529 0.651477 0.939951 0.666627
0 0.058824 0.666627 0.105882 0.681777
0 0.107516 0.666627 0.598775 0.681777
0 0.600000 0.666627 0.705882 0.681777
0 0.705882 0.666627 0.822304 0.681777
0 0.823529 0.666627 0.939951 0.681777
0 0.058824 0.681777 0.105882 0.696927
0 0.107516 0.681777 0.598775 0.696927
0 0.600000 0.681777 0.705882 0.696927
0 0.705882 0.681777 0.822304 0.696927
0 0.823529 0.681777 0.939951 0.696927
0 0.058824 0.696927 0.105882 0.712077
0 0.107516 0.696927 0.598775 0.712077
0 0.600000 0.696927 0.705882 0.712077
0 0.705882 0.696927 0.822304 0.712077
0 0.823529 0.696927 0.939951 0.712077
0 0.058824 0.712077 0.105882 0.727227
0 0.107516 0.712077 0.598775 0.727227
0 0.600000 0.712077 0.705882 0.727227
0 0.705882 0.712077 0.822304 0.727227
0 0.823529 0.712077 0.939951 0.727227
0 0.058824 0.727227 0.105882 0.742378
0 0.107516 0.727227 0.598775 0.742378
0 0.600000 0.727227 0.705882 0.742378
0 0.705882 0.727227 0.822304 0.742378
0 0.823529 0.727227 0.939951 0.742378
0 0.058824 0.742378 0.105882 0.757528
0 0.107516 0.742378 0.598775 0.757528
0 0.600000 0.742378 0.705882 0.757528
0 0.705882 0.742378 0.822304 0.757528
0 0.823529 0.742378 0.939951 0.757528
0 0.058824 0.757528 0.105882 0.772678
0 0.107516 0.757528 0.598775 0.772678
0 0.600000 0.757528 0.705882 0.772678
0 0.705882 0.757528 0.822304 0.772678
0 0.823529 0.757528 0.939951 0.772678
0 0.058824 0.772678 0.105882 0.787828
0 0.107516 0.772678 0.598775 0.787828
0 0.600000 0.772678 0.705882 0.787828
0 0.705882 0.772678 0.822304 0.787828
0 0.823529 0.772678 0.939951 0.787828
0 0.058824 0.787828 0.105882 0.802978
0 0.107516 0.787828 0.598775 0.802978
0 0.600000 0.787828 0.705882 0.802978
0 0.705882 0.787828 0.822304 0.802978
0 0.823529 0.787828 0.939951 0.802978
0 0.058824 0.802978 0.105882 0.818128
0 0.107516 0.802978 0.598775 0.818128
0 0.600000 0.802978 0.705882 0.818128
0 0.705882 0.802978 0.822304 0.818128
0 0.823529 0.802978 0.939951 0.818128
0 0.058824 0.818128 0.105882 0.833278
0 0.107516 0.818128 0.598775 0.833278
0 0.600000 0.818128 0.705882 0.833278
0 0.705882 0.818128 0.822304 0.833278
0 0.823529 0.818128 0.939951 0.833278
0 0.058824 0.833278 0.105882 0.848428
0 0.107516 0.833278 0.598775 0.848428
0 0.600000 0.833278 0.705882 0.848428
0 0.705882 0.833278 0.822304 0.848428
0 0.823529 0.833278 0.939951 0.848428
0 0.058824 0.848428 0.105882 0.863578
0 0.107516 0.848428 0.598775 0.863578
0 0.600000 0.848428 0.705882 0.863578
0 0.705882 0.848428 0.822304 0.863578
0 0.823529 0.848428 0.939951 0.863578
0 0.705882 0.863628 0.822304 0.878778
0 0.823529 0.863628 0.939951 0.878778
0 0.705882 0.878778 0.822304 0.893928
0 0.823529 0.878778 0.939951 0.893928
