0 0.129412 0.133739 0.492892 0.151516
0 0.495752 0.133838 0.751716 0.151516
0 0.752941 0.136362 0.811765 0.151512
0 0.811765 0.136362 0.858823 0.151512
0 0.858823 0.136362 0.941176 0.151512
0 0.129412 0.176765 0.492892 0.212117
0 0.494118 0.164139 0.647059 0.181816
0 0.647059 0.164139 0.752941 0.181816
0 0.752941 0.164139 0.941176 0.181816
0 0.129412 0.224746 0.492892 0.242424
0 0.495752 0.217170 0.941176 0.257574
0 0.788235 0.257574 0.941176 0.272725
0 0.129412 0.257574 0.211765 0.272725
0 0.211765 0.257574 0.270588 0.272725
0 0.270588 0.257574 0.494118 0.272725
0 0.350000 0.275249 0.363072 0.285349
0 0.129412 0.300501 0.834069 0.318179
0 0.835294 0.300501 0.941176 0.318179
0 0.344443 0.320703 0.357515 0.330804
0 0.924837 0.320703 0.937908 0.330804
0 0.309149 0.335853 0.322221 0.345954
0 0.924837 0.335860 0.937908 0.345961
0 0.788235 0.348483 0.941176 0.363633
0 0.788235 0.363633 0.941176 0.378783
0 0.788235 0.378783 0.941176 0.393933
0 0.788235 0.393937 0.941176 0.409087
0 0.788235 0.409087 0.941176 0.424237
0 0.788235 0.424237 0.941176 0.439387
0 0.788235 0.439391 0.941176 0.454541
0 0.788235 0.454541 0.941176 0.469691
0 0.788235 0.469691 0.941176 0.484841
0 0.788235 0.484845 0.941176 0.499995
0 0.600000 0.499995 0.751716 0.515145
0 0.600000 0.530299 0.751716 0.545449
0 0.600000 0.545449 0.751716 0.560599
0 0.600000 0.560599 0.751716 0.575749
0 0.600000 0.590903 0.751716 0.606053
0 0.600000 0.621207 0.751716 0.636357
0 0.788235 0.636357 0.941176 0.651507
0 0.788235 0.651507 0.941176 0.666657
0 0.600000 0.666661 0.751716 0.681811
0 0.600000 0.681811 0.751716 0.696961
0 0.788235 0.696961 0.941176 0.712111
0 0.788235 0.712115 0.941176 0.727265
0 0.788235 0.727265 0.941176 0.742416
0 0.788235 0.742416 0.941176 0.757566
0 0.788235 0.757569 0.941176 0.772719
0 0.788235 0.772719 0.941176 0.787870
0 0.154575 0.891404 0.398775 0.909082
0 0.800815 0.883197 0.813887 0.893298
0 0.847059 0.891404 0.941176 0.909082
0 0.254248 0.909082 0.751716 0.924232
0 0.254248 0.924232 0.751716 0.939382
0 0.828105 0.909082 0.941176 0.924232
0 0.816667 0.924232 0.941176 0.939382
