0 0.058826 0.136369 0.105887 0.166675
0 0.247069 0.136369 0.341190 0.151520
0 0.388251 0.136369 0.470607 0.151520
0 0.211773 0.151520 0.469381 0.166671
0 0.470607 0.151521 0.623554 0.166675
0 0.623554 0.151521 0.775276 0.166675
0 0.776501 0.151521 0.941213 0.166675
0 0.058826 0.166675 0.105887 0.181826
0 0.107521 0.166675 0.469381 0.181826
0 0.470607 0.166675 0.623554 0.181826
0 0.623554 0.166675 0.775276 0.181826
0 0.776501 0.166675 0.941213 0.181826
0 0.058826 0.181826 0.105887 0.196976
0 0.107521 0.181826 0.469381 0.196976
0 0.470607 0.181826 0.623554 0.196976
0 0.623554 0.181826 0.775276 0.196976
0 0.776501 0.181826 0.941213 0.196976
0 0.058826 0.196976 0.105887 0.212127
0 0.107521 0.196976 0.469381 0.212127
0 0.470607 0.196976 0.623554 0.212127
0 0.623554 0.196976 0.775276 0.212127
0 0.776501 0.196976 0.941213 0.212127
0 0.058826 0.212127 0.105887 0.227278
0 0.107521 0.212127 0.469381 0.227278
0 0.470607 0.212127 0.623554 0.227278
0 0.623554 0.212127 0.775276 0.227278
0 0.776501 0.212127 0.941213 0.227278
0 0.058826 0.227278 0.105887 0.242429
0 0.107521 0.227278 0.469381 0.242429
0 0.470607 0.227278 0.623554 0.242429
0 0.623554 0.227278 0.775276 0.242429
0 0.776501 0.227278 0.941213 0.242429
0 0.058826 0.242429 0.105887 0.257580
0 0.107521 0.242429 0.469381 0.257580
0 0.470607 0.242429 0.623554 0.257580
0 0.623554 0.242429 0.775276 0.257580
0 0.776501 0.242429 0.941213 0.257580
0 0.058826 0.257580 0.105887 0.272731
0 0.107521 0.257580 0.469381 0.272731
0 0.470607 0.257580 0.623554 0.272731
0 0.623554 0.257580 0.775276 0.272731
0 0.776501 0.257580 0.941213 0.272731
0 0.058826 0.272731 0.105887 0.287882
0 0.107521 0.272731 0.469381 0.287882
0 0.470607 0.272731 0.623554 0.287882
0 0.623554 0.272731 0.775276 0.287882
0 0.776501 0.272731 0.941213 0.287882
0 0.058826 0.287882 0.105887 0.303032
0 0.107521 0.287882 0.469381 0.303032
0 0.470607 0.287882 0.623554 0.303032
0 0.623554 0.287882 0.775276 0.303032
0 0.776501 0.287882 0.941213 0.303032
0 0.058826 0.303032 0.105887 0.318183
0 0.107521 0.303032 0.469381 0.318183
0 0.470607 0.303032 0.623554 0.318183
0 0.623554 0.303032 0.775276 0.318183
0 0.776501 0.303032 0.941213 0.318183
0 0.058826 0.318183 0.105887 0.333334
0 0.107521 0.318183 0.469381 0.333334
0 0.470607 0.318183 0.623554 0.333334
0 0.623554 0.318183 0.775276 0.333334
0 0.776501 0.318183 0.941213 0.333334
0 0.058826 0.333334 0.105887 0.348485
0 0.107521 0.333334 0.469381 0.348485
0 0.470607 0.333334 0.623554 0.348485
0 0.623554 0.333334 0.775276 0.348485
0 0.776501 0.333334 0.941213 0.348485
0 0.058826 0.348485 0.105887 0.363636
0 0.107521 0.348485 0.469381 0.363636
0 0.470607 0.348485 0.623554 0.363636
0 0.623554 0.348485 0.775276 0.363636
0 0.776501 0.348485 0.941213 0.363636
0 0.058826 0.363636 0.105887 0.378787
0 0.107521 0.363636 0.469381 0.378787
0 0.470607 0.363636 0.623554 0.378787
0 0.623554 0.363636 0.775276 0.378787
0 0.776501 0.363636 0.941213 0.378787
0 0.058826 0.378787 0.105887 0.393938
0 0.107521 0.378787 0.469381 0.393938
0 0.470607 0.378787 0.623554 0.393938
0 0.623554 0.378787 0.775276 0.393938
0 0.776501 0.378787 0.941213 0.393938
0 0.058826 0.393938 0.105887 0.409089
0 0.107521 0.393938 0.469381 0.409089
0 0.470607 0.393938 0.623554 0.409089
0 0.623554 0.393938 0.775276 0.409089
0 0.776501 0.393938 0.941213 0.409089
0 0.058826 0.409089 0.105887 0.424239
0 0.107521 0.409089 0.469381 0.424239
0 0.470607 0.409089 0.623554 0.424239
0 0.623554 0.409089 0.775276 0.424239
0 0.776501 0.409089 0.941213 0.424239
0 0.058826 0.424239 0.105887 0.439390
0 0.107521 0.424239 0.469381 0.439390
0 0.470607 0.424239 0.623554 0.439390
0 0.623554 0.424239 0.775276 0.439390
0 0.776501 0.424239 0.941213 0.439390
0 0.058826 0.439390 0.105887 0.454541
0 0.107521 0.439390 0.469381 0.454541
0 0.470607 0.439390 0.623554 0.454541
0 0.623554 0.439390 0.775276 0.454541
0 0.776501 0.439390 0.941213 0.454541
0 0.058826 0.454541 0.105887 0.469692
0 0.107521 0.454541 0.469381 0.469692
0 0.470607 0.454541 0.623554 0.469692
0 0.623554 0.454541 0.775276 0.469692
0 0.776501 0.454541 0.941213 0.469692
0 0.058826 0.469692 0.105887 0.484843
0 0.107521 0.469692 0.469381 0.484843
0 0.470607 0.469692 0.623554 0.484843
0 0.623554 0.469692 0.775276 0.484843
0 0.776501 0.469692 0.941213 0.484843
0 0.058826 0.484843 0.105887 0.499994
0 0.107521 0.484843 0.469381 0.499994
0 0.470607 0.484843 0.623554 0.499994
0 0.623554 0.484843 0.775276 0.499994
0 0.776501 0.484843 0.941213 0.499994
0 0.058826 0.499994 0.105887 0.515145
0 0.107521 0.499994 0.469381 0.515145
0 0.470607 0.499994 0.623554 0.515145
0 0.623554 0.499994 0.775276 0.515145
0 0.776501 0.499994 0.941213 0.515145
0 0.058826 0.515145 0.105887 0.530295
0 0.107521 0.515145 0.469381 0.530295
0 0.470607 0.515145 0.623554 0.530295
0 0.623554 0.515145 0.775276 0.530295
0 0.776501 0.515145 0.941213 0.530295
0 0.058826 0.530295 0.105887 0.545446
0 0.107521 0.530295 0.469381 0.545446
0 0.470607 0.530295 0.623554 0.545446
0 0.623554 0.530295 0.775276 0.545446
0 0.776501 0.530295 0.941213 0.545446
0 0.058826 0.545446 0.105887 0.560597
0 0.107521 0.545446 0.469381 0.560597
0 0.470607 0.545446 0.623554 0.560597
0 0.623554 0.545446 0.775276 0.560597
0 0.776501 0.545446 0.941213 0.560597
0 0.058826 0.560597 0.105887 0.575748
0 0.107521 0.560597 0.469381 0.575748
0 0.470607 0.560597 0.623554 0.575748
0 0.623554 0.560597 0.775276 0.575748
0 0.776501 0.560597 0.941213 0.575748
0 0.058826 0.575748 0.105887 0.590899
0 0.107521 0.575748 0.469381 0.590899
0 0.470607 0.575748 0.623554 0.590899
0 0.623554 0.575748 0.775276 0.590899
0 0.776501 0.575748 0.941213 0.590899
0 0.058826 0.590899 0.105887 0.606050
0 0.107521 0.590899 0.469381 0.606050
0 0.470607 0.590899 0.623554 0.606050
0 0.623554 0.590899 0.775276 0.606050
0 0.776501 0.590899 0.941213 0.606050
0 0.058826 0.606050 0.105887 0.621201
0 0.107521 0.606050 0.469381 0.621201
0 0.470607 0.606050 0.623554 0.621201
0 0.623554 0.606050 0.775276 0.621201
0 0.776501 0.606050 0.941213 0.621201
0 0.058826 0.621201 0.105887 0.636351
0 0.107521 0.621201 0.469381 0.636351
0 0.470607 0.621201 0.623554 0.636351
0 0.623554 0.621201 0.775276 0.636351
0 0.776501 0.621201 0.941213 0.636351
0 0.058826 0.636351 0.105887 0.651502
0 0.107521 0.636351 0.469381 0.651502
0 0.470607 0.636351 0.623554 0.651502
0 0.623554 0.636351 0.775276 0.651502
0 0.776501 0.636351 0.941213 0.651502
0 0.058826 0.651502 0.105887 0.666653
0 0.107521 0.651502 0.469381 0.666653
0 0.470607 0.651502 0.623554 0.666653
0 0.623554 0.651502 0.775276 0.666653
0 0.776501 0.651502 0.941213 0.666653
0 0.058826 0.666653 0.105887 0.681804
0 0.107521 0.666653 0.469381 0.681804
0 0.470607 0.666653 0.623554 0.681804
0 0.623554 0.666653 0.775276 0.681804
0 0.776501 0.666653 0.941213 0.681804
0 0.058826 0.681804 0.105887 0.696955
0 0.107521 0.681804 0.469381 0.696955
0 0.470607 0.681804 0.623554 0.696955
0 0.623554 0.681804 0.775276 0.696955
0 0.776501 0.681804 0.941213 0.696955
0 0.058826 0.696955 0.105887 0.712106
0 0.107521 0.696955 0.469381 0.712106
0 0.470607 0.696955 0.623554 0.712106
0 0.623554 0.696955 0.775276 0.712106
0 0.776501 0.696955 0.941213 0.712106
0 0.058826 0.712106 0.105887 0.727257
0 0.107521 0.712106 0.469381 0.727257
0 0.470607 0.712106 0.623554 0.727257
0 0.623554 0.712106 0.775276 0.727257
0 0.776501 0.712106 0.941213 0.727257
0 0.058826 0.727257 0.105887 0.742408
0 0.107521 0.727257 0.469381 0.742408
0 0.470607 0.727257 0.623554 0.742408
0 0.623554 0.727257 0.775276 0.742408
0 0.776501 0.727257 0.941213 0.742408
0 0.058826 0.742408 0.105887 0.757558
0 0.107521 0.742408 0.469381 0.757558
0 0.470607 0.742408 0.623554 0.757558
0 0.623554 0.742408 0.775276 0.757558
0 0.776501 0.742408 0.941213 0.757558
0 0.058826 0.757558 0.105887 0.772709
0 0.107521 0.757558 0.469381 0.772709
0 0.470607 0.757558 0.623554 0.772709
0 0.623554 0.757558 0.775276 0.772709
0 0.776501 0.757558 0.941213 0.772709
0 0.058826 0.772709 0.105887 0.787860
0 0.107521 0.772709 0.469381 0.787860
0 0.470607 0.772709 0.623554 0.787860
0 0.623554 0.772709 0.775276 0.787860
0 0.776501 0.772709 0.941213 0.787860
0 0.058826 0.787860 0.105887 0.803011
0 0.107521 0.787860 0.469381 0.803011
0 0.470607 0.787860 0.623554 0.803011
0 0.623554 0.787860 0.775276 0.803011
0 0.776501 0.787860 0.941213 0.803011
0 0.058826 0.803011 0.105887 0.818162
0 0.107521 0.803011 0.469381 0.818162
0 0.470607 0.803011 0.623554 0.818162
0 0.623554 0.803011 0.775276 0.818162
0 0.776501 0.803011 0.941213 0.818162
0 0.058826 0.818162 0.105887 0.833313
0 0.107521 0.818162 0.469381 0.833313
0 0.470607 0.818162 0.623554 0.833313
0 0.623554 0.818162 0.775276 0.833313
0 0.776501 0.818162 0.941213 0.833313
0 0.058826 0.833313 0.105887 0.848464
0 0.107521 0.833313 0.469381 0.848464
0 0.470607 0.833313 0.623554 0.848464
0 0.623554 0.833313 0.775276 0.848464
0 0.776501 0.833313 0.941213 0.848464
0 0.058826 0.848464 0.105887 0.863614
0 0.107521 0.848464 0.469381 0.863614
0 0.470607 0.848464 0.623554 0.863614
0 0.623554 0.848464 0.775276 0.863614
0 0.776501 0.848464 0.941213 0.863614
0 0.058826 0.863614 0.105887 0.878765
0 0.107521 0.863614 0.469381 0.878765
0 0.470607 0.863614 0.623554 0.878765
0 0.623554 0.863614 0.775276 0.878765
0 0.776501 0.863614 0.941213 0.878765
0 0.058826 0.878765 0.105887 0.893916
0 0.107521 0.878765 0.469381 0.893916
0 0.470607 0.878765 0.623554 0.893916
0 0.623554 0.878765 0.775276 0.893916
0 0.776501 0.878765 0.941213 0.893916
0 0.058826 0.893916 0.105887 0.909067
0 0.107521 0.893916 0.469381 0.909067
0 0.470607 0.893916 0.623554 0.909067
0 0.623554 0.893916 0.775276 0.909067
0 0.776501 0.893916 0.941213 0.909067
0 0.623554 0.924279 0.776501 0.939429
0 0.776501 0.924279 0.941213 0.939429
