0 0.070591 0.151524 0.235303 0.166675
0 0.273213 0.151524 0.494137 0.166675
0 0.517667 0.151524 0.682380 0.166675
0 0.720290 0.151524 0.941213 0.166675
0 0.070591 0.166675 0.235303 0.181826
0 0.273213 0.166675 0.494137 0.181826
0 0.517667 0.166675 0.682380 0.181826
0 0.720290 0.166675 0.941213 0.181826
0 0.070591 0.181826 0.235303 0.196976
0 0.273213 0.181826 0.494137 0.196976
0 0.517667 0.181826 0.682380 0.196976
0 0.720290 0.181826 0.941213 0.196976
0 0.070591 0.196976 0.235303 0.212127
0 0.273213 0.196976 0.494137 0.212127
0 0.517667 0.196976 0.682380 0.212127
0 0.720290 0.196976 0.941213 0.212127
0 0.070591 0.212127 0.235303 0.227278
0 0.273213 0.212127 0.494137 0.227278
0 0.517667 0.212127 0.682380 0.227278
0 0.720290 0.212127 0.941213 0.227278
0 0.070591 0.227278 0.235303 0.242429
0 0.273213 0.227278 0.494137 0.242429
0 0.517667 0.227278 0.682380 0.242429
0 0.720290 0.227278 0.941213 0.242429
0 0.070591 0.242429 0.235303 0.257580
0 0.273213 0.242429 0.494137 0.257580
0 0.517667 0.242429 0.682380 0.257580
0 0.720290 0.242429 0.941213 0.257580
0 0.070591 0.257580 0.235303 0.272731
0 0.273213 0.257580 0.494137 0.272731
0 0.517667 0.257580 0.682380 0.272731
0 0.720290 0.257580 0.941213 0.272731
0 0.694145 0.287889 0.941213 0.303040
0 0.070591 0.363651 0.235303 0.378802
0 0.271579 0.363651 0.494137 0.378802
0 0.517667 0.363651 0.682380 0.378802
0 0.718656 0.363651 0.941213 0.378802
0 0.070591 0.378802 0.235303 0.393953
0 0.271579 0.378802 0.494137 0.393953
0 0.517667 0.378802 0.682380 0.393953
0 0.718656 0.378802 0.941213 0.393953
0 0.070591 0.393953 0.235303 0.409104
0 0.271579 0.393953 0.494137 0.409104
0 0.517667 0.393953 0.682380 0.409104
0 0.718656 0.393953 0.941213 0.409104
0 0.070591 0.409104 0.235303 0.424255
0 0.271579 0.409104 0.494137 0.424255
0 0.517667 0.409104 0.682380 0.424255
0 0.718656 0.409104 0.941213 0.424255
0 0.070591 0.424255 0.235303 0.439405
0 0.271579 0.424255 0.494137 0.439405
0 0.517667 0.424255 0.682380 0.439405
0 0.718656 0.424255 0.941213 0.439405
0 0.070591 0.439405 0.235303 0.454556
0 0.271579 0.439405 0.494137 0.454556
0 0.517667 0.439405 0.682380 0.454556
0 0.718656 0.439405 0.941213 0.454556
0 0.070591 0.454556 0.235303 0.469707
0 0.271579 0.454556 0.494137 0.469707
0 0.517667 0.454556 0.682380 0.469707
0 0.718656 0.454556 0.941213 0.469707
0 0.070591 0.469707 0.235303 0.484858
0 0.271579 0.469707 0.494137 0.484858
0 0.517667 0.469707 0.682380 0.484858
0 0.718656 0.469707 0.941213 0.484858
0 0.694145 0.500020 0.941213 0.515171
0 0.058826 0.575782 0.235303 0.590933
0 0.258834 0.575782 0.376485 0.590933
0 0.412761 0.575782 0.494137 0.590933
0 0.517667 0.575782 0.682380 0.590933
0 0.705910 0.575782 0.811797 0.590933
0 0.848072 0.575782 0.941213 0.590933
0 0.058826 0.590933 0.235303 0.606084
0 0.258834 0.590933 0.376485 0.606084
0 0.412761 0.590933 0.494137 0.606084
0 0.517667 0.590933 0.682380 0.606084
0 0.705910 0.590933 0.811797 0.606084
0 0.848072 0.590933 0.941213 0.606084
0 0.058826 0.606084 0.235303 0.621235
0 0.258834 0.606084 0.376485 0.621235
0 0.412761 0.606084 0.494137 0.621235
0 0.517667 0.606084 0.682380 0.621235
0 0.705910 0.606084 0.811797 0.621235
0 0.848072 0.606084 0.941213 0.621235
0 0.058826 0.621235 0.235303 0.636386
0 0.258834 0.621235 0.376485 0.636386
0 0.412761 0.621235 0.494137 0.636386
0 0.517667 0.621235 0.682380 0.636386
0 0.705910 0.621235 0.811797 0.636386
0 0.848072 0.621235 0.941213 0.636386
0 0.058826 0.636386 0.235303 0.651536
0 0.258834 0.636386 0.376485 0.651536
0 0.412761 0.636386 0.494137 0.651536
0 0.517667 0.636386 0.682380 0.651536
0 0.705910 0.636386 0.811797 0.651536
0 0.848072 0.636386 0.941213 0.651536
0 0.058826 0.651536 0.235303 0.666687
0 0.258834 0.651536 0.376485 0.666687
0 0.412761 0.651536 0.494137 0.666687
0 0.517667 0.651536 0.682380 0.666687
0 0.705910 0.651536 0.811797 0.666687
0 0.848072 0.651536 0.941213 0.666687
0 0.058826 0.666687 0.235303 0.681838
0 0.258834 0.666687 0.376485 0.681838
0 0.412761 0.666687 0.494137 0.681838
0 0.517667 0.666687 0.682380 0.681838
0 0.705910 0.666687 0.811797 0.681838
0 0.848072 0.666687 0.941213 0.681838
0 0.058826 0.681838 0.235303 0.696989
0 0.258834 0.681838 0.376485 0.696989
0 0.412761 0.681838 0.494137 0.696989
0 0.517667 0.681838 0.682380 0.696989
0 0.705910 0.681838 0.811797 0.696989
0 0.848072 0.681838 0.941213 0.696989
0 0.823562 0.712151 0.941213 0.727302
0 0.058826 0.787913 0.235303 0.803064
0 0.271579 0.787913 0.447076 0.803064
0 0.483352 0.787913 0.682380 0.803064
0 0.718656 0.787913 0.941213 0.803064
0 0.058826 0.803064 0.235303 0.818215
0 0.271579 0.803064 0.447076 0.818215
0 0.483352 0.803064 0.682380 0.818215
0 0.718656 0.803064 0.941213 0.818215
0 0.058826 0.818215 0.235303 0.833366
0 0.271579 0.818215 0.447076 0.833366
0 0.483352 0.818215 0.682380 0.833366
0 0.718656 0.818215 0.941213 0.833366
0 0.058826 0.833366 0.235303 0.848517
0 0.271579 0.833366 0.447076 0.848517
0 0.483352 0.833366 0.682380 0.848517
0 0.718656 0.833366 0.941213 0.848517
0 0.058826 0.848517 0.235303 0.863667
0 0.271579 0.848517 0.447076 0.863667
0 0.483352 0.848517 0.682380 0.863667
0 0.718656 0.848517 0.941213 0.863667
0 0.058826 0.863667 0.235303 0.878818
0 0.271579 0.863667 0.447076 0.878818
0 0.483352 0.863667 0.682380 0.878818
0 0.718656 0.863667 0.941213 0.878818
0 0.058826 0.878818 0.235303 0.893969
0 0.271579 0.878818 0.447076 0.893969
0 0.483352 0.878818 0.682380 0.893969
0 0.718656 0.878818 0.941213 0.893969
0 0.058826 0.893969 0.235303 0.909120
0 0.271579 0.893969 0.447076 0.909120
0 0.483352 0.893969 0.682380 0.909120
0 0.718656 0.893969 0.941213 0.909120
0 0.694145 0.924279 0.941213 0.939429
