0 0.058826 0.166675 0.200008 0.181826
0 0.201642 0.166675 0.669389 0.181826
0 0.670615 0.166675 0.788266 0.181826
0 0.788266 0.166675 0.941213 0.181826
0 0.058826 0.181826 0.200008 0.196976
0 0.201642 0.181826 0.669389 0.196976
0 0.670615 0.181826 0.788266 0.196976
0 0.788266 0.181826 0.941213 0.196976
0 0.058826 0.196976 0.200008 0.212127
0 0.201642 0.196976 0.669389 0.212127
0 0.670615 0.196976 0.788266 0.212127
0 0.788266 0.196976 0.941213 0.212127
0 0.058826 0.212127 0.200008 0.227278
0 0.201642 0.212127 0.669389 0.227278
0 0.670615 0.212127 0.788266 0.227278
0 0.788266 0.212127 0.941213 0.227278
0 0.058826 0.227278 0.200008 0.242429
0 0.201642 0.227278 0.669389 0.242429
0 0.670615 0.227278 0.788266 0.242429
0 0.788266 0.227278 0.941213 0.242429
0 0.058826 0.242429 0.200008 0.257580
0 0.201642 0.242429 0.669389 0.257580
0 0.670615 0.242429 0.788266 0.257580
0 0.788266 0.242429 0.941213 0.257580
0 0.058826 0.257580 0.200008 0.272731
0 0.201642 0.257580 0.669389 0.272731
0 0.670615 0.257580 0.788266 0.272731
0 0.788266 0.257580 0.941213 0.272731
0 0.058826 0.272731 0.200008 0.287882
0 0.201642 0.272731 0.669389 0.287882
0 0.670615 0.272731 0.788266 0.287882
0 0.788266 0.272731 0.941213 0.287882
0 0.058826 0.287882 0.200008 0.303032
0 0.201642 0.287882 0.669389 0.303032
0 0.670615 0.287882 0.788266 0.303032
0 0.788266 0.287882 0.941213 0.303032
0 0.058826 0.303032 0.200008 0.318183
0 0.201642 0.303032 0.669389 0.318183
0 0.670615 0.303032 0.788266 0.318183
0 0.788266 0.303032 0.941213 0.318183
0 0.058826 0.318183 0.200008 0.333334
0 0.201642 0.318183 0.669389 0.333334
0 0.670615 0.318183 0.788266 0.333334
0 0.788266 0.318183 0.941213 0.333334
0 0.058826 0.333334 0.200008 0.348485
0 0.201642 0.333334 0.669389 0.348485
0 0.670615 0.333334 0.788266 0.348485
0 0.788266 0.333334 0.941213 0.348485
0 0.788266 0.363651 0.941213 0.378802
0 0.058826 0.439413 0.200008 0.454564
0 0.201642 0.439413 0.787041 0.454564
0 0.788266 0.439413 0.941213 0.454564
0 0.058826 0.454564 0.200008 0.469715
0 0.201642 0.454564 0.787041 0.469715
0 0.788266 0.454564 0.941213 0.469715
0 0.058826 0.469715 0.200008 0.484866
0 0.201642 0.469715 0.787041 0.484866
0 0.788266 0.469715 0.941213 0.484866
0 0.058826 0.484866 0.200008 0.500016
0 0.201642 0.484866 0.787041 0.500016
0 0.788266 0.484866 0.941213 0.500016
0 0.058826 0.500016 0.200008 0.515167
0 0.201642 0.500016 0.787041 0.515167
0 0.788266 0.500016 0.941213 0.515167
0 0.058826 0.515167 0.200008 0.530318
0 0.201642 0.515167 0.787041 0.530318
0 0.788266 0.515167 0.941213 0.530318
0 0.058826 0.530318 0.200008 0.545469
0 0.201642 0.530318 0.787041 0.545469
0 0.788266 0.530318 0.941213 0.545469
0 0.058826 0.545469 0.200008 0.560620
0 0.201642 0.545469 0.787041 0.560620
0 0.788266 0.545469 0.941213 0.560620
0 0.058826 0.560620 0.200008 0.575771
0 0.201642 0.560620 0.787041 0.575771
0 0.788266 0.560620 0.941213 0.575771
0 0.058826 0.575771 0.200008 0.590922
0 0.201642 0.575771 0.787041 0.590922
0 0.788266 0.575771 0.941213 0.590922
0 0.058826 0.590922 0.200008 0.606072
0 0.201642 0.590922 0.787041 0.606072
0 0.788266 0.590922 0.941213 0.606072
0 0.058826 0.606072 0.200008 0.621223
0 0.201642 0.606072 0.787041 0.621223
0 0.788266 0.606072 0.941213 0.621223
0 0.788266 0.636389 0.941213 0.651540
0 0.058826 0.727302 0.200008 0.742453
0 0.201642 0.727302 0.434086 0.742453
0 0.436945 0.727302 0.669389 0.742453
0 0.672249 0.727302 0.787041 0.742453
0 0.788266 0.727302 0.941213 0.742453
0 0.058826 0.742453 0.200008 0.757604
0 0.201642 0.742453 0.434086 0.757604
0 0.436945 0.742453 0.669389 0.757604
0 0.672249 0.742453 0.787041 0.757604
0 0.788266 0.742453 0.941213 0.757604
0 0.058826 0.757604 0.200008 0.772755
0 0.201642 0.757604 0.434086 0.772755
0 0.436945 0.757604 0.669389 0.772755
0 0.672249 0.757604 0.787041 0.772755
0 0.788266 0.757604 0.941213 0.772755
0 0.058826 0.772755 0.200008 0.787906
0 0.201642 0.772755 0.434086 0.787906
0 0.436945 0.772755 0.669389 0.787906
0 0.672249 0.772755 0.787041 0.787906
0 0.788266 0.772755 0.941213 0.787906
0 0.058826 0.787906 0.200008 0.803056
0 0.201642 0.787906 0.434086 0.803056
0 0.436945 0.787906 0.669389 0.803056
0 0.672249 0.787906 0.787041 0.803056
0 0.788266 0.787906 0.941213 0.803056
0 0.058826 0.803056 0.200008 0.818207
0 0.201642 0.803056 0.434086 0.818207
0 0.436945 0.803056 0.669389 0.818207
0 0.672249 0.803056 0.787041 0.818207
0 0.788266 0.803056 0.941213 0.818207
0 0.058826 0.818207 0.200008 0.833358
0 0.201642 0.818207 0.434086 0.833358
0 0.436945 0.818207 0.669389 0.833358
0 0.672249 0.818207 0.787041 0.833358
0 0.788266 0.818207 0.941213 0.833358
0 0.058826 0.833358 0.200008 0.848509
0 0.201642 0.833358 0.434086 0.848509
0 0.436945 0.833358 0.669389 0.848509
0 0.672249 0.833358 0.787041 0.848509
0 0.788266 0.833358 0.941213 0.848509
0 0.058826 0.848509 0.200008 0.863660
0 0.201642 0.848509 0.434086 0.863660
0 0.436945 0.848509 0.669389 0.863660
0 0.672249 0.848509 0.787041 0.863660
0 0.788266 0.848509 0.941213 0.863660
0 0.058826 0.863660 0.200008 0.878811
0 0.201642 0.863660 0.434086 0.878811
0 0.436945 0.863660 0.669389 0.878811
0 0.672249 0.863660 0.787041 0.878811
0 0.788266 0.863660 0.941213 0.878811
0 0.058826 0.878811 0.200008 0.893962
0 0.201642 0.878811 0.434086 0.893962
0 0.436945 0.878811 0.669389 0.893962
0 0.672249 0.878811 0.787041 0.893962
0 0.788266 0.878811 0.941213 0.893962
0 0.058826 0.893962 0.200008 0.909113
0 0.201642 0.893962 0.434086 0.909113
0 0.436945 0.893962 0.669389 0.909113
0 0.672249 0.893962 0.787041 0.909113
0 0.788266 0.893962 0.941213 0.909113
0 0.788266 0.924279 0.941213 0.939429
