0 0.635319 0.063131 0.648391 0.073233
0 0.835327 0.063131 0.848399 0.073233
0 0.058826 0.121218 0.164712 0.136369
0 0.166346 0.121218 0.787041 0.136369
0 0.788266 0.121218 0.941213 0.136369
0 0.058826 0.136369 0.164712 0.151520
0 0.166346 0.136369 0.787041 0.151520
0 0.788266 0.136369 0.941213 0.151520
0 0.058826 0.151520 0.164712 0.166671
0 0.166346 0.151520 0.787041 0.166671
0 0.788266 0.151520 0.941213 0.166671
0 0.058826 0.166671 0.164712 0.181822
0 0.166346 0.166671 0.787041 0.181822
0 0.788266 0.166671 0.941213 0.181822
0 0.058826 0.181822 0.164712 0.196973
0 0.166346 0.181822 0.787041 0.196973
0 0.788266 0.181822 0.941213 0.196973
0 0.058826 0.196973 0.164712 0.212123
0 0.166346 0.196973 0.787041 0.212123
0 0.788266 0.196973 0.941213 0.212123
0 0.058826 0.212123 0.164712 0.227274
0 0.166346 0.212123 0.787041 0.227274
0 0.788266 0.212123 0.941213 0.227274
0 0.058826 0.227274 0.164712 0.242425
0 0.166346 0.227274 0.787041 0.242425
0 0.788266 0.227274 0.941213 0.242425
0 0.058826 0.242425 0.164712 0.257576
0 0.166346 0.242425 0.787041 0.257576
0 0.788266 0.242425 0.941213 0.257576
0 0.058826 0.257576 0.164712 0.272727
0 0.166346 0.257576 0.787041 0.272727
0 0.788266 0.257576 0.941213 0.272727
0 0.058826 0.272727 0.164712 0.287878
0 0.166346 0.272727 0.787041 0.287878
0 0.788266 0.272727 0.941213 0.287878
0 0.058826 0.287878 0.164712 0.303029
0 0.166346 0.287878 0.787041 0.303029
0 0.788266 0.287878 0.941213 0.303029
0 0.058826 0.303029 0.164712 0.318180
0 0.166346 0.303029 0.787041 0.318180
0 0.788266 0.303029 0.941213 0.318180
0 0.058826 0.318180 0.164712 0.333330
0 0.166346 0.318180 0.787041 0.333330
0 0.788266 0.318180 0.941213 0.333330
0 0.058826 0.333330 0.164712 0.348481
0 0.166346 0.333330 0.787041 0.348481
0 0.788266 0.333330 0.941213 0.348481
0 0.058826 0.348481 0.164712 0.363632
0 0.166346 0.348481 0.787041 0.363632
0 0.788266 0.348481 0.941213 0.363632
0 0.058826 0.363632 0.164712 0.378783
0 0.166346 0.363632 0.787041 0.378783
0 0.788266 0.363632 0.941213 0.378783
0 0.058826 0.378783 0.164712 0.393934
0 0.166346 0.378783 0.787041 0.393934
0 0.788266 0.378783 0.941213 0.393934
0 0.058826 0.393934 0.164712 0.409085
0 0.166346 0.393934 0.787041 0.409085
0 0.788266 0.393934 0.941213 0.409085
0 0.058826 0.409085 0.164712 0.424236
0 0.166346 0.409085 0.787041 0.424236
0 0.788266 0.409085 0.941213 0.424236
0 0.058826 0.424236 0.164712 0.439386
0 0.166346 0.424236 0.787041 0.439386
0 0.788266 0.424236 0.941213 0.439386
0 0.058826 0.439386 0.164712 0.454537
0 0.166346 0.439386 0.787041 0.454537
0 0.788266 0.439386 0.941213 0.454537
0 0.058826 0.454537 0.164712 0.469688
0 0.166346 0.454537 0.787041 0.469688
0 0.788266 0.454537 0.941213 0.469688
0 0.058826 0.469688 0.164712 0.484839
0 0.166346 0.469688 0.787041 0.484839
0 0.788266 0.469688 0.941213 0.484839
0 0.058826 0.484839 0.164712 0.499990
0 0.166346 0.484839 0.787041 0.499990
0 0.788266 0.484839 0.941213 0.499990
0 0.058826 0.499990 0.164712 0.515141
0 0.166346 0.499990 0.787041 0.515141
0 0.788266 0.499990 0.941213 0.515141
0 0.058826 0.515141 0.164712 0.530292
0 0.166346 0.515141 0.787041 0.530292
0 0.788266 0.515141 0.941213 0.530292
0 0.058826 0.530292 0.164712 0.545443
0 0.166346 0.530292 0.787041 0.545443
0 0.788266 0.530292 0.941213 0.545443
0 0.058826 0.545443 0.164712 0.560593
0 0.166346 0.545443 0.787041 0.560593
0 0.788266 0.545443 0.941213 0.560593
0 0.058826 0.560593 0.164712 0.575744
0 0.166346 0.560593 0.787041 0.575744
0 0.788266 0.560593 0.941213 0.575744
0 0.058826 0.575744 0.164712 0.590895
0 0.166346 0.575744 0.787041 0.590895
0 0.788266 0.575744 0.941213 0.590895
0 0.058826 0.590895 0.164712 0.606046
0 0.166346 0.590895 0.787041 0.606046
0 0.788266 0.590895 0.941213 0.606046
0 0.058826 0.606046 0.164712 0.621197
0 0.166346 0.606046 0.787041 0.621197
0 0.788266 0.606046 0.941213 0.621197
0 0.058826 0.621197 0.164712 0.636348
0 0.166346 0.621197 0.787041 0.636348
0 0.788266 0.621197 0.941213 0.636348
0 0.058826 0.636348 0.164712 0.651499
0 0.166346 0.636348 0.787041 0.651499
0 0.788266 0.636348 0.941213 0.651499
0 0.058826 0.651499 0.164712 0.666649
0 0.166346 0.651499 0.787041 0.666649
0 0.788266 0.651499 0.941213 0.666649
0 0.058826 0.666649 0.164712 0.681800
0 0.166346 0.666649 0.787041 0.681800
0 0.788266 0.666649 0.941213 0.681800
0 0.058826 0.681800 0.164712 0.696951
0 0.166346 0.681800 0.787041 0.696951
0 0.788266 0.681800 0.941213 0.696951
0 0.058826 0.696951 0.164712 0.712102
0 0.166346 0.696951 0.787041 0.712102
0 0.788266 0.696951 0.941213 0.712102
0 0.058826 0.712102 0.164712 0.727253
0 0.166346 0.712102 0.787041 0.727253
0 0.788266 0.712102 0.941213 0.727253
0 0.058826 0.727253 0.164712 0.742404
0 0.166346 0.727253 0.787041 0.742404
0 0.788266 0.727253 0.941213 0.742404
0 0.058826 0.742404 0.164712 0.757555
0 0.166346 0.742404 0.787041 0.757555
0 0.788266 0.742404 0.941213 0.757555
0 0.058826 0.757555 0.164712 0.772705
0 0.166346 0.757555 0.787041 0.772705
0 0.788266 0.757555 0.941213 0.772705
0 0.058826 0.772705 0.164712 0.787856
0 0.166346 0.772705 0.787041 0.787856
0 0.788266 0.772705 0.941213 0.787856
0 0.058826 0.787856 0.164712 0.803007
0 0.166346 0.787856 0.787041 0.803007
0 0.788266 0.787856 0.941213 0.803007
0 0.058826 0.803007 0.164712 0.818158
0 0.166346 0.803007 0.787041 0.818158
0 0.788266 0.803007 0.941213 0.818158
0 0.058826 0.818158 0.164712 0.833309
0 0.166346 0.818158 0.787041 0.833309
0 0.788266 0.818158 0.941213 0.833309
0 0.058826 0.833309 0.164712 0.848460
0 0.166346 0.833309 0.787041 0.848460
0 0.788266 0.833309 0.941213 0.848460
0 0.058826 0.848460 0.164712 0.863611
0 0.166346 0.848460 0.787041 0.863611
0 0.788266 0.848460 0.941213 0.863611
0 0.058826 0.863611 0.164712 0.878762
0 0.166346 0.863611 0.787041 0.878762
0 0.788266 0.863611 0.941213 0.878762
0 0.058826 0.878762 0.164712 0.893912
0 0.166346 0.878762 0.787041 0.893912
0 0.788266 0.878762 0.941213 0.893912
0 0.058826 0.893912 0.164712 0.909063
0 0.166346 0.893912 0.787041 0.909063
0 0.788266 0.893912 0.941213 0.909063
0 0.058826 0.909063 0.164712 0.924214
0 0.166346 0.909063 0.787041 0.924214
0 0.788266 0.909063 0.941213 0.924214
0 0.788266 0.924279 0.941213 0.939429
