0 0.507036 0.075762 0.603122 0.090913
0 0.058826 0.164147 0.551737 0.181826
0 0.552963 0.164147 0.941213 0.181826
0 0.552963 0.194452 0.941213 0.212131
0 0.058826 0.194452 0.551737 0.212131
0 0.058826 0.237385 0.941213 0.272738
0 0.058826 0.285365 0.351729 0.303044
0 0.354589 0.285365 0.645859 0.303044
0 0.647084 0.285365 0.941213 0.303044
0 0.058826 0.378802 0.352955 0.393953
0 0.352955 0.378802 0.647084 0.393953
0 0.647084 0.378802 0.941213 0.393953
0 0.058826 0.393953 0.352955 0.409104
0 0.352955 0.393953 0.647084 0.409104
0 0.647084 0.393953 0.941213 0.409104
0 0.058826 0.409104 0.352955 0.424255
0 0.352955 0.409104 0.647084 0.424255
0 0.647084 0.409104 0.941213 0.424255
0 0.058826 0.424255 0.352955 0.439405
0 0.352955 0.424255 0.647084 0.439405
0 0.647084 0.424255 0.941213 0.439405
0 0.058826 0.439405 0.352955 0.454556
0 0.352955 0.439405 0.647084 0.454556
0 0.647084 0.439405 0.941213 0.454556
0 0.788266 0.454564 0.941213 0.469715
0 0.788266 0.515171 0.941213 0.530322
0 0.788266 0.545477 0.941213 0.560627
0 0.788266 0.575782 0.924873 0.590933
0 0.788266 0.606084 0.941213 0.621235
0 0.788266 0.636389 0.941213 0.651540
0 0.788266 0.666695 0.941213 0.681846
0 0.788266 0.696997 0.941213 0.712148
0 0.142816 0.818216 0.387025 0.833370
0 0.787578 0.810009 0.800651 0.820110
0 0.823562 0.818216 0.941213 0.833370
0 0.247069 0.833366 0.704684 0.848517
0 0.788266 0.833366 0.941213 0.848517
0 0.247069 0.848520 0.704684 0.863671
0 0.776501 0.848520 0.941213 0.863671
