0 0.213407 0.133845 0.504677 0.151524
0 0.507536 0.133845 0.823562 0.151524
0 0.823562 0.133845 0.941213 0.151524
0 0.211773 0.164147 0.505902 0.181826
0 0.507536 0.164147 0.941213 0.181826
0 0.058826 0.242433 0.141182 0.272738
0 0.282364 0.242433 0.364720 0.257584
0 0.411781 0.242433 0.482372 0.257584
0 0.235303 0.257587 0.823562 0.272738
0 0.823562 0.242433 0.941213 0.272738
0 0.058826 0.272738 0.141182 0.287889
0 0.142816 0.272738 0.822336 0.287889
0 0.823562 0.272738 0.941213 0.287889
0 0.058826 0.287889 0.141182 0.303040
0 0.142816 0.287889 0.822336 0.303040
0 0.823562 0.287889 0.941213 0.303040
0 0.058826 0.303040 0.141182 0.318191
0 0.142816 0.303040 0.822336 0.318191
0 0.823562 0.303040 0.941213 0.318191
0 0.058826 0.318191 0.141182 0.333342
0 0.142816 0.318191 0.822336 0.333342
0 0.823562 0.318191 0.941213 0.333342
0 0.058826 0.333342 0.141182 0.348493
0 0.142816 0.333342 0.822336 0.348493
0 0.823562 0.333342 0.941213 0.348493
0 0.058826 0.348493 0.141182 0.363643
0 0.142816 0.348493 0.822336 0.363643
0 0.823562 0.348493 0.941213 0.363643
0 0.058826 0.363643 0.141182 0.378794
0 0.142816 0.363643 0.822336 0.378794
0 0.823562 0.363643 0.941213 0.378794
0 0.058826 0.378794 0.141182 0.393945
0 0.142816 0.378794 0.822336 0.393945
0 0.823562 0.378794 0.941213 0.393945
0 0.058826 0.393945 0.141182 0.409096
0 0.142816 0.393945 0.822336 0.409096
0 0.823562 0.393945 0.941213 0.409096
0 0.058826 0.409096 0.141182 0.424247
0 0.142816 0.409096 0.822336 0.424247
0 0.823562 0.409096 0.941213 0.424247
0 0.058826 0.424247 0.141182 0.439398
0 0.142816 0.424247 0.822336 0.439398
0 0.823562 0.424247 0.941213 0.439398
0 0.058826 0.439398 0.141182 0.454549
0 0.142816 0.439398 0.822336 0.454549
0 0.823562 0.439398 0.941213 0.454549
0 0.058826 0.454549 0.141182 0.469700
0 0.142816 0.454549 0.822336 0.469700
0 0.823562 0.454549 0.941213 0.469700
0 0.058826 0.469700 0.141182 0.484850
0 0.142816 0.469700 0.822336 0.484850
0 0.823562 0.469700 0.941213 0.484850
0 0.058826 0.484850 0.141182 0.500001
0 0.142816 0.484850 0.822336 0.500001
0 0.823562 0.484850 0.941213 0.500001
0 0.058826 0.500001 0.141182 0.515152
0 0.142816 0.500001 0.822336 0.515152
0 0.823562 0.500001 0.941213 0.515152
0 0.058826 0.515152 0.141182 0.530303
0 0.142816 0.515152 0.822336 0.530303
0 0.823562 0.515152 0.941213 0.530303
0 0.058826 0.530303 0.141182 0.545454
0 0.142816 0.530303 0.822336 0.545454
0 0.823562 0.530303 0.941213 0.545454
0 0.213407 0.558720 0.504677 0.575782
0 0.507536 0.558103 0.823562 0.575782
0 0.823562 0.558103 0.941213 0.575782
0 0.211773 0.588409 0.505902 0.606088
0 0.507536 0.588409 0.941213 0.606088
0 0.058826 0.666695 0.141182 0.697000
0 0.282364 0.666695 0.364720 0.681846
0 0.411781 0.666695 0.482372 0.681846
0 0.235303 0.681846 0.823562 0.696997
0 0.823562 0.666695 0.941213 0.697000
0 0.058826 0.697000 0.141182 0.712151
0 0.142816 0.697000 0.822336 0.712151
0 0.823562 0.697000 0.941213 0.712151
0 0.058826 0.712151 0.141182 0.727302
0 0.142816 0.712151 0.822336 0.727302
0 0.823562 0.712151 0.941213 0.727302
0 0.058826 0.727302 0.141182 0.742453
0 0.142816 0.727302 0.822336 0.742453
0 0.823562 0.727302 0.941213 0.742453
0 0.058826 0.742453 0.141182 0.757604
0 0.142816 0.742453 0.822336 0.757604
0 0.823562 0.742453 0.941213 0.757604
0 0.058826 0.757604 0.141182 0.772755
0 0.142816 0.757604 0.822336 0.772755
0 0.823562 0.757604 0.941213 0.772755
0 0.058826 0.772755 0.141182 0.787906
0 0.142816 0.772755 0.822336 0.787906
0 0.823562 0.772755 0.941213 0.787906
0 0.058826 0.787906 0.141182 0.803056
0 0.142816 0.787906 0.822336 0.803056
0 0.823562 0.787906 0.941213 0.803056
0 0.058826 0.803056 0.141182 0.818207
0 0.142816 0.803056 0.822336 0.818207
0 0.823562 0.803056 0.941213 0.818207
0 0.058826 0.818207 0.141182 0.833358
0 0.142816 0.818207 0.822336 0.833358
0 0.823562 0.818207 0.941213 0.833358
0 0.058826 0.833358 0.141182 0.848509
0 0.142816 0.833358 0.822336 0.848509
0 0.823562 0.833358 0.941213 0.848509
0 0.058826 0.848509 0.141182 0.863660
0 0.142816 0.848509 0.822336 0.863660
0 0.823562 0.848509 0.941213 0.863660
0 0.058826 0.863660 0.141182 0.878811
0 0.142816 0.863660 0.822336 0.878811
0 0.823562 0.863660 0.941213 0.878811
0 0.058826 0.878811 0.141182 0.893962
0 0.142816 0.878811 0.822336 0.893962
0 0.823562 0.878811 0.941213 0.893962
0 0.058826 0.893962 0.141182 0.909113
0 0.142816 0.893962 0.822336 0.909113
0 0.823562 0.893962 0.941213 0.909113
0 0.058826 0.909113 0.141182 0.924263
0 0.142816 0.909113 0.822336 0.924263
0 0.823562 0.909113 0.941213 0.924263
0 0.058826 0.924263 0.141182 0.939414
0 0.142816 0.924263 0.822336 0.939414
0 0.823562 0.924263 0.941213 0.939414
