0 0.138889 0.060604 0.704657 0.090908
0 0.705882 0.075758 0.800000 0.090908
0 0.800000 0.075758 0.847059 0.090908
0 0.847059 0.075758 0.941176 0.090908
0 0.058824 0.138886 0.071895 0.148987
0 0.058824 0.153721 0.071895 0.163822
0 0.305882 0.275249 0.318954 0.285349
0 0.305882 0.290399 0.318954 0.300499
0 0.060458 0.363633 0.304657 0.378783
0 0.305882 0.363633 0.516422 0.378783
0 0.517647 0.363633 0.728186 0.378783
0 0.729412 0.363633 0.939951 0.378783
0 0.060458 0.378783 0.304657 0.393933
0 0.305882 0.378783 0.516422 0.393933
0 0.517647 0.378783 0.728186 0.393933
0 0.729412 0.378783 0.939951 0.393933
0 0.060458 0.393933 0.304657 0.409083
0 0.305882 0.393933 0.516422 0.409083
0 0.517647 0.393933 0.728186 0.409083
0 0.729412 0.393933 0.939951 0.409083
0 0.060458 0.409083 0.304657 0.424233
0 0.305882 0.409083 0.516422 0.424233
0 0.517647 0.409083 0.728186 0.424233
0 0.729412 0.409083 0.939951 0.424233
0 0.060458 0.424233 0.304657 0.439383
0 0.305882 0.424233 0.516422 0.439383
0 0.517647 0.424233 0.728186 0.439383
0 0.729412 0.424233 0.939951 0.439383
0 0.060458 0.439383 0.304657 0.454533
0 0.305882 0.439383 0.516422 0.454533
0 0.517647 0.439383 0.728186 0.454533
0 0.729412 0.439383 0.939951 0.454533
0 0.060458 0.454533 0.304657 0.469683
0 0.305882 0.454533 0.516422 0.469683
0 0.517647 0.454533 0.728186 0.469683
0 0.729412 0.454533 0.939951 0.469683
0 0.060458 0.469683 0.304657 0.484833
0 0.305882 0.469683 0.516422 0.484833
0 0.517647 0.469683 0.728186 0.484833
0 0.729412 0.469683 0.939951 0.484833
0 0.060458 0.484833 0.304657 0.499984
0 0.305882 0.484833 0.516422 0.499984
0 0.517647 0.484833 0.728186 0.499984
0 0.729412 0.484833 0.939951 0.499984
0 0.060458 0.499984 0.304657 0.515134
0 0.305882 0.499984 0.516422 0.515134
0 0.517647 0.499984 0.728186 0.515134
0 0.729412 0.499984 0.939951 0.515134
0 0.060458 0.515134 0.304657 0.530284
0 0.305882 0.515134 0.516422 0.530284
0 0.517647 0.515134 0.728186 0.530284
0 0.729412 0.515134 0.939951 0.530284
0 0.060458 0.530284 0.304657 0.545434
0 0.305882 0.530284 0.516422 0.545434
0 0.517647 0.530284 0.728186 0.545434
0 0.729412 0.530284 0.939951 0.545434
0 0.305882 0.560585 0.516422 0.575738
0 0.517647 0.560585 0.728186 0.575738
0 0.729412 0.560585 0.939951 0.575738
0 0.060458 0.681811 0.304657 0.696961
0 0.305882 0.681811 0.516422 0.696961
0 0.517647 0.681811 0.728186 0.696961
0 0.729412 0.681811 0.939951 0.696961
0 0.060458 0.696961 0.304657 0.712111
0 0.305882 0.696961 0.516422 0.712111
0 0.517647 0.696961 0.728186 0.712111
0 0.729412 0.696961 0.939951 0.712111
0 0.060458 0.712111 0.304657 0.727262
0 0.305882 0.712111 0.516422 0.727262
0 0.517647 0.712111 0.728186 0.727262
0 0.729412 0.712111 0.939951 0.727262
0 0.060458 0.727262 0.304657 0.742412
0 0.305882 0.727262 0.516422 0.742412
0 0.517647 0.727262 0.728186 0.742412
0 0.729412 0.727262 0.939951 0.742412
0 0.060458 0.742412 0.304657 0.757562
0 0.305882 0.742412 0.516422 0.757562
0 0.517647 0.742412 0.728186 0.757562
0 0.729412 0.742412 0.939951 0.757562
0 0.060458 0.757562 0.304657 0.772712
0 0.305882 0.757562 0.516422 0.772712
0 0.517647 0.757562 0.728186 0.772712
0 0.729412 0.757562 0.939951 0.772712
0 0.060458 0.772712 0.304657 0.787862
0 0.305882 0.772712 0.516422 0.787862
0 0.517647 0.772712 0.728186 0.787862
0 0.729412 0.772712 0.939951 0.787862
0 0.060458 0.787862 0.304657 0.803012
0 0.305882 0.787862 0.516422 0.803012
0 0.517647 0.787862 0.728186 0.803012
0 0.729412 0.787862 0.939951 0.803012
0 0.060458 0.803012 0.304657 0.818162
0 0.305882 0.803012 0.516422 0.818162
0 0.517647 0.803012 0.728186 0.818162
0 0.729412 0.803012 0.939951 0.818162
0 0.060458 0.818162 0.304657 0.833312
0 0.305882 0.818162 0.516422 0.833312
0 0.517647 0.818162 0.728186 0.833312
0 0.729412 0.818162 0.939951 0.833312
0 0.060458 0.833312 0.304657 0.848462
0 0.305882 0.833312 0.516422 0.848462
0 0.517647 0.833312 0.728186 0.848462
0 0.729412 0.833312 0.939951 0.848462
0 0.060458 0.848462 0.304657 0.863612
0 0.305882 0.848462 0.516422 0.863612
0 0.517647 0.848462 0.728186 0.863612
0 0.729412 0.848462 0.939951 0.863612
0 0.305882 0.878764 0.516422 0.893916
0 0.517647 0.878764 0.728186 0.893916
0 0.729412 0.878764 0.939951 0.893916
