0 0.138889 0.060604 0.704657 0.090908
0 0.705882 0.075758 0.800000 0.090908
0 0.800000 0.075758 0.847059 0.090908
0 0.847059 0.075758 0.941176 0.090908
0 0.058824 0.196966 0.117647 0.212117
0 0.119281 0.196966 0.492892 0.212117
0 0.494118 0.196966 0.610539 0.212117
0 0.611765 0.196966 0.728186 0.212117
0 0.729412 0.196966 0.834069 0.212117
0 0.835294 0.196966 0.939951 0.212117
0 0.058824 0.212117 0.117647 0.227267
0 0.119281 0.212117 0.492892 0.227267
0 0.494118 0.212117 0.610539 0.227267
0 0.611765 0.212117 0.728186 0.227267
0 0.729412 0.212117 0.834069 0.227267
0 0.835294 0.212117 0.939951 0.227267
0 0.058824 0.227267 0.117647 0.242417
0 0.119281 0.227267 0.492892 0.242417
0 0.494118 0.227267 0.610539 0.242417
0 0.611765 0.227267 0.728186 0.242417
0 0.729412 0.227267 0.834069 0.242417
0 0.835294 0.227267 0.939951 0.242417
0 0.058824 0.242417 0.117647 0.257567
0 0.119281 0.242417 0.492892 0.257567
0 0.494118 0.242417 0.610539 0.257567
0 0.611765 0.242417 0.728186 0.257567
0 0.729412 0.242417 0.834069 0.257567
0 0.835294 0.242417 0.939951 0.257567
0 0.058824 0.257567 0.117647 0.272717
0 0.119281 0.257567 0.492892 0.272717
0 0.494118 0.257567 0.610539 0.272717
0 0.611765 0.257567 0.728186 0.272717
0 0.729412 0.257567 0.834069 0.272717
0 0.835294 0.257567 0.939951 0.272717
0 0.058824 0.272717 0.117647 0.287867
0 0.119281 0.272717 0.492892 0.287867
0 0.494118 0.272717 0.610539 0.287867
0 0.611765 0.272717 0.728186 0.287867
0 0.729412 0.272717 0.834069 0.287867
0 0.835294 0.272717 0.939951 0.287867
0 0.058824 0.287867 0.117647 0.303017
0 0.119281 0.287867 0.492892 0.303017
0 0.494118 0.287867 0.610539 0.303017
0 0.611765 0.287867 0.728186 0.303017
0 0.729412 0.287867 0.834069 0.303017
0 0.835294 0.287867 0.939951 0.303017
0 0.058824 0.303017 0.117647 0.318167
0 0.119281 0.303017 0.492892 0.318167
0 0.494118 0.303017 0.610539 0.318167
0 0.611765 0.303017 0.728186 0.318167
0 0.729412 0.303017 0.834069 0.318167
0 0.835294 0.303017 0.939951 0.318167
0 0.058824 0.318167 0.117647 0.333317
0 0.119281 0.318167 0.492892 0.333317
0 0.494118 0.318167 0.610539 0.333317
0 0.611765 0.318167 0.728186 0.333317
0 0.729412 0.318167 0.834069 0.333317
0 0.835294 0.318167 0.939951 0.333317
0 0.058824 0.333317 0.117647 0.348467
0 0.119281 0.333317 0.492892 0.348467
0 0.494118 0.333317 0.610539 0.348467
0 0.611765 0.333317 0.728186 0.348467
0 0.729412 0.333317 0.834069 0.348467
0 0.835294 0.333317 0.939951 0.348467
0 0.058824 0.348467 0.117647 0.363618
0 0.119281 0.348467 0.492892 0.363618
0 0.494118 0.348467 0.610539 0.363618
0 0.611765 0.348467 0.728186 0.363618
0 0.729412 0.348467 0.834069 0.363618
0 0.835294 0.348467 0.939951 0.363618
0 0.058824 0.363618 0.117647 0.378768
0 0.119281 0.363618 0.492892 0.378768
0 0.494118 0.363618 0.610539 0.378768
0 0.611765 0.363618 0.728186 0.378768
0 0.729412 0.363618 0.834069 0.378768
0 0.835294 0.363618 0.939951 0.378768
0 0.058824 0.378768 0.117647 0.393918
0 0.119281 0.378768 0.492892 0.393918
0 0.494118 0.378768 0.610539 0.393918
0 0.611765 0.378768 0.728186 0.393918
0 0.729412 0.378768 0.834069 0.393918
0 0.835294 0.378768 0.939951 0.393918
0 0.174837 0.530299 0.176471 0.545449
0 0.178105 0.530299 0.539951 0.545449
0 0.541176 0.530299 0.635294 0.545449
0 0.636928 0.530299 0.775245 0.545449
0 0.776471 0.530299 0.939951 0.545449
0 0.058824 0.545449 0.176471 0.560599
0 0.178105 0.545449 0.539951 0.560599
0 0.541176 0.545449 0.635294 0.560599
0 0.636928 0.545449 0.775245 0.560599
0 0.776471 0.545449 0.939951 0.560599
0 0.058824 0.560599 0.176471 0.575749
0 0.178105 0.560599 0.539951 0.575749
0 0.541176 0.560599 0.635294 0.575749
0 0.636928 0.560599 0.775245 0.575749
0 0.776471 0.560599 0.939951 0.575749
0 0.058824 0.575749 0.176471 0.590899
0 0.178105 0.575749 0.539951 0.590899
0 0.541176 0.575749 0.635294 0.590899
0 0.636928 0.575749 0.775245 0.590899
0 0.776471 0.575749 0.939951 0.590899
0 0.058824 0.590899 0.176471 0.606049
0 0.178105 0.590899 0.539951 0.606049
0 0.541176 0.590899 0.635294 0.606049
0 0.636928 0.590899 0.775245 0.606049
0 0.776471 0.590899 0.939951 0.606049
0 0.058824 0.606049 0.176471 0.621200
0 0.178105 0.606049 0.539951 0.621200
0 0.541176 0.606049 0.635294 0.621200
0 0.636928 0.606049 0.775245 0.621200
0 0.776471 0.606049 0.939951 0.621200
0 0.058824 0.621200 0.176471 0.636350
0 0.178105 0.621200 0.539951 0.636350
0 0.541176 0.621200 0.635294 0.636350
0 0.636928 0.621200 0.775245 0.636350
0 0.776471 0.621200 0.939951 0.636350
0 0.058824 0.636350 0.176471 0.651500
0 0.178105 0.636350 0.539951 0.651500
0 0.541176 0.636350 0.635294 0.651500
0 0.636928 0.636350 0.775245 0.651500
0 0.776471 0.636350 0.939951 0.651500
0 0.058824 0.651500 0.176471 0.666650
0 0.178105 0.651500 0.539951 0.666650
0 0.541176 0.651500 0.635294 0.666650
0 0.636928 0.651500 0.775245 0.666650
0 0.776471 0.651500 0.939951 0.666650
0 0.058824 0.666650 0.176471 0.681800
0 0.178105 0.666650 0.539951 0.681800
0 0.541176 0.666650 0.635294 0.681800
0 0.636928 0.666650 0.775245 0.681800
0 0.776471 0.666650 0.939951 0.681800
0 0.058824 0.681800 0.176471 0.696950
0 0.178105 0.681800 0.539951 0.696950
0 0.541176 0.681800 0.635294 0.696950
0 0.636928 0.681800 0.775245 0.696950
0 0.776471 0.681800 0.939951 0.696950
0 0.058824 0.696950 0.176471 0.712100
0 0.178105 0.696950 0.539951 0.712100
0 0.541176 0.696950 0.635294 0.712100
0 0.636928 0.696950 0.775245 0.712100
0 0.776471 0.696950 0.939951 0.712100
0 0.058824 0.712100 0.176471 0.727250
0 0.178105 0.712100 0.539951 0.727250
0 0.541176 0.712100 0.635294 0.727250
0 0.636928 0.712100 0.775245 0.727250
0 0.776471 0.712100 0.939951 0.727250
0 0.058824 0.727250 0.176471 0.742400
0 0.178105 0.727250 0.539951 0.742400
0 0.541176 0.727250 0.635294 0.742400
0 0.636928 0.727250 0.775245 0.742400
0 0.776471 0.727250 0.939951 0.742400
