0 0.058824 0.316917 0.692892 0.333333
0 0.694118 0.318179 0.776471 0.333329
0 0.776471 0.318179 0.835294 0.333329
0 0.835294 0.318179 0.941176 0.333329
0 0.058824 0.347217 0.692892 0.363633
0 0.694118 0.347217 0.941176 0.363633
0 0.058824 0.377521 0.692892 0.393937
0 0.694118 0.377521 0.941176 0.393937
0 0.058824 0.407825 0.692892 0.424241
0 0.694118 0.407825 0.941176 0.424241
0 0.600000 0.439391 0.681699 0.454541
0 0.156208 0.502519 0.169279 0.512620
0 0.085619 0.601004 0.098691 0.611105
0 0.247059 0.621207 0.482353 0.636357
0 0.085619 0.655294 0.098691 0.665395
0 0.529412 0.689388 0.764706 0.704538
0 0.400000 0.727265 0.635294 0.742416
0 0.085619 0.761356 0.098691 0.771457
0 0.529412 0.795447 0.764673 0.810597
0 0.376471 0.833324 0.611765 0.848474
