0 0.058826 0.118690 0.400016 0.136369
0 0.401650 0.118690 0.494137 0.136369
0 0.495771 0.118690 0.941213 0.136369
0 0.211773 0.139525 0.224845 0.149626
0 0.305894 0.139209 0.318967 0.149310
0 0.520935 0.139525 0.534008 0.149626
0 0.653620 0.139525 0.666693 0.149626
0 0.541198 0.167305 0.554270 0.177406
0 0.494137 0.194452 0.635319 0.212131
0 0.635319 0.194452 0.788266 0.212131
0 0.788266 0.194452 0.941213 0.212131
0 0.431389 0.227281 0.450998 0.242433
0 0.466685 0.227281 0.486294 0.242433
0 0.431389 0.257586 0.450998 0.272738
0 0.466685 0.257586 0.486294 0.272738
0 0.431389 0.318197 0.450998 0.333349
0 0.466685 0.318197 0.486294 0.333349
0 0.431389 0.333344 0.450998 0.348496
0 0.466685 0.333344 0.486294 0.348496
0 0.431389 0.378804 0.450998 0.393957
0 0.466685 0.378804 0.486294 0.393957
0 0.431389 0.393955 0.450998 0.409107
0 0.466685 0.393955 0.486294 0.409107
0 0.431389 0.424261 0.450998 0.439413
0 0.466685 0.424261 0.486294 0.439413
0 0.431389 0.469717 0.450998 0.484869
0 0.466685 0.469717 0.486294 0.484869
0 0.431389 0.530324 0.450998 0.545477
0 0.466685 0.530324 0.486294 0.545477
0 0.431389 0.575781 0.450998 0.590933
0 0.466685 0.575781 0.486294 0.590933
0 0.431389 0.606086 0.450998 0.621238
0 0.466685 0.606086 0.486294 0.621238
0 0.878466 0.287892 0.898074 0.303044
0 0.913761 0.287892 0.933370 0.303044
0 0.878466 0.378804 0.898074 0.393957
0 0.913761 0.378804 0.933370 0.393957
0 0.878466 0.439412 0.898074 0.454564
0 0.913761 0.439412 0.933370 0.454564
0 0.878466 0.454563 0.898074 0.469715
0 0.913761 0.454563 0.933370 0.469715
0 0.878466 0.500019 0.898074 0.515171
0 0.913761 0.500019 0.933370 0.515171
0 0.680419 0.515171 0.941213 0.530322
0 0.719636 0.530326 0.941213 0.545477
0 0.878466 0.590932 0.898074 0.606084
0 0.913761 0.590932 0.933370 0.606084
0 0.878466 0.636388 0.898074 0.651540
0 0.913761 0.636388 0.933370 0.651540
0 0.058826 0.712151 0.094121 0.727302
0 0.095347 0.712151 0.588258 0.727302
0 0.588258 0.712151 0.705910 0.727302
0 0.705910 0.712151 0.822336 0.727302
0 0.823562 0.712151 0.941213 0.727302
0 0.058826 0.727302 0.094121 0.742453
0 0.095347 0.727302 0.588258 0.742453
0 0.588258 0.727302 0.705910 0.742453
0 0.705910 0.727302 0.822336 0.742453
0 0.823562 0.727302 0.941213 0.742453
0 0.705910 0.757604 0.822336 0.772755
0 0.823562 0.757604 0.941213 0.772755
0 0.823562 0.787909 0.941213 0.803060
0 0.823562 0.803060 0.941213 0.818211
0 0.823562 0.818215 0.941213 0.833366
0 0.823562 0.848517 0.941213 0.863667
0 0.823562 0.863671 0.941213 0.878822
0 0.823562 0.893977 0.941213 0.909128
0 0.823562 0.909128 0.941213 0.924279
0 0.823562 0.924279 0.941213 0.939429
0 0.823562 0.939429 0.941213 0.954580
