0 0.135953 0.078917 0.149025 0.089019
0 0.595588 0.090913 0.776500 0.106064
0 0.823560 0.106064 0.941212 0.121214
0 0.823560 0.136369 0.941212 0.151520
0 0.823560 0.166674 0.941212 0.181825
0 0.823560 0.196976 0.941212 0.212127
0 0.823560 0.242433 0.941212 0.257583
0 0.823560 0.287889 0.941212 0.303040
0 0.823560 0.318194 0.941212 0.333345
0 0.823560 0.348500 0.941212 0.363651
0 0.163078 0.439409 0.164712 0.454559
0 0.164712 0.439409 0.292903 0.454559
0 0.294129 0.439409 0.422320 0.454559
0 0.423545 0.439409 0.551736 0.454559
0 0.552962 0.439409 0.681153 0.454559
0 0.682379 0.439409 0.810570 0.454559
0 0.811795 0.439409 0.941212 0.454559
0 0.058826 0.454559 0.164712 0.469710
0 0.164712 0.454559 0.292903 0.469710
0 0.294129 0.454559 0.422320 0.469710
0 0.423545 0.454559 0.551736 0.469710
0 0.552962 0.454559 0.681153 0.469710
0 0.682379 0.454559 0.810570 0.469710
0 0.811795 0.454559 0.941212 0.469710
0 0.058826 0.469710 0.164712 0.484861
0 0.164712 0.469710 0.292903 0.484861
0 0.294129 0.469710 0.422320 0.484861
0 0.423545 0.469710 0.551736 0.484861
0 0.552962 0.469710 0.681153 0.484861
0 0.682379 0.469710 0.810570 0.484861
0 0.811795 0.469710 0.941212 0.484861
0 0.058826 0.484861 0.164712 0.500012
0 0.164712 0.484861 0.292903 0.500012
0 0.294129 0.484861 0.422320 0.500012
0 0.423545 0.484861 0.551736 0.500012
0 0.552962 0.484861 0.681153 0.500012
0 0.682379 0.484861 0.810570 0.500012
0 0.811795 0.484861 0.941212 0.500012
0 0.058826 0.500012 0.164712 0.515163
0 0.164712 0.500012 0.292903 0.515163
0 0.294129 0.500012 0.422320 0.515163
0 0.423545 0.500012 0.551736 0.515163
0 0.552962 0.500012 0.681153 0.515163
0 0.682379 0.500012 0.810570 0.515163
0 0.811795 0.500012 0.941212 0.515163
0 0.058826 0.515163 0.164712 0.530314
0 0.164712 0.515163 0.292903 0.530314
0 0.294129 0.515163 0.422320 0.530314
0 0.423545 0.515163 0.551736 0.530314
0 0.552962 0.515163 0.681153 0.530314
0 0.682379 0.515163 0.810570 0.530314
0 0.811795 0.515163 0.941212 0.530314
0 0.058826 0.545476 0.164712 0.560627
0 0.164712 0.545476 0.292903 0.560627
0 0.294129 0.545476 0.422320 0.560627
0 0.423545 0.545476 0.551736 0.560627
0 0.552962 0.545476 0.681153 0.560627
0 0.682379 0.545476 0.810570 0.560627
0 0.811795 0.545476 0.941212 0.560627
0 0.058826 0.560627 0.164712 0.575778
0 0.164712 0.560627 0.292903 0.575778
0 0.294129 0.560627 0.422320 0.575778
0 0.423545 0.560627 0.551736 0.575778
0 0.552962 0.560627 0.681153 0.575778
0 0.682379 0.560627 0.810570 0.575778
0 0.811795 0.560627 0.941212 0.575778
0 0.058826 0.575778 0.164712 0.590928
0 0.164712 0.575778 0.292903 0.590928
0 0.294129 0.575778 0.422320 0.590928
0 0.423545 0.575778 0.551736 0.590928
0 0.552962 0.575778 0.681153 0.590928
0 0.682379 0.575778 0.810570 0.590928
0 0.811795 0.575778 0.941212 0.590928
0 0.058826 0.590928 0.164712 0.606079
0 0.164712 0.590928 0.292903 0.606079
0 0.294129 0.590928 0.422320 0.606079
0 0.423545 0.590928 0.551736 0.606079
0 0.552962 0.590928 0.681153 0.606079
0 0.682379 0.590928 0.810570 0.606079
0 0.811795 0.590928 0.941212 0.606079
0 0.058826 0.606079 0.164712 0.621230
0 0.164712 0.606079 0.292903 0.621230
0 0.294129 0.606079 0.422320 0.621230
0 0.423545 0.606079 0.551736 0.621230
0 0.552962 0.606079 0.681153 0.621230
0 0.682379 0.606079 0.810570 0.621230
0 0.811795 0.606079 0.941212 0.621230
0 0.058826 0.621230 0.164712 0.636381
0 0.164712 0.621230 0.292903 0.636381
0 0.294129 0.621230 0.422320 0.636381
0 0.423545 0.621230 0.551736 0.636381
0 0.552962 0.621230 0.681153 0.636381
0 0.682379 0.621230 0.810570 0.636381
0 0.811795 0.621230 0.941212 0.636381
0 0.294129 0.681845 0.422320 0.696996
0 0.811795 0.681845 0.941212 0.696996
