0 0.058826 0.181825 0.375259 0.196976
0 0.376485 0.181825 0.482371 0.196976
0 0.505248 0.183087 0.521588 0.195713
0 0.564074 0.183087 0.580414 0.195713
0 0.600023 0.181825 0.716449 0.196976
0 0.717674 0.181825 0.834100 0.196976
0 0.835326 0.181825 0.941212 0.196976
0 0.058826 0.212127 0.375259 0.227278
0 0.376485 0.212127 0.482371 0.227278
0 0.505248 0.213388 0.521588 0.226015
0 0.564074 0.213388 0.580414 0.226015
0 0.600023 0.212127 0.716449 0.227278
0 0.717674 0.212127 0.834100 0.227278
0 0.835326 0.212127 0.941212 0.227278
0 0.058826 0.227278 0.375259 0.242429
0 0.376485 0.227278 0.482371 0.242429
0 0.505248 0.228539 0.521588 0.241166
0 0.564074 0.228539 0.580414 0.241166
0 0.600023 0.227278 0.716449 0.242429
0 0.717674 0.227278 0.834100 0.242429
0 0.835326 0.227278 0.941212 0.242429
0 0.058826 0.242429 0.375259 0.257580
0 0.376485 0.242429 0.482371 0.257580
0 0.505248 0.243690 0.521588 0.256317
0 0.564074 0.243690 0.580414 0.256317
0 0.600023 0.242429 0.716449 0.257580
0 0.717674 0.242429 0.834100 0.257580
0 0.835326 0.242429 0.941212 0.257580
0 0.058826 0.257580 0.375259 0.272730
0 0.376485 0.257580 0.482371 0.272730
0 0.505248 0.258841 0.521588 0.271468
0 0.564074 0.258841 0.580414 0.271468
0 0.600023 0.257580 0.716449 0.272730
0 0.717674 0.257580 0.834100 0.272730
0 0.835326 0.257580 0.941212 0.272730
0 0.058826 0.272730 0.375259 0.287881
0 0.376485 0.272730 0.482371 0.287881
0 0.505248 0.273992 0.521588 0.286619
0 0.564074 0.273992 0.580414 0.286619
0 0.600023 0.272730 0.716449 0.287881
0 0.717674 0.272730 0.834100 0.287881
0 0.835326 0.272730 0.941212 0.287881
0 0.058826 0.287881 0.375259 0.303032
0 0.376485 0.287881 0.482371 0.303032
0 0.505248 0.289143 0.521588 0.301769
0 0.564074 0.289143 0.580414 0.301769
0 0.600023 0.287881 0.716449 0.303032
0 0.717674 0.287881 0.834100 0.303032
0 0.835326 0.287881 0.941212 0.303032
0 0.717674 0.303043 0.834100 0.318194
0 0.823560 0.318194 0.941212 0.333345
0 0.823560 0.333345 0.941212 0.348496
0 0.823560 0.348500 0.941212 0.363651
0 0.823560 0.363651 0.941212 0.378801
0 0.823560 0.393956 0.941212 0.409107
0 0.174843 0.560631 0.176477 0.575781
0 0.178111 0.560631 0.516441 0.575781
0 0.517667 0.560631 0.657623 0.575781
0 0.658848 0.560631 0.798805 0.575781
0 0.800030 0.560631 0.941212 0.575781
0 0.058826 0.575781 0.176477 0.590932
0 0.178111 0.575781 0.516441 0.590932
0 0.517667 0.575781 0.657623 0.590932
0 0.658848 0.575781 0.798805 0.590932
0 0.800030 0.575781 0.941212 0.590932
0 0.058826 0.590932 0.176477 0.606083
0 0.178111 0.590932 0.516441 0.606083
0 0.517667 0.590932 0.657623 0.606083
0 0.658848 0.590932 0.798805 0.606083
0 0.800030 0.590932 0.941212 0.606083
0 0.058826 0.606083 0.176477 0.621234
0 0.178111 0.606083 0.516441 0.621234
0 0.517667 0.606083 0.657623 0.621234
0 0.658848 0.606083 0.798805 0.621234
0 0.800030 0.606083 0.941212 0.621234
0 0.058826 0.621234 0.176477 0.636385
0 0.178111 0.621234 0.516441 0.636385
0 0.517667 0.621234 0.657623 0.636385
0 0.658848 0.621234 0.798805 0.636385
0 0.800030 0.621234 0.941212 0.636385
0 0.058826 0.636385 0.176477 0.651536
0 0.178111 0.636385 0.516441 0.651536
0 0.517667 0.636385 0.657623 0.651536
0 0.658848 0.636385 0.798805 0.651536
0 0.800030 0.636385 0.941212 0.651536
0 0.058826 0.666690 0.176477 0.681841
0 0.178111 0.666690 0.516441 0.681841
0 0.517667 0.666690 0.657623 0.681841
0 0.658848 0.666690 0.798805 0.681841
0 0.800030 0.666690 0.941212 0.681841
0 0.058826 0.681841 0.176477 0.696992
0 0.178111 0.681841 0.516441 0.696992
0 0.517667 0.681841 0.657623 0.696992
0 0.658848 0.681841 0.798805 0.696992
0 0.800030 0.681841 0.941212 0.696992
0 0.058826 0.696992 0.176477 0.712143
0 0.178111 0.696992 0.516441 0.712143
0 0.517667 0.696992 0.657623 0.712143
0 0.658848 0.696992 0.798805 0.712143
0 0.800030 0.696992 0.941212 0.712143
0 0.058826 0.712143 0.176477 0.727294
0 0.178111 0.712143 0.516441 0.727294
0 0.517667 0.712143 0.657623 0.727294
0 0.658848 0.712143 0.798805 0.727294
0 0.800030 0.712143 0.941212 0.727294
0 0.058826 0.727294 0.176477 0.742444
0 0.178111 0.727294 0.516441 0.742444
0 0.517667 0.727294 0.657623 0.742444
0 0.658848 0.727294 0.798805 0.742444
0 0.800030 0.727294 0.941212 0.742444
0 0.058826 0.742444 0.176477 0.757595
0 0.178111 0.742444 0.516441 0.757595
0 0.517667 0.742444 0.657623 0.757595
0 0.658848 0.742444 0.798805 0.757595
0 0.800030 0.742444 0.941212 0.757595
