0 0.835326 0.078286 0.848398 0.088387
0 0.894151 0.078286 0.907224 0.088387
0 0.083010 0.093752 0.096082 0.103854
0 0.104252 0.212131 0.105886 0.227282
0 0.107520 0.212131 0.445850 0.227282
0 0.447076 0.212131 0.494136 0.227282
0 0.494136 0.212131 0.598797 0.227282
0 0.600023 0.212131 0.658848 0.227282
0 0.658848 0.212131 0.751744 0.227282
0 0.752969 0.212131 0.845865 0.227282
0 0.847091 0.212131 0.941212 0.227282
0 0.058826 0.227282 0.105886 0.242433
0 0.107520 0.227282 0.445850 0.242433
0 0.447076 0.227282 0.494136 0.242433
0 0.494136 0.227282 0.598797 0.242433
0 0.600023 0.227282 0.658848 0.242433
0 0.658848 0.227282 0.751744 0.242433
0 0.752969 0.227282 0.845865 0.242433
0 0.847091 0.227282 0.941212 0.242433
0 0.058826 0.242433 0.105886 0.257583
0 0.107520 0.242433 0.445850 0.257583
0 0.447076 0.242433 0.494136 0.257583
0 0.494136 0.242433 0.598797 0.257583
0 0.600023 0.242433 0.658848 0.257583
0 0.658848 0.242433 0.751744 0.257583
0 0.752969 0.242433 0.845865 0.257583
0 0.847091 0.242433 0.941212 0.257583
0 0.058826 0.257583 0.105886 0.272734
0 0.107520 0.257583 0.445850 0.272734
0 0.447076 0.257583 0.494136 0.272734
0 0.494136 0.257583 0.598797 0.272734
0 0.600023 0.257583 0.658848 0.272734
0 0.658848 0.257583 0.751744 0.272734
0 0.752969 0.257583 0.845865 0.272734
0 0.847091 0.257583 0.941212 0.272734
0 0.058826 0.287889 0.105886 0.303040
0 0.107520 0.287889 0.445850 0.303040
0 0.447076 0.287889 0.494136 0.303040
0 0.494136 0.287889 0.598797 0.303040
0 0.600023 0.287889 0.658848 0.303040
0 0.658848 0.287889 0.751744 0.303040
0 0.752969 0.287889 0.845865 0.303040
0 0.847091 0.287889 0.941212 0.303040
0 0.058826 0.303040 0.105886 0.318190
0 0.107520 0.303040 0.445850 0.318190
0 0.447076 0.303040 0.494136 0.318190
0 0.494136 0.303040 0.598797 0.318190
0 0.600023 0.303040 0.658848 0.318190
0 0.658848 0.303040 0.751744 0.318190
0 0.752969 0.303040 0.845865 0.318190
0 0.847091 0.303040 0.941212 0.318190
0 0.058826 0.318190 0.105886 0.333341
0 0.107520 0.318190 0.445850 0.333341
0 0.447076 0.318190 0.494136 0.333341
0 0.494136 0.318190 0.598797 0.333341
0 0.600023 0.318190 0.658848 0.333341
0 0.658848 0.318190 0.751744 0.333341
0 0.752969 0.318190 0.845865 0.333341
0 0.847091 0.318190 0.941212 0.333341
0 0.058826 0.333341 0.105886 0.348492
0 0.107520 0.333341 0.445850 0.348492
0 0.447076 0.333341 0.494136 0.348492
0 0.494136 0.333341 0.598797 0.348492
0 0.600023 0.333341 0.658848 0.348492
0 0.658848 0.333341 0.751744 0.348492
0 0.752969 0.333341 0.845865 0.348492
0 0.847091 0.333341 0.941212 0.348492
0 0.847091 0.348500 0.941212 0.363651
0 0.104252 0.469718 0.105886 0.484869
0 0.107520 0.469718 0.445850 0.484869
0 0.461619 0.470348 0.479593 0.484237
0 0.494136 0.469718 0.598797 0.484869
0 0.600023 0.469718 0.658848 0.484869
0 0.658848 0.469718 0.751744 0.484869
0 0.752969 0.469718 0.845865 0.484869
0 0.847091 0.469718 0.941212 0.484869
0 0.058826 0.484869 0.105886 0.500020
0 0.107520 0.484869 0.445850 0.500020
0 0.461619 0.485499 0.479593 0.499388
0 0.494136 0.484869 0.598797 0.500020
0 0.600023 0.484869 0.658848 0.500020
0 0.658848 0.484869 0.751744 0.500020
0 0.752969 0.484869 0.845865 0.500020
0 0.847091 0.484869 0.941212 0.500020
0 0.058826 0.500020 0.105886 0.515170
0 0.107520 0.500020 0.445850 0.515170
0 0.461619 0.500650 0.479593 0.514539
0 0.494136 0.500020 0.598797 0.515170
0 0.600023 0.500020 0.658848 0.515170
0 0.658848 0.500020 0.751744 0.515170
0 0.752969 0.500020 0.845865 0.515170
0 0.847091 0.500020 0.941212 0.515170
0 0.058826 0.515170 0.105886 0.530321
0 0.107520 0.515170 0.445850 0.530321
0 0.461619 0.515800 0.479593 0.529690
0 0.494136 0.515170 0.598797 0.530321
0 0.600023 0.515170 0.658848 0.530321
0 0.658848 0.515170 0.751744 0.530321
0 0.752969 0.515170 0.845865 0.530321
0 0.847091 0.515170 0.941212 0.530321
0 0.058826 0.545476 0.105886 0.560627
0 0.107520 0.545476 0.445850 0.560627
0 0.461619 0.546106 0.479593 0.559995
0 0.494136 0.545476 0.598797 0.560627
0 0.600023 0.545476 0.658848 0.560627
0 0.658848 0.545476 0.751744 0.560627
0 0.752969 0.545476 0.845865 0.560627
0 0.847091 0.545476 0.941212 0.560627
0 0.058826 0.560627 0.105886 0.575778
0 0.107520 0.560627 0.445850 0.575778
0 0.461619 0.561257 0.479593 0.575146
0 0.494136 0.560627 0.598797 0.575778
0 0.600023 0.560627 0.658848 0.575778
0 0.658848 0.560627 0.751744 0.575778
0 0.752969 0.560627 0.845865 0.575778
0 0.847091 0.560627 0.941212 0.575778
0 0.058826 0.575778 0.105886 0.590928
0 0.107520 0.575778 0.445850 0.590928
0 0.461619 0.576408 0.479593 0.590297
0 0.494136 0.575778 0.598797 0.590928
0 0.600023 0.575778 0.658848 0.590928
0 0.658848 0.575778 0.751744 0.590928
0 0.752969 0.575778 0.845865 0.590928
0 0.847091 0.575778 0.941212 0.590928
0 0.058826 0.590928 0.105886 0.606079
0 0.107520 0.590928 0.445850 0.606079
0 0.461619 0.591559 0.479593 0.605448
0 0.494136 0.590928 0.598797 0.606079
0 0.600023 0.590928 0.658848 0.606079
0 0.658848 0.590928 0.751744 0.606079
0 0.752969 0.590928 0.845865 0.606079
0 0.847091 0.590928 0.941212 0.606079
0 0.847091 0.606083 0.941212 0.621234
0 0.104252 0.727301 0.105886 0.742452
0 0.107520 0.727301 0.445850 0.742452
0 0.461619 0.727931 0.479593 0.741821
0 0.494136 0.727301 0.598797 0.742452
0 0.600023 0.727301 0.658848 0.742452
0 0.658848 0.727301 0.751744 0.742452
0 0.752969 0.727301 0.845865 0.742452
0 0.847091 0.727301 0.941212 0.742452
0 0.058826 0.742452 0.105886 0.757603
0 0.107520 0.742452 0.445850 0.757603
0 0.461619 0.743082 0.479593 0.756972
0 0.494136 0.742452 0.598797 0.757603
0 0.600023 0.742452 0.658848 0.757603
0 0.658848 0.742452 0.751744 0.757603
0 0.752969 0.742452 0.845865 0.757603
0 0.847091 0.742452 0.941212 0.757603
0 0.058826 0.757603 0.105886 0.772754
0 0.107520 0.757603 0.445850 0.772754
0 0.461619 0.758233 0.479593 0.772122
0 0.494136 0.757603 0.598797 0.772754
0 0.600023 0.757603 0.658848 0.772754
0 0.658848 0.757603 0.751744 0.772754
0 0.752969 0.757603 0.845865 0.772754
0 0.847091 0.757603 0.941212 0.772754
0 0.058826 0.772754 0.105886 0.787905
0 0.107520 0.772754 0.445850 0.787905
0 0.461619 0.773384 0.479593 0.787273
0 0.494136 0.772754 0.598797 0.787905
0 0.600023 0.772754 0.658848 0.787905
0 0.658848 0.772754 0.751744 0.787905
0 0.752969 0.772754 0.845865 0.787905
0 0.847091 0.772754 0.941212 0.787905
0 0.058826 0.803059 0.105886 0.818210
0 0.107520 0.803059 0.445850 0.818210
0 0.461619 0.803689 0.479593 0.817579
0 0.494136 0.803059 0.598797 0.818210
0 0.600023 0.803059 0.658848 0.818210
0 0.658848 0.803059 0.751744 0.818210
0 0.752969 0.803059 0.845865 0.818210
0 0.847091 0.803059 0.941212 0.818210
0 0.058826 0.818210 0.105886 0.833361
0 0.107520 0.818210 0.445850 0.833361
0 0.461619 0.818840 0.479593 0.832730
0 0.494136 0.818210 0.598797 0.833361
0 0.600023 0.818210 0.658848 0.833361
0 0.658848 0.818210 0.751744 0.833361
0 0.752969 0.818210 0.845865 0.833361
0 0.847091 0.818210 0.941212 0.833361
0 0.058826 0.833361 0.105886 0.848512
0 0.107520 0.833361 0.445850 0.848512
0 0.461619 0.833991 0.479593 0.847880
0 0.494136 0.833361 0.598797 0.848512
0 0.600023 0.833361 0.658848 0.848512
0 0.658848 0.833361 0.751744 0.848512
0 0.752969 0.833361 0.845865 0.848512
0 0.847091 0.833361 0.941212 0.848512
0 0.058826 0.848512 0.105886 0.863663
0 0.107520 0.848512 0.445850 0.863663
0 0.461619 0.849142 0.479593 0.863031
0 0.494136 0.848512 0.598797 0.863663
0 0.600023 0.848512 0.658848 0.863663
0 0.658848 0.848512 0.751744 0.863663
0 0.752969 0.848512 0.845865 0.863663
0 0.847091 0.848512 0.941212 0.863663
0 0.847091 0.863670 0.941212 0.878821
