0 0.113154 0.133523 0.359477 0.151515
0 0.360703 0.133523 0.535948 0.151515
0 0.623775 0.133523 0.794935 0.151515
0 0.796160 0.133523 0.937092 0.151831
0 0.113154 0.164457 0.937092 0.181818
0 0.113154 0.195076 0.535948 0.212121
0 0.563725 0.195076 0.937092 0.212121
0 0.113154 0.235795 0.383170 0.257260
0 0.384395 0.235795 0.535948 0.257260
0 0.563725 0.235795 0.794935 0.257260
0 0.796160 0.235795 0.937092 0.257260
0 0.113562 0.282197 0.277369 0.303030
0 0.278595 0.282197 0.535948 0.303030
0 0.563725 0.270833 0.937092 0.303030
0 0.808415 0.303662 0.937500 0.317866
0 0.808415 0.318813 0.937500 0.333018
0 0.808415 0.333965 0.937500 0.348169
0 0.808415 0.349116 0.937500 0.363321
0 0.808415 0.364268 0.937500 0.378472
0 0.808415 0.379419 0.937500 0.393624
0 0.808415 0.394571 0.937500 0.408775
0 0.808415 0.409722 0.937500 0.423927
0 0.808415 0.424874 0.937500 0.439078
0 0.808415 0.440025 0.937500 0.454230
0 0.808415 0.455177 0.937500 0.469381
0 0.117239 0.515783 0.757761 0.530303
0 0.117239 0.530934 0.757761 0.545455
0 0.808824 0.545770 0.937092 0.560606
0 0.117239 0.577336 0.757761 0.591225
0 0.117239 0.591540 0.757761 0.606061
0 0.808824 0.621212 0.937092 0.636048
0 0.116830 0.653409 0.934641 0.666982
0 0.819072 0.671278 0.833551 0.682466
0 0.888889 0.671402 0.902778 0.682449
0 0.338235 0.683396 0.394608 0.699495
0 0.399918 0.683396 0.458333 0.699495
0 0.463235 0.683396 0.504902 0.699495
0 0.818627 0.716856 0.832516 0.727273
0 0.889706 0.716856 0.903186 0.727588
0 0.819036 0.747159 0.832516 0.757891
0 0.889297 0.747159 0.903186 0.757891
0 0.116863 0.774367 0.938003 0.787953
0 0.116863 0.788751 0.938003 0.803136
0 0.116863 0.803936 0.938003 0.817521
0 0.527708 0.845929 0.700910 0.863290
0 0.841908 0.846735 0.936822 0.864096
