0 0.757693 0.053968 0.767905 0.066778
0 0.834376 0.053788 0.844680 0.066549
0 0.024456 0.109390 0.382047 0.129078
0 0.388317 0.109390 0.430170 0.129078
0 0.435342 0.109390 0.553613 0.129078
0 0.560981 0.109390 0.754188 0.129078
0 0.761582 0.109390 0.978309 0.129078
0 0.428291 0.207816 0.535305 0.227504
0 0.595638 0.168978 0.681712 0.188667
0 0.710496 0.169125 0.767231 0.188814
0 0.025408 0.266881 0.417471 0.286570
0 0.428291 0.266881 0.535305 0.286570
0 0.542157 0.266881 0.975121 0.286570
0 0.025739 0.368020 0.228510 0.386140
0 0.236169 0.368020 0.353911 0.386140
0 0.362244 0.367742 0.478531 0.386418
0 0.486402 0.367448 0.642227 0.386418
0 0.646116 0.367448 0.746741 0.386418
0 0.751384 0.367579 0.870938 0.386140
0 0.874972 0.367301 0.981021 0.385862
0 0.025739 0.388117 0.228510 0.405387
0 0.236169 0.388182 0.353911 0.405159
0 0.362244 0.388182 0.478531 0.405159
0 0.486402 0.388182 0.642121 0.405159
0 0.645891 0.388182 0.746608 0.405387
0 0.751450 0.388182 0.871123 0.404930
0 0.875303 0.388411 0.981021 0.404930
0 0.025739 0.407822 0.228510 0.424929
0 0.236169 0.407838 0.353911 0.425125
0 0.362244 0.407822 0.478531 0.424814
0 0.486402 0.407822 0.641883 0.424814
0 0.645573 0.407822 0.746794 0.424814
0 0.751212 0.407822 0.870832 0.424520
0 0.875303 0.407544 0.981021 0.424520
0 0.025739 0.427543 0.228510 0.444928
0 0.236169 0.427559 0.353911 0.444928
0 0.362244 0.427282 0.478531 0.444928
0 0.486402 0.426987 0.641645 0.444928
0 0.645362 0.427510 0.746582 0.444928
0 0.750974 0.427657 0.870594 0.444928
0 0.875303 0.427657 0.981021 0.444928
0 0.025739 0.447101 0.228510 0.464175
0 0.236169 0.447150 0.353911 0.464175
0 0.362244 0.447101 0.478531 0.463914
0 0.486402 0.446790 0.641460 0.464224
0 0.645362 0.447395 0.746291 0.464518
0 0.750735 0.447395 0.870647 0.463914
0 0.875303 0.447395 0.981021 0.463620
0 0.025739 0.467067 0.228510 0.484484
0 0.236169 0.466773 0.353911 0.484484
0 0.362244 0.466773 0.478531 0.484484
0 0.486402 0.466773 0.641010 0.484190
0 0.645428 0.466626 0.746119 0.484190
0 0.750788 0.466119 0.870448 0.484190
0 0.875634 0.466463 0.981021 0.484190
0 0.025739 0.486331 0.228510 0.503912
0 0.236169 0.486331 0.353911 0.503356
0 0.362244 0.486331 0.478531 0.503356
0 0.486402 0.486331 0.640732 0.503634
0 0.645335 0.485922 0.746026 0.503356
0 0.750603 0.485416 0.870118 0.503634
0 0.875634 0.486053 0.981021 0.503634
0 0.025739 0.505856 0.228510 0.523094
0 0.236169 0.505823 0.353911 0.522947
0 0.362244 0.506428 0.478531 0.522947
0 0.486402 0.506428 0.640891 0.522947
0 0.645441 0.506428 0.745854 0.523257
0 0.750524 0.506428 0.869747 0.523257
0 0.875634 0.506428 0.981021 0.523257
0 0.025739 0.525610 0.228510 0.543354
0 0.236169 0.525691 0.353911 0.543142
0 0.362244 0.525920 0.478531 0.542913
0 0.486402 0.525691 0.640758 0.542684
0 0.645547 0.525920 0.746079 0.542684
0 0.750656 0.525920 0.869747 0.542684
0 0.875422 0.525920 0.981021 0.542472
0 0.025739 0.544890 0.228510 0.562552
0 0.236169 0.545119 0.353911 0.562111
0 0.362244 0.545119 0.478531 0.562324
0 0.486402 0.545119 0.640772 0.562111
0 0.645534 0.544890 0.746092 0.561882
0 0.750392 0.545102 0.869879 0.561882
0 0.875157 0.544890 0.981021 0.561882
0 0.025726 0.565019 0.228497 0.582682
0 0.236156 0.565019 0.353897 0.582241
0 0.362231 0.565019 0.478518 0.582012
0 0.486388 0.565019 0.640758 0.581783
0 0.645534 0.565019 0.746013 0.581783
0 0.749360 0.565232 0.870144 0.582453
0 0.874747 0.565019 0.981007 0.582241
0 0.025726 0.584839 0.228497 0.602501
0 0.236156 0.584839 0.353897 0.602060
0 0.362231 0.584839 0.478518 0.601831
0 0.486388 0.584839 0.640758 0.601603
0 0.645534 0.584839 0.746013 0.601603
0 0.749360 0.585051 0.870144 0.602272
0 0.874747 0.584839 0.981007 0.602060
0 0.025726 0.605246 0.228497 0.622909
0 0.236156 0.605246 0.353897 0.622467
0 0.362231 0.605246 0.478518 0.622239
0 0.486388 0.605246 0.640758 0.622010
0 0.645534 0.605246 0.746013 0.622010
0 0.749360 0.605459 0.870144 0.622680
0 0.874747 0.605246 0.981007 0.622467
0 0.025726 0.624935 0.228497 0.642597
0 0.236156 0.624935 0.353897 0.642156
0 0.362231 0.624935 0.478518 0.641927
0 0.486388 0.624935 0.640758 0.641698
0 0.645534 0.624935 0.746013 0.641698
0 0.749360 0.625147 0.870144 0.642368
0 0.874747 0.624935 0.981007 0.642156
0 0.025726 0.644623 0.228497 0.662286
0 0.236156 0.644623 0.353897 0.661845
0 0.362231 0.644623 0.478518 0.661616
0 0.486388 0.644623 0.640758 0.661387
0 0.645534 0.644623 0.746013 0.661387
0 0.749360 0.644836 0.870144 0.662057
0 0.874747 0.644623 0.981007 0.661845
0 0.025726 0.664312 0.228497 0.681974
0 0.236156 0.664312 0.353897 0.681533
0 0.362231 0.664312 0.478518 0.681304
0 0.486388 0.664312 0.640758 0.681076
0 0.645534 0.664312 0.746013 0.681076
0 0.749360 0.664524 0.870144 0.681745
0 0.874747 0.664312 0.981007 0.681533
0 0.894761 0.719783 0.980862 0.738425
