0 0.586624 0.181826 0.588258 0.196976
0 0.692511 0.181826 0.694145 0.196976
0 0.694145 0.181826 0.811797 0.196976
0 0.823562 0.181826 0.941213 0.196976
0 0.586624 0.196976 0.588258 0.212127
0 0.692511 0.196976 0.694145 0.212127
0 0.694145 0.196976 0.811797 0.212127
0 0.823562 0.196976 0.941213 0.212127
0 0.586624 0.212127 0.588258 0.227278
0 0.692511 0.212127 0.694145 0.227278
0 0.694145 0.212127 0.811797 0.227278
0 0.823562 0.212127 0.941213 0.227278
0 0.586624 0.227278 0.588258 0.242429
0 0.692511 0.227278 0.694145 0.242429
0 0.694145 0.227278 0.811797 0.242429
0 0.823562 0.227278 0.941213 0.242429
0 0.586624 0.242429 0.588258 0.257580
0 0.692511 0.242429 0.694145 0.257580
0 0.694145 0.242429 0.811797 0.257580
0 0.823562 0.242429 0.941213 0.257580
0 0.586624 0.257580 0.588258 0.272731
0 0.692511 0.257580 0.694145 0.272731
0 0.694145 0.257580 0.811797 0.272731
0 0.823562 0.257580 0.941213 0.272731
0 0.586624 0.348500 0.588258 0.431836
0 0.692511 0.416685 0.692919 0.431836
0 0.705910 0.416685 0.810571 0.431836
0 0.823562 0.416685 0.941213 0.431836
0 0.586624 0.530326 0.588258 0.545477
0 0.692511 0.530326 0.694145 0.545477
0 0.694145 0.530326 0.811797 0.545477
0 0.823562 0.530326 0.941213 0.545477
0 0.586624 0.545477 0.588258 0.560627
0 0.692511 0.545477 0.694145 0.560627
0 0.694145 0.545477 0.811797 0.560627
0 0.823562 0.545477 0.941213 0.560627
0 0.586624 0.560627 0.588258 0.575778
0 0.692511 0.560627 0.694145 0.575778
0 0.694145 0.560627 0.811797 0.575778
0 0.823562 0.560627 0.941213 0.575778
0 0.586624 0.651544 0.588258 0.719729
0 0.692511 0.704576 0.694145 0.719729
0 0.705910 0.704576 0.810571 0.719729
0 0.823562 0.704576 0.941213 0.719729
0 0.823562 0.742453 0.941213 0.757604
0 0.823562 0.810638 0.941213 0.825788
0 0.823562 0.825792 0.941213 0.840943
0 0.823562 0.840943 0.941213 0.856094
