0 0.741206 0.060607 0.941213 0.075758
0 0.752971 0.151520 0.941213 0.166671
0 0.494137 0.181826 0.588258 0.196976
0 0.645450 0.181826 0.647084 0.196976
0 0.647084 0.181826 0.741206 0.196976
0 0.752971 0.181826 0.845867 0.196976
0 0.847092 0.181826 0.881162 0.196976
0 0.939579 0.181826 0.941213 0.196976
0 0.494137 0.196976 0.588258 0.212127
0 0.645450 0.196976 0.647084 0.212127
0 0.647084 0.196976 0.741206 0.212127
0 0.741206 0.196976 0.845867 0.212127
0 0.847092 0.196976 0.881162 0.212127
0 0.939579 0.196976 0.941213 0.212127
0 0.728133 0.212131 0.941213 0.227282
0 0.494137 0.242433 0.588258 0.257584
0 0.645450 0.242433 0.647084 0.257584
0 0.647084 0.242433 0.741206 0.257584
0 0.752971 0.242433 0.845867 0.257584
0 0.847092 0.242433 0.881162 0.257584
0 0.939579 0.242433 0.941213 0.257584
0 0.494137 0.257584 0.588258 0.272735
0 0.645450 0.257584 0.647084 0.272735
0 0.647084 0.257584 0.741206 0.272735
0 0.741206 0.257584 0.845867 0.272735
0 0.847092 0.257584 0.881162 0.272735
0 0.939579 0.257584 0.941213 0.272735
0 0.494137 0.272735 0.588258 0.287885
0 0.645450 0.272735 0.647084 0.287885
0 0.647084 0.272735 0.741206 0.287885
0 0.741206 0.272735 0.845867 0.287885
0 0.847092 0.272735 0.881162 0.287885
0 0.939579 0.272735 0.941213 0.287885
0 0.494137 0.287885 0.588258 0.303036
0 0.645450 0.287885 0.647084 0.303036
0 0.647084 0.287885 0.741206 0.303036
0 0.741206 0.287885 0.845867 0.303036
0 0.847092 0.287885 0.881162 0.303036
0 0.939579 0.287885 0.941213 0.303036
0 0.751663 0.303044 0.941213 0.318195
0 0.922912 0.350393 0.935984 0.360494
0 0.494137 0.378802 0.588258 0.393953
0 0.645450 0.378802 0.647084 0.393953
0 0.647084 0.378802 0.741206 0.393953
0 0.752971 0.378802 0.845867 0.393953
0 0.847092 0.378802 0.881162 0.393953
0 0.939579 0.378802 0.941213 0.393953
0 0.494137 0.393953 0.588258 0.409104
0 0.645450 0.393953 0.647084 0.409104
0 0.647084 0.393953 0.741206 0.409104
0 0.741206 0.393953 0.845867 0.409104
0 0.847092 0.393953 0.881162 0.409104
0 0.939579 0.393953 0.941213 0.409104
0 0.494137 0.409104 0.588258 0.424255
0 0.645450 0.409104 0.647084 0.424255
0 0.647084 0.409104 0.741206 0.424255
0 0.741206 0.409104 0.845867 0.424255
0 0.847092 0.409104 0.881162 0.424255
0 0.939579 0.409104 0.941213 0.424255
0 0.494137 0.424255 0.588258 0.439405
0 0.645450 0.424255 0.647084 0.439405
0 0.647084 0.424255 0.741206 0.439405
0 0.741206 0.424255 0.845867 0.439405
0 0.847092 0.424255 0.881162 0.439405
0 0.939579 0.424255 0.941213 0.439405
0 0.494137 0.439405 0.588258 0.454556
0 0.645450 0.439405 0.647084 0.454556
0 0.647084 0.439405 0.741206 0.454556
0 0.741206 0.439405 0.845867 0.454556
0 0.847092 0.439405 0.881162 0.454556
0 0.939579 0.439405 0.941213 0.454556
0 0.752971 0.454564 0.941213 0.469715
0 0.922912 0.501913 0.935984 0.512014
0 0.494137 0.530322 0.588258 0.545473
0 0.645450 0.530322 0.647084 0.545473
0 0.647084 0.530322 0.741206 0.545473
0 0.752971 0.530322 0.845867 0.545473
0 0.847092 0.530322 0.881162 0.545473
0 0.939579 0.530322 0.941213 0.545473
0 0.494137 0.545473 0.588258 0.560624
0 0.645450 0.545473 0.647084 0.560624
0 0.647084 0.545473 0.741206 0.560624
0 0.741206 0.545473 0.845867 0.560624
0 0.847092 0.545473 0.881162 0.560624
0 0.939579 0.545473 0.941213 0.560624
0 0.494137 0.560624 0.588258 0.575775
0 0.645450 0.560624 0.647084 0.575775
0 0.647084 0.560624 0.741206 0.575775
0 0.741206 0.560624 0.845867 0.575775
0 0.847092 0.560624 0.881162 0.575775
0 0.939579 0.560624 0.941213 0.575775
0 0.494137 0.575775 0.588258 0.590925
0 0.645450 0.575775 0.647084 0.590925
0 0.647084 0.575775 0.741206 0.590925
0 0.741206 0.575775 0.845867 0.590925
0 0.847092 0.575775 0.881162 0.590925
0 0.939579 0.575775 0.941213 0.590925
0 0.494137 0.590925 0.588258 0.606076
0 0.645450 0.590925 0.647084 0.606076
0 0.647084 0.590925 0.741206 0.606076
0 0.741206 0.590925 0.845867 0.606076
0 0.847092 0.590925 0.881162 0.606076
0 0.939579 0.590925 0.941213 0.606076
0 0.494137 0.606076 0.588258 0.621227
0 0.645450 0.606076 0.647084 0.621227
0 0.647084 0.606076 0.741206 0.621227
0 0.741206 0.606076 0.845867 0.621227
0 0.847092 0.606076 0.881162 0.621227
0 0.939579 0.606076 0.941213 0.621227
0 0.752971 0.621238 0.941213 0.636389
0 0.494137 0.651540 0.588258 0.681846
0 0.645450 0.666692 0.647084 0.681846
0 0.647084 0.666692 0.741206 0.681846
0 0.752971 0.666692 0.845867 0.681846
0 0.847092 0.666692 0.881162 0.681846
0 0.939579 0.651540 0.941213 0.681846
0 0.494137 0.681846 0.588258 0.712151
0 0.645450 0.696998 0.647084 0.712151
0 0.647084 0.696998 0.741206 0.712151
0 0.741206 0.696998 0.845867 0.712151
0 0.847092 0.696998 0.881162 0.712151
0 0.939579 0.681846 0.941213 0.712151
0 0.494137 0.727303 0.588258 0.742457
0 0.645450 0.727303 0.647084 0.742457
0 0.647084 0.727303 0.741206 0.742457
0 0.741206 0.727303 0.845867 0.742457
0 0.847092 0.727303 0.881162 0.742457
0 0.939579 0.712151 0.941213 0.742457
0 0.494137 0.757609 0.588258 0.772762
0 0.645450 0.757609 0.647084 0.772762
0 0.647084 0.757609 0.741206 0.772762
0 0.741206 0.757609 0.845867 0.772762
0 0.847092 0.757609 0.881162 0.772762
0 0.939579 0.742457 0.941213 0.772762
0 0.494137 0.772762 0.588258 0.787913
0 0.645450 0.772762 0.647084 0.787913
0 0.647084 0.772762 0.741206 0.787913
0 0.741206 0.772762 0.845867 0.787913
0 0.847092 0.772762 0.881162 0.787913
0 0.939579 0.772762 0.941213 0.787913
