0 0.758381 0.053951 0.768593 0.066761
0 0.835064 0.053772 0.845368 0.066532
0 0.024932 0.110207 0.382734 0.129895
0 0.389004 0.110207 0.430858 0.129895
0 0.436030 0.110207 0.554301 0.129895
0 0.561669 0.110207 0.754876 0.129895
0 0.762270 0.110207 0.978997 0.129895
0 0.025660 0.208649 0.417722 0.228338
0 0.426704 0.208649 0.534829 0.228338
0 0.542845 0.208649 0.698710 0.228338
0 0.753236 0.168929 0.839310 0.188683
0 0.868094 0.168210 0.924828 0.188830
0 0.903002 0.249007 0.980677 0.267568
0 0.903002 0.288367 0.980677 0.306928
0 0.903002 0.327597 0.980677 0.346158
0 0.026427 0.486167 0.229198 0.504287
0 0.236857 0.486167 0.344889 0.504287
0 0.351199 0.485890 0.497394 0.504565
0 0.502540 0.485596 0.642915 0.504565
0 0.646804 0.485596 0.747428 0.504565
0 0.752072 0.485726 0.871626 0.504287
0 0.875660 0.485448 0.981708 0.504010
0 0.026427 0.506264 0.229198 0.523535
0 0.236857 0.506330 0.344664 0.523306
0 0.351424 0.506330 0.497394 0.523306
0 0.502540 0.506330 0.642809 0.523306
0 0.646579 0.506330 0.747296 0.523535
0 0.752138 0.506330 0.871811 0.523077
0 0.875991 0.506558 0.981708 0.523077
0 0.026427 0.525969 0.229198 0.543076
0 0.236857 0.525986 0.344440 0.543272
0 0.351186 0.525969 0.497394 0.542962
0 0.502540 0.525969 0.642571 0.542962
0 0.646261 0.525969 0.747481 0.542962
0 0.751900 0.525969 0.871520 0.542668
0 0.875991 0.525691 0.981708 0.542668
0 0.026427 0.545690 0.229198 0.563075
0 0.236857 0.545707 0.344440 0.563075
0 0.350961 0.545429 0.497394 0.563075
0 0.502540 0.545135 0.642333 0.563075
0 0.646050 0.545658 0.747270 0.563075
0 0.751661 0.545805 0.871282 0.563075
0 0.875991 0.545805 0.981708 0.563075
0 0.026427 0.565248 0.229198 0.582322
0 0.236857 0.565297 0.344440 0.582322
0 0.351186 0.565248 0.497394 0.582061
0 0.502540 0.564938 0.642147 0.582372
0 0.646050 0.565542 0.746979 0.582666
0 0.751423 0.565542 0.871335 0.582061
0 0.875991 0.565542 0.981708 0.581767
0 0.026427 0.585214 0.229198 0.602632
0 0.236857 0.584920 0.344440 0.602632
0 0.350961 0.584920 0.497063 0.602632
0 0.502540 0.584920 0.641698 0.602338
0 0.646116 0.584773 0.746807 0.602338
0 0.751476 0.584267 0.871136 0.602338
0 0.876321 0.584610 0.981708 0.602338
0 0.026427 0.604478 0.229198 0.622059
0 0.236857 0.604478 0.344215 0.621503
0 0.350736 0.604478 0.496746 0.621503
0 0.502540 0.604478 0.641420 0.621781
0 0.646023 0.604070 0.746714 0.621503
0 0.751291 0.603563 0.870805 0.621781
0 0.876321 0.604200 0.981708 0.621781
0 0.026427 0.624003 0.229198 0.641241
0 0.236857 0.623971 0.343977 0.641094
0 0.350736 0.624575 0.496746 0.641094
0 0.502315 0.624575 0.641579 0.641094
0 0.646129 0.624575 0.746542 0.641404
0 0.751212 0.624575 0.870435 0.641404
0 0.876321 0.624575 0.981708 0.641404
0 0.026427 0.643757 0.229198 0.661501
0 0.236857 0.643839 0.343752 0.661289
0 0.350736 0.644068 0.496746 0.661060
0 0.502315 0.643839 0.641446 0.660831
0 0.646235 0.644068 0.746767 0.660831
0 0.751344 0.644068 0.870435 0.660831
0 0.876110 0.644068 0.981708 0.660619
0 0.026427 0.663037 0.229198 0.680700
0 0.236857 0.663266 0.343527 0.680259
0 0.350736 0.663266 0.496746 0.680471
0 0.502315 0.663266 0.641460 0.680259
0 0.646222 0.663037 0.746780 0.680030
0 0.751079 0.663250 0.870567 0.680030
0 0.875845 0.663037 0.981708 0.680030
0 0.780049 0.762264 0.870567 0.779044
0 0.904021 0.762264 0.981470 0.779044
