0 0.058826 0.118690 0.739980 0.136369
0 0.742840 0.118690 0.941213 0.136369
0 0.305894 0.138578 0.318967 0.148679
0 0.458841 0.138578 0.471914 0.148679
0 0.095755 0.272738 0.281138 0.303044
0 0.282364 0.287890 0.364720 0.303044
0 0.364720 0.287890 0.492911 0.303044
0 0.522896 0.290417 0.535969 0.300518
0 0.593487 0.290417 0.606560 0.300518
0 0.635319 0.287890 0.728215 0.303044
0 0.729440 0.287890 0.810571 0.303044
0 0.811797 0.287890 0.941213 0.303044
0 0.095755 0.303044 0.281138 0.333349
0 0.282364 0.318196 0.364720 0.333349
0 0.364720 0.318196 0.492911 0.333349
0 0.522896 0.320723 0.535969 0.330824
0 0.593487 0.320723 0.606560 0.330824
0 0.635319 0.318196 0.728215 0.333349
0 0.729440 0.318196 0.810571 0.333349
0 0.811797 0.318196 0.941213 0.333349
0 0.095755 0.333349 0.281138 0.363655
0 0.282364 0.348501 0.364720 0.363655
0 0.364720 0.348501 0.492911 0.363655
0 0.522896 0.351028 0.535969 0.361130
0 0.593487 0.351028 0.606560 0.361130
0 0.635319 0.348501 0.728215 0.363655
0 0.729440 0.348501 0.810571 0.363655
0 0.811797 0.348501 0.941213 0.363655
0 0.095755 0.363655 0.281138 0.393960
0 0.282364 0.378807 0.364720 0.393960
0 0.364720 0.378807 0.492911 0.393960
0 0.522896 0.381334 0.535969 0.391435
0 0.593487 0.381334 0.606560 0.391435
0 0.635319 0.378807 0.728215 0.393960
0 0.729440 0.378807 0.810571 0.393960
0 0.811797 0.378807 0.941213 0.393960
0 0.094121 0.484869 0.269373 0.500020
0 0.270599 0.484869 0.422320 0.500020
0 0.469953 0.487393 0.483025 0.497495
0 0.529433 0.484869 0.681154 0.500020
0 0.728787 0.487393 0.741859 0.497495
0 0.788266 0.484869 0.941213 0.500020
0 0.094121 0.500020 0.269373 0.515171
0 0.270599 0.500020 0.422320 0.515171
0 0.469953 0.502544 0.483025 0.512646
0 0.529433 0.500020 0.681154 0.515171
0 0.728787 0.502544 0.741859 0.512646
0 0.788266 0.500020 0.941213 0.515171
0 0.094121 0.515171 0.269373 0.530322
0 0.270599 0.515171 0.422320 0.530322
0 0.469953 0.517695 0.483025 0.527797
0 0.529433 0.515171 0.681154 0.530322
0 0.728787 0.517695 0.741859 0.527797
0 0.788266 0.515171 0.941213 0.530322
0 0.094121 0.530322 0.269373 0.545473
0 0.270599 0.530322 0.422320 0.545473
0 0.469953 0.532846 0.483025 0.542947
0 0.529433 0.530322 0.681154 0.545473
0 0.728787 0.532846 0.741859 0.542947
0 0.788266 0.530322 0.941213 0.545473
0 0.094121 0.621238 0.257608 0.636389
0 0.258834 0.621238 0.422320 0.636389
0 0.423546 0.621238 0.587033 0.636389
0 0.588258 0.621238 0.763510 0.636389
0 0.764736 0.621238 0.941213 0.636389
0 0.094121 0.636389 0.257608 0.651540
0 0.258834 0.636389 0.422320 0.651540
0 0.423546 0.636389 0.587033 0.651540
0 0.588258 0.636389 0.763510 0.651540
0 0.764736 0.636389 0.941213 0.651540
0 0.094121 0.651540 0.257608 0.666691
0 0.258834 0.651540 0.422320 0.666691
0 0.423546 0.651540 0.587033 0.666691
0 0.588258 0.651540 0.763510 0.666691
0 0.764736 0.651540 0.941213 0.666691
0 0.094121 0.666691 0.257608 0.681842
0 0.258834 0.666691 0.422320 0.681842
0 0.423546 0.666691 0.587033 0.681842
0 0.588258 0.666691 0.763510 0.681842
0 0.764736 0.666691 0.941213 0.681842
0 0.764736 0.696997 0.941213 0.712148
0 0.095755 0.757608 0.304669 0.772758
0 0.305894 0.757608 0.388251 0.772758
0 0.389885 0.757608 0.598798 0.772758
0 0.601658 0.757608 0.941213 0.772758
0 0.095755 0.772758 0.304669 0.787909
0 0.305894 0.772758 0.388251 0.787909
0 0.389885 0.772758 0.598798 0.787909
0 0.601658 0.772758 0.941213 0.787909
0 0.095755 0.787909 0.304669 0.803060
0 0.305894 0.787909 0.388251 0.803060
0 0.389885 0.787909 0.598798 0.803060
0 0.601658 0.787909 0.941213 0.803060
0 0.095755 0.803060 0.304669 0.818211
0 0.305894 0.803060 0.388251 0.818211
0 0.389885 0.803060 0.598798 0.818211
0 0.601658 0.803060 0.941213 0.818211
0 0.095765 0.863671 0.304679 0.878822
0 0.305904 0.863671 0.388260 0.878822
0 0.389894 0.863671 0.598808 0.878822
0 0.601667 0.863671 0.941223 0.878822
0 0.095765 0.878822 0.304679 0.893973
0 0.305904 0.878822 0.388260 0.893973
0 0.389894 0.878822 0.598808 0.893973
0 0.601667 0.878822 0.941223 0.893973
0 0.095765 0.893973 0.304679 0.909124
0 0.305904 0.893973 0.388260 0.909124
0 0.389894 0.893973 0.598808 0.909124
0 0.601667 0.893973 0.941223 0.909124
0 0.095765 0.909124 0.304679 0.924275
0 0.305904 0.909124 0.388260 0.924275
0 0.389894 0.909124 0.598808 0.924275
0 0.601667 0.909124 0.941223 0.924275
