0 0.452931 0.090909 0.600000 0.106059
0 0.634312 0.090909 0.670588 0.106059
0 0.791502 0.093433 0.804574 0.103534
0 0.885619 0.093433 0.898691 0.103534
0 0.058824 0.133840 0.658824 0.151518
0 0.658824 0.133840 0.941176 0.151518
0 0.058824 0.164140 0.658824 0.181818
0 0.658824 0.164140 0.941176 0.181818
0 0.058824 0.194444 0.941176 0.212122
0 0.058824 0.224749 0.294118 0.242427
0 0.294118 0.224749 0.470588 0.242427
0 0.470588 0.224749 0.658824 0.242427
0 0.658824 0.224749 0.941176 0.242427
0 0.458457 0.348176 0.553557 0.363326
0 0.587869 0.348176 0.682969 0.363326
0 0.717281 0.348176 0.812381 0.363326
0 0.846693 0.348176 0.941793 0.363326
0 0.424145 0.363326 0.553557 0.454235
0 0.553557 0.363326 0.682969 0.454235
0 0.682969 0.363326 0.812381 0.454235
0 0.812381 0.363326 0.941793 0.454235
0 0.424145 0.454235 0.553557 0.560610
0 0.553557 0.454235 0.682969 0.560610
0 0.682969 0.454235 0.812381 0.560610
0 0.812381 0.454235 0.941793 0.560610
0 0.058824 0.772727 0.400000 0.785995
