0 0.775251 0.062090 0.785352 0.075162
0 0.847979 0.062090 0.858080 0.075162
0 0.027273 0.094770 0.354545 0.117647
0 0.354545 0.094770 0.572727 0.117647
0 0.572727 0.094770 0.772727 0.117647
0 0.772727 0.094770 0.972727 0.117647
0 0.027273 0.153593 0.772727 0.176471
0 0.772727 0.153593 0.972727 0.176471
0 0.463636 0.176471 0.545455 0.235294
0 0.588455 0.176471 0.727273 0.196077
0 0.768948 0.176471 0.909091 0.196077
0 0.027273 0.352936 0.172727 0.372542
0 0.172727 0.352936 0.372727 0.372542
0 0.372727 0.352936 0.463636 0.372542
0 0.463636 0.352936 0.654545 0.372542
0 0.654545 0.352936 0.781818 0.372542
0 0.781818 0.352936 0.872727 0.372542
0 0.872727 0.352936 0.972727 0.372542
0 0.027273 0.372542 0.172727 0.392149
0 0.172727 0.372542 0.372727 0.392149
0 0.372727 0.372542 0.463636 0.392149
0 0.463636 0.372542 0.654545 0.392149
0 0.654545 0.372542 0.781818 0.392149
0 0.781818 0.372542 0.872727 0.392149
0 0.872727 0.372542 0.972727 0.392149
0 0.027273 0.392149 0.172727 0.411755
0 0.172727 0.392149 0.372727 0.411755
0 0.372727 0.392149 0.463636 0.411755
0 0.463636 0.392149 0.654545 0.411755
0 0.654545 0.392149 0.781818 0.411755
0 0.781818 0.392149 0.872727 0.411755
0 0.872727 0.392149 0.972727 0.411755
0 0.027273 0.411755 0.172727 0.431361
0 0.172727 0.411755 0.372727 0.431361
0 0.372727 0.411755 0.463636 0.431361
0 0.463636 0.411755 0.654545 0.431361
0 0.654545 0.411755 0.781818 0.431361
0 0.781818 0.411755 0.872727 0.431361
0 0.872727 0.411755 0.972727 0.431361
0 0.027273 0.431361 0.172727 0.450967
0 0.172727 0.431361 0.372727 0.450967
0 0.372727 0.431361 0.463636 0.450967
0 0.463636 0.431361 0.654545 0.450967
0 0.654545 0.431361 0.781818 0.450967
0 0.781818 0.431361 0.872727 0.450967
0 0.872727 0.431361 0.972727 0.450967
0 0.027273 0.450967 0.172727 0.470574
0 0.172727 0.450967 0.372727 0.470574
0 0.372727 0.450967 0.463636 0.470574
0 0.463636 0.450967 0.654545 0.470574
0 0.654545 0.450967 0.781818 0.470574
0 0.781818 0.450967 0.872727 0.470574
0 0.872727 0.450967 0.972727 0.470574
0 0.027273 0.470574 0.172727 0.490180
0 0.172727 0.470574 0.372727 0.490180
0 0.372727 0.470574 0.463636 0.490180
0 0.463636 0.470574 0.654545 0.490180
0 0.654545 0.470574 0.781818 0.490180
0 0.781818 0.470574 0.872727 0.490180
0 0.872727 0.470574 0.972727 0.490180
0 0.027273 0.490180 0.172727 0.509786
0 0.172727 0.490180 0.372727 0.509786
0 0.372727 0.490180 0.463636 0.509786
0 0.463636 0.490180 0.654545 0.509786
0 0.654545 0.490180 0.781818 0.509786
0 0.781818 0.490180 0.872727 0.509786
0 0.872727 0.490180 0.972727 0.509786
0 0.027273 0.509786 0.172727 0.529392
0 0.172727 0.509786 0.372727 0.529392
0 0.372727 0.509786 0.463636 0.529392
0 0.463636 0.509786 0.654545 0.529392
0 0.654545 0.509786 0.781818 0.529392
0 0.781818 0.509786 0.872727 0.529392
0 0.872727 0.509786 0.972727 0.529392
0 0.027273 0.529392 0.172727 0.548998
0 0.172727 0.529392 0.372727 0.548998
0 0.372727 0.529392 0.463636 0.548998
0 0.463636 0.529392 0.654545 0.548998
0 0.654545 0.529392 0.781818 0.548998
0 0.781818 0.529392 0.872727 0.548998
0 0.872727 0.529392 0.972727 0.548998
0 0.027273 0.548998 0.172727 0.568605
0 0.172727 0.548998 0.372727 0.568605
0 0.372727 0.548998 0.463636 0.568605
0 0.463636 0.548998 0.654545 0.568605
0 0.654545 0.548998 0.781818 0.568605
0 0.781818 0.548998 0.872727 0.568605
0 0.872727 0.548998 0.972727 0.568605
0 0.027273 0.568605 0.172727 0.588211
0 0.172727 0.568605 0.372727 0.588211
0 0.372727 0.568605 0.463636 0.588211
0 0.463636 0.568605 0.654545 0.588211
0 0.654545 0.568605 0.781818 0.588211
0 0.781818 0.568605 0.872727 0.588211
0 0.872727 0.568605 0.972727 0.588211
0 0.027273 0.588211 0.172727 0.607817
0 0.172727 0.588211 0.372727 0.607817
0 0.372727 0.588211 0.463636 0.607817
0 0.463636 0.588211 0.654545 0.607817
0 0.654545 0.588211 0.781818 0.607817
0 0.781818 0.588211 0.872727 0.607817
0 0.872727 0.588211 0.972727 0.607817
0 0.027273 0.607817 0.172727 0.627423
0 0.172727 0.607817 0.372727 0.627423
0 0.372727 0.607817 0.463636 0.627423
0 0.463636 0.607817 0.654545 0.627423
0 0.654545 0.607817 0.781818 0.627423
0 0.781818 0.607817 0.872727 0.627423
0 0.872727 0.607817 0.972727 0.627423
0 0.027273 0.627423 0.172727 0.647029
0 0.172727 0.627423 0.372727 0.647029
0 0.372727 0.627423 0.463636 0.647029
0 0.463636 0.627423 0.654545 0.647029
0 0.654545 0.627423 0.781818 0.647029
0 0.781818 0.627423 0.872727 0.647029
0 0.872727 0.627423 0.972727 0.647029
0 0.027273 0.647029 0.172727 0.666636
0 0.172727 0.647029 0.372727 0.666636
0 0.372727 0.647029 0.463636 0.666636
0 0.463636 0.647029 0.654545 0.666636
0 0.654545 0.647029 0.781818 0.666636
0 0.781818 0.647029 0.872727 0.666636
0 0.872727 0.647029 0.972727 0.666636
0 0.027273 0.666636 0.172727 0.686242
0 0.172727 0.666636 0.372727 0.686242
0 0.372727 0.666636 0.463636 0.686242
0 0.463636 0.666636 0.654545 0.686242
0 0.654545 0.666636 0.781818 0.686242
0 0.781818 0.666636 0.872727 0.686242
0 0.872727 0.666636 0.972727 0.686242
0 0.890909 0.686276 0.972727 0.745100
