0 0.800031 0.075762 0.904692 0.090913
0 0.905918 0.075762 0.941213 0.090913
0 0.623554 0.090913 0.728215 0.106064
0 0.729440 0.090913 0.763510 0.106064
0 0.447076 0.106064 0.551737 0.121215
0 0.552963 0.106064 0.587033 0.121215
0 0.108174 0.123742 0.121247 0.133844
0 0.447076 0.136369 0.551737 0.151520
0 0.552963 0.136369 0.587033 0.151520
0 0.447076 0.166675 0.551737 0.181826
0 0.552963 0.166675 0.587033 0.181826
0 0.623554 0.181826 0.728215 0.196976
0 0.729440 0.181826 0.763510 0.196976
0 0.800031 0.196976 0.904692 0.212127
0 0.905918 0.196976 0.941213 0.212127
0 0.800031 0.212131 0.904692 0.227282
0 0.905918 0.212131 0.941213 0.227282
0 0.211773 0.244957 0.224845 0.255058
0 0.482372 0.244957 0.495444 0.255058
0 0.800031 0.242433 0.904692 0.257584
0 0.905918 0.242433 0.941213 0.257584
0 0.717675 0.260112 0.730748 0.270213
0 0.894153 0.260112 0.907225 0.270213
0 0.247069 0.272738 0.516442 0.287889
0 0.576493 0.272738 0.670615 0.287889
0 0.835327 0.272738 0.941213 0.287889
0 0.317659 0.348500 0.658849 0.363651
0 0.670615 0.318195 0.941213 0.333348
0 0.778462 0.348500 0.941213 0.363651
0 0.142816 0.376278 0.387025 0.393957
0 0.787286 0.370596 0.800358 0.380697
0 0.823562 0.376278 0.941213 0.393957
0 0.235303 0.393957 0.704684 0.409107
0 0.235303 0.409107 0.704684 0.424258
0 0.776501 0.393957 0.941213 0.409107
0 0.776501 0.409107 0.941213 0.424258
