0 0.058826 0.118690 0.716450 0.136369
0 0.719309 0.118690 0.941213 0.136369
0 0.411781 0.151520 0.739900 0.166671
0 0.470607 0.174248 0.694145 0.189399
0 0.367335 0.196976 0.941213 0.212127
0 0.105887 0.212127 0.941213 0.227278
0 0.329425 0.234859 0.349032 0.250010
0 0.364720 0.234859 0.407857 0.250010
0 0.423546 0.234859 0.560805 0.250010
0 0.658849 0.234859 0.678456 0.250010
0 0.694145 0.234859 0.760812 0.250010
0 0.776501 0.234859 0.913760 0.250010
0 0.863106 0.274000 0.876178 0.284101
0 0.920298 0.274000 0.933370 0.284101
0 0.863106 0.311879 0.876178 0.321980
0 0.920298 0.311879 0.933370 0.321980
0 0.586624 0.492447 0.588258 0.522752
0 0.692511 0.507599 0.694145 0.522752
0 0.694145 0.507599 0.811797 0.522752
0 0.823562 0.507599 0.941213 0.522752
0 0.586624 0.522752 0.588258 0.537903
0 0.692511 0.522752 0.694145 0.537903
0 0.694145 0.522752 0.811797 0.537903
0 0.823562 0.522752 0.941213 0.537903
0 0.586624 0.537903 0.588258 0.553054
0 0.692511 0.537903 0.694145 0.553054
0 0.694145 0.537903 0.811797 0.553054
0 0.823562 0.537903 0.941213 0.553054
0 0.586624 0.553054 0.588258 0.568205
0 0.692511 0.553054 0.694145 0.568205
0 0.694145 0.553054 0.811797 0.568205
0 0.823562 0.553054 0.941213 0.568205
0 0.586624 0.568205 0.588258 0.598510
0 0.692511 0.568205 0.694145 0.598510
0 0.694145 0.583357 0.811797 0.598510
0 0.823562 0.583357 0.941213 0.598510
0 0.586624 0.598510 0.588258 0.613661
0 0.692511 0.598510 0.694145 0.613661
0 0.694145 0.598510 0.811797 0.613661
0 0.823562 0.598510 0.941213 0.613661
0 0.586624 0.613661 0.588258 0.628812
0 0.692511 0.613661 0.694145 0.628812
0 0.694145 0.613661 0.811797 0.628812
0 0.823562 0.613661 0.941213 0.628812
0 0.586624 0.727302 0.588258 0.742453
0 0.692511 0.727302 0.694145 0.742453
0 0.705910 0.727302 0.810571 0.742453
0 0.823562 0.727302 0.941213 0.742453
0 0.586624 0.742453 0.588258 0.757604
0 0.692511 0.742453 0.694145 0.757604
0 0.694145 0.742453 0.811797 0.757604
0 0.823562 0.742453 0.941213 0.757604
0 0.586624 0.757604 0.588258 0.772755
0 0.692511 0.757604 0.694145 0.772755
0 0.694145 0.757604 0.811797 0.772755
0 0.823562 0.757604 0.941213 0.772755
0 0.586624 0.772755 0.588258 0.787906
0 0.692511 0.772755 0.694145 0.787906
0 0.694145 0.772755 0.811797 0.787906
0 0.823562 0.772755 0.941213 0.787906
0 0.586624 0.803058 0.588258 0.818211
0 0.692511 0.803058 0.694145 0.818211
0 0.694145 0.803058 0.811797 0.818211
0 0.823562 0.803058 0.941213 0.818211
0 0.586624 0.833363 0.588258 0.848517
0 0.692511 0.833363 0.694145 0.848517
0 0.694145 0.833363 0.811797 0.848517
0 0.823562 0.833363 0.941213 0.848517
