0 0.119281 0.118686 0.692892 0.151514
0 0.119281 0.164140 0.692892 0.196968
0 0.119281 0.209595 0.692892 0.242423
0 0.694118 0.118686 0.941176 0.151514
0 0.694118 0.164140 0.941176 0.196968
0 0.058824 0.318182 0.151716 0.333332
0 0.152941 0.318182 0.211765 0.333332
0 0.213399 0.318182 0.481127 0.333332
0 0.482353 0.318182 0.598775 0.333332
0 0.600000 0.318182 0.634069 0.333332
0 0.635294 0.318182 0.751716 0.333332
0 0.752941 0.318182 0.787010 0.333332
0 0.788235 0.318182 0.904657 0.333332
0 0.905882 0.318182 0.941176 0.333332
0 0.058824 0.333332 0.151716 0.348482
0 0.152941 0.333332 0.211765 0.348482
0 0.213399 0.333332 0.481127 0.348482
0 0.482353 0.333332 0.598775 0.348482
0 0.600000 0.333332 0.634069 0.348482
0 0.635294 0.333332 0.751716 0.348482
0 0.752941 0.333332 0.787010 0.348482
0 0.788235 0.333332 0.904657 0.348482
0 0.905882 0.333332 0.941176 0.348482
0 0.058824 0.348482 0.151716 0.363633
0 0.152941 0.348482 0.211765 0.363633
0 0.213399 0.348482 0.481127 0.363633
0 0.482353 0.348482 0.598775 0.363633
0 0.600000 0.348482 0.634069 0.363633
0 0.635294 0.348482 0.751716 0.363633
0 0.752941 0.348482 0.787010 0.363633
0 0.788235 0.348482 0.904657 0.363633
0 0.905882 0.348482 0.941176 0.363633
0 0.058824 0.363633 0.151716 0.378783
0 0.152941 0.363633 0.211765 0.378783
0 0.213399 0.363633 0.481127 0.378783
0 0.482353 0.363633 0.598775 0.378783
0 0.600000 0.363633 0.634069 0.378783
0 0.635294 0.363633 0.751716 0.378783
0 0.752941 0.363633 0.787010 0.378783
0 0.788235 0.363633 0.904657 0.378783
0 0.905882 0.363633 0.941176 0.378783
0 0.058824 0.378783 0.151716 0.393933
0 0.152941 0.378783 0.211765 0.393933
0 0.213399 0.378783 0.481127 0.393933
0 0.482353 0.378783 0.598775 0.393933
0 0.600000 0.378783 0.634069 0.393933
0 0.635294 0.378783 0.751716 0.393933
0 0.752941 0.378783 0.787010 0.393933
0 0.788235 0.378783 0.904657 0.393933
0 0.905882 0.378783 0.941176 0.393933
0 0.058824 0.469696 0.151716 0.484846
0 0.152941 0.469696 0.211765 0.484846
0 0.213399 0.469696 0.481127 0.484846
0 0.482353 0.469696 0.598775 0.484846
0 0.600000 0.469696 0.634069 0.484846
0 0.635294 0.469696 0.751716 0.484846
0 0.752941 0.469696 0.787010 0.484846
0 0.788235 0.469696 0.904657 0.484846
0 0.905882 0.469696 0.941176 0.484846
0 0.058824 0.484846 0.151716 0.499996
0 0.152941 0.484846 0.211765 0.499996
0 0.213399 0.484846 0.481127 0.499996
0 0.482353 0.484846 0.598775 0.499996
0 0.600000 0.484846 0.634069 0.499996
0 0.635294 0.484846 0.751716 0.499996
0 0.752941 0.484846 0.787010 0.499996
0 0.788235 0.484846 0.904657 0.499996
0 0.905882 0.484846 0.941176 0.499996
0 0.058824 0.499996 0.151716 0.515146
0 0.152941 0.499996 0.211765 0.515146
0 0.213399 0.499996 0.481127 0.515146
0 0.482353 0.499996 0.598775 0.515146
0 0.600000 0.499996 0.634069 0.515146
0 0.635294 0.499996 0.751716 0.515146
0 0.752941 0.499996 0.787010 0.515146
0 0.788235 0.499996 0.904657 0.515146
0 0.905882 0.499996 0.941176 0.515146
0 0.058824 0.515146 0.151716 0.530297
0 0.152941 0.515146 0.211765 0.530297
0 0.213399 0.515146 0.481127 0.530297
0 0.482353 0.515146 0.598775 0.530297
0 0.600000 0.515146 0.634069 0.530297
0 0.635294 0.515146 0.751716 0.530297
0 0.752941 0.515146 0.787010 0.530297
0 0.788235 0.515146 0.904657 0.530297
0 0.905882 0.515146 0.941176 0.530297
0 0.058824 0.530297 0.151716 0.545447
0 0.152941 0.530297 0.211765 0.545447
0 0.213399 0.530297 0.481127 0.545447
0 0.482353 0.530297 0.598775 0.545447
0 0.600000 0.530297 0.634069 0.545447
0 0.635294 0.530297 0.751716 0.545447
0 0.752941 0.530297 0.787010 0.545447
0 0.788235 0.530297 0.904657 0.545447
0 0.905882 0.530297 0.941176 0.545447
0 0.107843 0.593749 0.120915 0.603850
0 0.107843 0.654669 0.120915 0.664770
0 0.788235 0.727273 0.904657 0.742423
0 0.905882 0.727273 0.941176 0.742423
0 0.105882 0.851010 0.118954 0.861111
0 0.105882 0.866160 0.118954 0.876261
0 0.529412 0.863636 0.694118 0.878787
