0 0.058824 0.106059 0.941176 0.121210
0 0.058824 0.136364 0.941176 0.151514
0 0.058824 0.166668 0.941176 0.181818
0 0.058824 0.196968 0.941176 0.212119
0 0.058824 0.227273 0.941176 0.242423
0 0.058824 0.257577 0.941176 0.272727
0 0.058824 0.287878 0.941176 0.303028
0 0.058824 0.318182 0.941176 0.333332
0 0.058824 0.348486 0.941176 0.363636
0 0.058824 0.378787 0.941176 0.393937
0 0.058824 0.409091 0.941176 0.424241
0 0.058824 0.439395 0.941176 0.454545
0 0.058824 0.469696 0.941176 0.484846
0 0.058824 0.500000 0.941176 0.515150
0 0.058824 0.530304 0.941176 0.545455
0 0.058824 0.560605 0.941176 0.575755
0 0.152941 0.651514 0.682353 0.666667
0 0.705882 0.621213 0.941176 0.636367
0 0.142810 0.696970 0.375245 0.712122
0 0.758497 0.688129 0.771569 0.698230
0 0.811765 0.694444 0.941176 0.712122
0 0.243291 0.712122 0.704657 0.727273
0 0.243291 0.727273 0.704657 0.742423
0 0.788235 0.712122 0.941176 0.727273
0 0.771895 0.727273 0.941176 0.742423
