0 0.058824 0.133840 0.634069 0.196972
0 0.635294 0.133840 0.941176 0.151518
0 0.635294 0.179292 0.941176 0.196968
0 0.058824 0.209595 0.634069 0.227273
0 0.636928 0.209595 0.941176 0.227273
0 0.077123 0.260101 0.090194 0.270202
0 0.077123 0.299241 0.090194 0.309342
0 0.105882 0.371213 0.141176 0.386364
0 0.152941 0.371213 0.188235 0.386364
0 0.200000 0.371213 0.258824 0.386364
0 0.105882 0.621213 0.941176 0.636364
0 0.105882 0.636364 0.941176 0.651514
0 0.197386 0.651514 0.941176 0.666664
0 0.321569 0.666668 0.941176 0.681818
0 0.453766 0.689395 0.611765 0.704545
0 0.723426 0.704545 0.858823 0.719696
0 0.751719 0.719696 0.941176 0.734846
0 0.105882 0.734850 0.941176 0.750000
