0 0.924219 0.108588 0.937292 0.118689
0 0.058826 0.133845 0.622328 0.151524
0 0.625188 0.133845 0.941213 0.151524
0 0.058826 0.164147 0.751745 0.181826
0 0.754605 0.164147 0.941213 0.181826
0 0.058826 0.194452 0.941213 0.212131
0 0.058826 0.224758 0.622328 0.242437
0 0.625188 0.224758 0.941213 0.242437
0 0.058826 0.270214 0.622328 0.287893
0 0.625188 0.270214 0.941213 0.287893
0 0.058826 0.300516 0.539972 0.318195
0 0.542832 0.300516 0.622328 0.318195
0 0.658183 0.303044 0.735532 0.318195
0 0.058826 0.330821 0.622328 0.348500
0 0.625188 0.330821 0.941213 0.348500
0 0.058826 0.361127 0.622328 0.378806
0 0.625188 0.361127 0.941213 0.378806
0 0.058826 0.391429 0.622328 0.409107
0 0.625188 0.391429 0.941213 0.409107
0 0.329425 0.411632 0.342497 0.421733
0 0.470607 0.411632 0.483679 0.421733
0 0.800031 0.409107 0.941213 0.424258
0 0.675621 0.424258 0.752971 0.439409
0 0.564728 0.454564 0.752971 0.469715
0 0.800031 0.469715 0.941213 0.484866
0 0.635319 0.484869 0.682380 0.502547
0 0.694145 0.484869 0.741206 0.502547
0 0.800031 0.500020 0.941213 0.515171
0 0.800031 0.530322 0.941213 0.545473
0 0.800031 0.545473 0.941213 0.560624
0 0.800031 0.560627 0.941213 0.575778
0 0.800031 0.575778 0.941213 0.590929
0 0.800031 0.590929 0.941213 0.606080
0 0.800031 0.606084 0.941213 0.621235
0 0.800031 0.636389 0.941213 0.651540
0 0.800031 0.651544 0.941213 0.666695
0 0.675621 0.666695 0.752971 0.681846
0 0.800031 0.681846 0.941213 0.696997
0 0.853792 0.698258 0.866864 0.708359
0 0.918663 0.698258 0.931736 0.708359
0 0.675621 0.712151 0.752971 0.727302
0 0.853797 0.729826 0.866869 0.739928
0 0.918668 0.729826 0.931741 0.739928
0 0.675621 0.742453 0.752971 0.757604
0 0.853792 0.760132 0.866864 0.770233
0 0.918663 0.760132 0.931736 0.770233
0 0.305894 0.787909 0.517667 0.803060
0 0.593161 0.790433 0.606233 0.800535
0 0.675517 0.790433 0.688589 0.800535
0 0.305894 0.803064 0.705910 0.818215
0 0.635319 0.863671 0.941213 0.878826
0 0.142816 0.906604 0.387025 0.924282
0 0.787578 0.897764 0.800651 0.907865
0 0.825196 0.906604 0.941213 0.924282
0 0.242493 0.924282 0.705910 0.939433
0 0.784302 0.924282 0.941171 0.939433
0 0.242493 0.939433 0.705910 0.954584
0 0.771230 0.939433 0.941171 0.954584
0 0.058826 0.015151 0.200545 0.036627
