0 0.924219 0.108588 0.937292 0.118689
0 0.058826 0.133845 0.681154 0.151524
0 0.682380 0.133845 0.941213 0.151524
0 0.058826 0.164147 0.810571 0.181826
0 0.811797 0.164147 0.941213 0.181826
0 0.058826 0.194452 0.681154 0.212131
0 0.058826 0.224758 0.681154 0.242437
0 0.682380 0.224758 0.941213 0.242437
0 0.494137 0.244957 0.507209 0.255058
0 0.623554 0.244957 0.636626 0.255058
0 0.823562 0.257587 0.941213 0.272738
0 0.388251 0.287889 0.564728 0.303040
0 0.823562 0.318195 0.941213 0.333346
0 0.823562 0.333346 0.941213 0.348496
0 0.823562 0.348500 0.941213 0.363651
0 0.823562 0.363651 0.941213 0.378802
0 0.823562 0.378802 0.941213 0.393953
0 0.823562 0.393957 0.941213 0.409107
0 0.823562 0.409107 0.941213 0.424258
0 0.823562 0.424258 0.941213 0.439409
0 0.823562 0.439413 0.941213 0.454564
0 0.823562 0.454564 0.941213 0.469715
0 0.823562 0.469715 0.941213 0.484866
0 0.922912 0.487393 0.935984 0.497495
0 0.922912 0.502544 0.935984 0.512646
0 0.279096 0.515171 0.941213 0.530322
0 0.445769 0.530326 0.941213 0.545477
0 0.682380 0.575782 0.941213 0.606835
0 0.142816 0.636391 0.387025 0.651544
0 0.787434 0.625025 0.800507 0.635127
0 0.823562 0.636391 0.941213 0.651544
0 0.226153 0.651540 0.704684 0.666691
0 0.781076 0.651540 0.941213 0.666691
0 0.239225 0.666695 0.704684 0.681846
0 0.769638 0.666695 0.941213 0.681846
