0 0.922912 0.108588 0.935984 0.118689
0 0.058826 0.136370 0.645859 0.151524
0 0.648718 0.136370 0.941213 0.151524
0 0.058826 0.166672 0.645859 0.181826
0 0.648718 0.166672 0.941213 0.181826
0 0.058826 0.196978 0.563502 0.212131
0 0.566362 0.196978 0.645859 0.212131
0 0.058826 0.227283 0.645859 0.242437
0 0.648718 0.227283 0.941213 0.242437
0 0.058826 0.257585 0.645859 0.272738
0 0.648718 0.257585 0.941213 0.272738
0 0.058826 0.287890 0.645859 0.303044
0 0.648718 0.287890 0.941213 0.303044
0 0.811797 0.333346 0.941213 0.348496
0 0.811797 0.348500 0.941213 0.363651
0 0.811797 0.363651 0.941213 0.378802
0 0.811797 0.378802 0.941213 0.393953
0 0.811797 0.393957 0.941213 0.409107
0 0.811797 0.409107 0.941213 0.424258
0 0.640548 0.426782 0.653620 0.436884
0 0.640548 0.441937 0.653620 0.452038
0 0.640548 0.457088 0.653620 0.467189
0 0.640548 0.472239 0.653620 0.482340
0 0.722904 0.472239 0.735977 0.482340
0 0.811797 0.484869 0.941213 0.500020
0 0.811797 0.500020 0.941213 0.515171
0 0.190857 0.515171 0.764736 0.530322
0 0.221904 0.530326 0.764736 0.545477
0 0.811797 0.545477 0.941213 0.560627
0 0.811797 0.560627 0.941213 0.575778
0 0.811797 0.575782 0.941213 0.590933
0 0.811797 0.590933 0.941213 0.606084
0 0.811797 0.606084 0.941213 0.621235
0 0.811797 0.621238 0.941213 0.636389
0 0.811797 0.636389 0.941213 0.651540
0 0.576493 0.651540 0.764736 0.666691
0 0.811797 0.651540 0.941213 0.666691
0 0.264389 0.666695 0.764736 0.681846
0 0.811797 0.666695 0.941213 0.681846
0 0.811797 0.681846 0.941213 0.696997
0 0.264389 0.696997 0.764736 0.712148
0 0.811797 0.696997 0.941213 0.712148
0 0.811797 0.712151 0.941213 0.727302
0 0.722904 0.729826 0.735977 0.739928
0 0.811797 0.742453 0.941213 0.757604
0 0.722904 0.760132 0.735977 0.770233
0 0.811797 0.772758 0.941213 0.787909
0 0.811797 0.787909 0.941213 0.803060
0 0.811797 0.803064 0.941213 0.818215
0 0.811797 0.818215 0.941213 0.833366
0 0.722904 0.835890 0.735977 0.845991
0 0.811797 0.848520 0.941213 0.863671
0 0.264389 0.863671 0.764736 0.878822
0 0.303607 0.878822 0.764736 0.893973
0 0.811797 0.878826 0.941213 0.893977
0 0.346092 0.893977 0.764736 0.909128
0 0.811797 0.893977 0.941213 0.909128
