0 0.058824 0.133838 0.681127 0.151516
0 0.682353 0.133838 0.941176 0.151516
0 0.058824 0.164139 0.575245 0.181816
0 0.576471 0.164139 0.682353 0.181816
0 0.058824 0.194442 0.681127 0.212120
0 0.682353 0.194442 0.941176 0.212120
0 0.058824 0.224746 0.681127 0.242424
0 0.682353 0.224746 0.941176 0.242424
0 0.058824 0.255047 0.681127 0.272725
0 0.682353 0.255047 0.941176 0.272725
0 0.922876 0.305552 0.935948 0.315653
0 0.823529 0.318179 0.941176 0.333329
0 0.670588 0.333329 0.787010 0.348479
0 0.670588 0.363633 0.787010 0.378783
0 0.823529 0.378783 0.941176 0.393933
0 0.823529 0.393937 0.941176 0.409087
0 0.058824 0.424237 0.941176 0.439387
0 0.058824 0.454541 0.941176 0.469691
0 0.058824 0.484845 0.941176 0.499995
0 0.058824 0.515145 0.941176 0.530295
0 0.058824 0.545449 0.941176 0.560599
0 0.058824 0.575753 0.941176 0.590903
0 0.058824 0.606053 0.941176 0.621203
0 0.881046 0.651509 0.900654 0.666660
0 0.916340 0.651509 0.935948 0.666660
0 0.881046 0.681813 0.900654 0.696964
0 0.916340 0.681813 0.935948 0.696964
0 0.165676 0.727265 0.588235 0.742416
0 0.645178 0.727265 0.941176 0.742416
0 0.654248 0.758829 0.670588 0.771456
0 0.167008 0.772719 0.588235 0.787870
0 0.673757 0.772719 0.941176 0.787870
0 0.647059 0.833324 0.941176 0.848478
0 0.142810 0.878779 0.387010 0.893932
0 0.764018 0.870572 0.777090 0.880673
0 0.811765 0.878779 0.941176 0.893932
0 0.235526 0.893932 0.716422 0.909082
0 0.247059 0.909082 0.716422 0.924232
0 0.800000 0.893932 0.941176 0.909082
0 0.788235 0.909082 0.941176 0.924232
