0 0.811797 0.075762 0.941213 0.090913
0 0.811797 0.090913 0.941213 0.106064
0 0.811797 0.106064 0.941213 0.121215
0 0.811797 0.151520 0.941213 0.166671
0 0.811797 0.166675 0.941213 0.181826
0 0.600024 0.181826 0.764736 0.196976
0 0.811797 0.181826 0.941213 0.196976
0 0.811797 0.212131 0.941213 0.227282
0 0.811797 0.227282 0.941213 0.242433
0 0.811797 0.242433 0.941213 0.257584
0 0.811797 0.272738 0.941213 0.287889
0 0.317659 0.287889 0.764736 0.303040
0 0.811797 0.303044 0.941213 0.318195
0 0.682380 0.356074 0.941213 0.371228
0 0.142816 0.401531 0.387025 0.416685
0 0.787578 0.390799 0.800651 0.400900
0 0.825196 0.401531 0.941213 0.416685
0 0.226153 0.416685 0.704684 0.431836
0 0.239225 0.431836 0.704684 0.446987
0 0.784344 0.416685 0.941213 0.431836
0 0.771272 0.431836 0.941213 0.446987
