0 0.917647 0.108582 0.930719 0.118683
0 0.058824 0.133838 0.622304 0.151516
0 0.623529 0.133838 0.941176 0.151516
0 0.058824 0.164139 0.539951 0.181816
0 0.541176 0.164139 0.623529 0.181816
0 0.058824 0.194442 0.622304 0.212120
0 0.623529 0.194442 0.941176 0.212120
0 0.058824 0.224746 0.622304 0.242424
0 0.623529 0.224746 0.941176 0.242424
0 0.058824 0.255047 0.622304 0.272725
0 0.623529 0.255047 0.941176 0.272725
0 0.200000 0.272725 0.623529 0.287875
0 0.776471 0.272725 0.941176 0.287875
0 0.576471 0.303028 0.729412 0.318179
0 0.364706 0.320703 0.377778 0.330804
0 0.776471 0.318179 0.941176 0.333329
0 0.364706 0.335853 0.377778 0.345954
0 0.776471 0.333329 0.941176 0.348479
0 0.776471 0.348483 0.941176 0.363633
0 0.105882 0.396461 0.118954 0.406562
0 0.200000 0.396461 0.213072 0.406562
0 0.294118 0.396461 0.307190 0.406562
0 0.388235 0.396461 0.401307 0.406562
0 0.494118 0.396461 0.507190 0.406562
0 0.647059 0.393937 0.729412 0.409087
0 0.776420 0.409087 0.941126 0.424237
0 0.576471 0.424237 0.729412 0.439387
0 0.776471 0.439391 0.941176 0.454541
0 0.623529 0.472215 0.636601 0.482316
0 0.694118 0.472215 0.707190 0.482316
0 0.776471 0.484845 0.941176 0.499995
0 0.776471 0.499995 0.941176 0.515145
0 0.776471 0.530299 0.941176 0.545449
0 0.776471 0.560599 0.941176 0.575749
0 0.776471 0.575753 0.941176 0.590903
0 0.776471 0.606053 0.941176 0.621203
0 0.776471 0.621207 0.941176 0.636357
0 0.875817 0.651506 0.895425 0.666657
0 0.911111 0.651506 0.930719 0.666657
0 0.470588 0.666661 0.823529 0.681811
0 0.470588 0.681811 0.823529 0.696961
0 0.875817 0.681810 0.895425 0.696961
0 0.911111 0.681810 0.930719 0.696961
0 0.470588 0.696961 0.823529 0.712111
0 0.470588 0.712115 0.823529 0.727265
0 0.875817 0.712114 0.895425 0.727265
0 0.911111 0.712114 0.930719 0.727265
0 0.875817 0.727264 0.895425 0.742416
0 0.911111 0.727264 0.930719 0.742416
0 0.411765 0.744939 0.424837 0.755040
0 0.517647 0.744943 0.530719 0.755044
0 0.600000 0.742416 0.823529 0.757566
0 0.623529 0.787870 0.941176 0.818172
0 0.141176 0.848475 0.387010 0.863628
0 0.764018 0.840268 0.777090 0.850369
0 0.811765 0.848475 0.941176 0.863628
0 0.247059 0.863628 0.716422 0.878778
0 0.800000 0.863628 0.941176 0.878778
0 0.247059 0.878778 0.716422 0.893928
0 0.788235 0.878778 0.941176 0.893928
