0 0.058826 0.151520 0.234078 0.166671
0 0.235303 0.151520 0.410555 0.166671
0 0.411781 0.151520 0.587033 0.166671
0 0.588258 0.151520 0.763510 0.166671
0 0.764736 0.151520 0.941213 0.166671
0 0.058826 0.166671 0.234078 0.181822
0 0.235303 0.166671 0.410555 0.181822
0 0.411781 0.166671 0.587033 0.181822
0 0.588258 0.166671 0.763510 0.181822
0 0.764736 0.166671 0.941213 0.181822
0 0.058826 0.181822 0.234078 0.196973
0 0.235303 0.181822 0.410555 0.196973
0 0.411781 0.181822 0.587033 0.196973
0 0.588258 0.181822 0.763510 0.196973
0 0.764736 0.181822 0.941213 0.196973
0 0.058826 0.196973 0.234078 0.212123
0 0.235303 0.196973 0.410555 0.212123
0 0.411781 0.196973 0.587033 0.212123
0 0.588258 0.196973 0.763510 0.212123
0 0.764736 0.196973 0.941213 0.212123
0 0.058826 0.212123 0.234078 0.227274
0 0.235303 0.212123 0.410555 0.227274
0 0.411781 0.212123 0.587033 0.227274
0 0.588258 0.212123 0.763510 0.227274
0 0.764736 0.212123 0.941213 0.227274
0 0.058826 0.227274 0.234078 0.242425
0 0.235303 0.227274 0.410555 0.242425
0 0.411781 0.227274 0.587033 0.242425
0 0.588258 0.227274 0.763510 0.242425
0 0.764736 0.227274 0.941213 0.242425
0 0.058826 0.242425 0.234078 0.257576
0 0.235303 0.242425 0.410555 0.257576
0 0.411781 0.242425 0.587033 0.257576
0 0.588258 0.242425 0.763510 0.257576
0 0.764736 0.242425 0.941213 0.257576
0 0.058826 0.257576 0.234078 0.272727
0 0.235303 0.257576 0.410555 0.272727
0 0.411781 0.257576 0.587033 0.272727
0 0.588258 0.257576 0.763510 0.272727
0 0.764736 0.257576 0.941213 0.272727
0 0.058826 0.272727 0.234078 0.287878
0 0.235303 0.272727 0.410555 0.287878
0 0.411781 0.272727 0.587033 0.287878
0 0.588258 0.272727 0.763510 0.287878
0 0.764736 0.272727 0.941213 0.287878
0 0.058826 0.287878 0.234078 0.303029
0 0.235303 0.287878 0.410555 0.303029
0 0.411781 0.287878 0.587033 0.303029
0 0.588258 0.287878 0.763510 0.303029
0 0.764736 0.287878 0.941213 0.303029
0 0.058826 0.303029 0.234078 0.318180
0 0.235303 0.303029 0.410555 0.318180
0 0.411781 0.303029 0.587033 0.318180
0 0.588258 0.303029 0.763510 0.318180
0 0.764736 0.303029 0.941213 0.318180
0 0.058826 0.318180 0.234078 0.333330
0 0.235303 0.318180 0.410555 0.333330
0 0.411781 0.318180 0.587033 0.333330
0 0.588258 0.318180 0.763510 0.333330
0 0.764736 0.318180 0.941213 0.333330
0 0.058826 0.333330 0.234078 0.348481
0 0.235303 0.333330 0.410555 0.348481
0 0.411781 0.333330 0.587033 0.348481
0 0.588258 0.333330 0.763510 0.348481
0 0.764736 0.333330 0.941213 0.348481
0 0.058826 0.348481 0.234078 0.363632
0 0.235303 0.348481 0.410555 0.363632
0 0.411781 0.348481 0.587033 0.363632
0 0.588258 0.348481 0.763510 0.363632
0 0.764736 0.348481 0.941213 0.363632
0 0.058826 0.363632 0.234078 0.378783
0 0.235303 0.363632 0.410555 0.378783
0 0.411781 0.363632 0.587033 0.378783
0 0.588258 0.363632 0.763510 0.378783
0 0.764736 0.363632 0.941213 0.378783
0 0.058826 0.378783 0.234078 0.393934
0 0.235303 0.378783 0.410555 0.393934
0 0.411781 0.378783 0.587033 0.393934
0 0.588258 0.378783 0.763510 0.393934
0 0.764736 0.378783 0.941213 0.393934
0 0.058826 0.393934 0.234078 0.409085
0 0.235303 0.393934 0.410555 0.409085
0 0.411781 0.393934 0.587033 0.409085
0 0.588258 0.393934 0.763510 0.409085
0 0.764736 0.393934 0.941213 0.409085
0 0.058826 0.409085 0.234078 0.424236
0 0.235303 0.409085 0.410555 0.424236
0 0.411781 0.409085 0.587033 0.424236
0 0.588258 0.409085 0.763510 0.424236
0 0.764736 0.409085 0.941213 0.424236
0 0.058826 0.424236 0.234078 0.439386
0 0.235303 0.424236 0.410555 0.439386
0 0.411781 0.424236 0.587033 0.439386
0 0.588258 0.424236 0.763510 0.439386
0 0.764736 0.424236 0.941213 0.439386
0 0.058826 0.439386 0.234078 0.454537
0 0.235303 0.439386 0.410555 0.454537
0 0.411781 0.439386 0.587033 0.454537
0 0.588258 0.439386 0.763510 0.454537
0 0.764736 0.439386 0.941213 0.454537
0 0.058826 0.454537 0.234078 0.469688
0 0.235303 0.454537 0.410555 0.469688
0 0.411781 0.454537 0.587033 0.469688
0 0.588258 0.454537 0.763510 0.469688
0 0.764736 0.454537 0.941213 0.469688
0 0.058826 0.469688 0.234078 0.484839
0 0.235303 0.469688 0.410555 0.484839
0 0.411781 0.469688 0.587033 0.484839
0 0.588258 0.469688 0.763510 0.484839
0 0.764736 0.469688 0.941213 0.484839
0 0.058826 0.484839 0.234078 0.499990
0 0.235303 0.484839 0.410555 0.499990
0 0.411781 0.484839 0.587033 0.499990
0 0.588258 0.484839 0.763510 0.499990
0 0.764736 0.484839 0.941213 0.499990
0 0.058826 0.499990 0.234078 0.515141
0 0.235303 0.499990 0.410555 0.515141
0 0.411781 0.499990 0.587033 0.515141
0 0.588258 0.499990 0.763510 0.515141
0 0.764736 0.499990 0.941213 0.515141
0 0.058826 0.515141 0.234078 0.530292
0 0.235303 0.515141 0.410555 0.530292
0 0.411781 0.515141 0.587033 0.530292
0 0.588258 0.515141 0.763510 0.530292
0 0.764736 0.515141 0.941213 0.530292
0 0.800031 0.530326 0.941213 0.545477
