0 0.811797 0.090913 0.941213 0.106064
0 0.811797 0.106064 0.941213 0.121215
0 0.811797 0.121215 0.941213 0.136365
0 0.811797 0.136369 0.941213 0.151520
0 0.811797 0.151520 0.941213 0.166671
0 0.811797 0.166671 0.941213 0.181822
0 0.811797 0.181826 0.941213 0.196976
0 0.811797 0.196976 0.941213 0.212127
0 0.811797 0.212127 0.941213 0.227278
0 0.811797 0.227282 0.941213 0.242433
0 0.576493 0.272738 0.705910 0.287889
0 0.576493 0.303040 0.705910 0.318191
0 0.623554 0.318195 0.764736 0.333346
0 0.576493 0.348500 0.764736 0.363651
0 0.811797 0.378802 0.941213 0.393953
0 0.811797 0.409107 0.941213 0.424258
0 0.493982 0.424258 0.682380 0.439409
0 0.361601 0.439409 0.764736 0.454560
0 0.811797 0.454564 0.941213 0.469715
0 0.603290 0.472239 0.616362 0.482340
0 0.564235 0.484869 0.741206 0.500020
0 0.487436 0.500020 0.941213 0.515171
0 0.498861 0.515171 0.941213 0.530326
0 0.415047 0.532846 0.428120 0.542947
0 0.283346 0.545477 0.941213 0.560627
0 0.221574 0.560627 0.941213 0.575778
0 0.220612 0.575778 0.941213 0.590933
0 0.473873 0.593457 0.486946 0.603558
0 0.615055 0.608608 0.628128 0.618709
0 0.579760 0.638913 0.592832 0.649015
0 0.791533 0.654064 0.804605 0.664166
0 0.576493 0.712148 0.941213 0.727301
0 0.744472 0.760132 0.757544 0.770233
0 0.764736 0.755442 0.941213 0.772758
0 0.294129 0.772758 0.741206 0.787909
0 0.294129 0.787909 0.741206 0.803060
0 0.776519 0.772758 0.941213 0.787909
0 0.825508 0.787909 0.941213 0.803060
0 0.823562 0.866195 0.836634 0.876297
0 0.882388 0.866195 0.895460 0.876297
0 0.576493 0.924279 0.941213 0.939432
