0 0.920949 0.108588 0.934022 0.118689
0 0.058826 0.136369 0.682380 0.151520
0 0.682380 0.136369 0.941213 0.151520
0 0.058826 0.166675 0.682380 0.181826
0 0.058826 0.196976 0.941213 0.212127
0 0.058826 0.227282 0.682380 0.242433
0 0.682380 0.227282 0.752971 0.242433
0 0.764736 0.227282 0.835327 0.242433
0 0.847092 0.227282 0.941213 0.242296
0 0.058826 0.257587 0.682380 0.272738
0 0.682380 0.257587 0.941213 0.272738
0 0.058826 0.287889 0.682380 0.303040
0 0.682380 0.287889 0.941213 0.303040
0 0.870622 0.318195 0.941213 0.333346
0 0.193973 0.333346 0.941213 0.348500
0 0.576493 0.351024 0.589566 0.361126
0 0.670615 0.351024 0.683687 0.361126
0 0.517667 0.363651 0.576493 0.378802
0 0.588258 0.363651 0.647084 0.378802
0 0.658849 0.363651 0.752971 0.378802
0 0.105887 0.396481 0.118959 0.406582
0 0.105887 0.411632 0.118959 0.421733
0 0.105887 0.426782 0.118959 0.436884
0 0.105887 0.441937 0.118959 0.452038
0 0.105887 0.457088 0.118959 0.467189
0 0.555251 0.469715 0.941213 0.484869
0 0.788266 0.500020 0.941213 0.515171
0 0.788266 0.515171 0.941213 0.530322
0 0.423546 0.530326 0.482372 0.545477
0 0.494137 0.530326 0.552963 0.545477
0 0.564728 0.530326 0.658849 0.545477
0 0.788266 0.545477 0.811797 0.560627
0 0.811797 0.545477 0.835327 0.560627
0 0.858857 0.545477 0.882388 0.560627
0 0.882388 0.545477 0.905918 0.560627
0 0.788266 0.560627 0.811797 0.575778
0 0.811797 0.560627 0.835327 0.575778
0 0.858857 0.560627 0.882388 0.575778
0 0.882388 0.560627 0.905918 0.575778
0 0.741206 0.575782 0.764736 0.590933
0 0.764736 0.575782 0.788266 0.590933
0 0.811797 0.575782 0.835327 0.590933
0 0.835327 0.575782 0.858857 0.590933
0 0.858857 0.575782 0.882388 0.590933
0 0.882388 0.575782 0.905918 0.590933
0 0.741206 0.590933 0.764736 0.606084
0 0.764736 0.590933 0.788266 0.606084
0 0.811797 0.590933 0.835327 0.606084
0 0.835327 0.590933 0.858857 0.606084
0 0.858857 0.590933 0.882388 0.606084
0 0.882388 0.590933 0.905918 0.606084
0 0.454266 0.608608 0.467339 0.618709
0 0.788266 0.606084 0.929448 0.621235
0 0.788266 0.636389 0.941213 0.651540
0 0.788266 0.651540 0.941213 0.666691
0 0.788266 0.666695 0.941213 0.681846
0 0.788266 0.681846 0.941213 0.696997
0 0.232357 0.712151 0.741206 0.727302
0 0.788266 0.712151 0.941213 0.727302
0 0.788266 0.727302 0.941213 0.742453
0 0.788266 0.757608 0.941213 0.772758
0 0.608589 0.774449 0.621662 0.784551
0 0.248033 0.787909 0.741206 0.803060
0 0.248033 0.803064 0.529433 0.818215
0 0.788266 0.818215 0.941213 0.833366
0 0.788266 0.833366 0.941213 0.848517
0 0.788266 0.848520 0.941213 0.863671
0 0.788266 0.863671 0.941213 0.878822
0 0.788266 0.878822 0.941213 0.893973
0 0.788266 0.893977 0.941213 0.909128
0 0.788266 0.909128 0.941213 0.924279
0 0.788266 0.924279 0.941213 0.939429
