0 0.135309 0.060607 0.576493 0.075758
0 0.810832 0.060607 0.941213 0.075758
0 0.831405 0.151519 0.851014 0.166671
0 0.898728 0.151519 0.918337 0.166671
0 0.831405 0.166673 0.851014 0.181826
0 0.898728 0.166673 0.918337 0.181826
0 0.831405 0.196978 0.851014 0.212130
0 0.898728 0.196978 0.918337 0.212130
0 0.831405 0.234858 0.851014 0.250010
0 0.898728 0.234858 0.918337 0.250010
0 0.352955 0.272738 0.764736 0.287889
0 0.831405 0.265164 0.851014 0.280316
0 0.898728 0.265164 0.918337 0.280316
0 0.831405 0.295465 0.851014 0.310617
0 0.898728 0.295465 0.918337 0.310617
0 0.831405 0.325771 0.851014 0.340923
0 0.898728 0.325771 0.918337 0.340923
0 0.831405 0.348499 0.851014 0.363651
0 0.898728 0.348499 0.918337 0.363651
0 0.831405 0.363650 0.851014 0.378802
0 0.898728 0.363650 0.918337 0.378802
0 0.463752 0.378802 0.764736 0.393953
0 0.811797 0.439413 0.941213 0.454564
0 0.811797 0.454564 0.941213 0.469715
0 0.811797 0.469715 0.941213 0.484866
0 0.811797 0.484869 0.941213 0.500020
0 0.152947 0.500020 0.447076 0.512646
0 0.811797 0.500020 0.941213 0.515171
0 0.331386 0.530326 0.941213 0.545477
0 0.318313 0.545477 0.941213 0.560627
0 0.350994 0.560627 0.941213 0.575778
0 0.334654 0.575782 0.941213 0.590933
0 0.334654 0.590933 0.941213 0.606084
0 0.318313 0.606084 0.941213 0.621235
0 0.350994 0.621238 0.941213 0.636389
0 0.326483 0.636389 0.941213 0.651540
0 0.334654 0.651540 0.941213 0.666691
0 0.310143 0.666695 0.941213 0.681846
