0 0.058826 0.015151 0.200545 0.036627
0 0.058826 0.133845 0.704276 0.151524
0 0.707544 0.133845 0.941213 0.151524
0 0.060460 0.164147 0.705910 0.181826
0 0.776501 0.166675 0.854934 0.181826
0 0.058826 0.318195 0.234078 0.333346
0 0.235303 0.318195 0.410555 0.333346
0 0.411781 0.318195 0.587033 0.333346
0 0.588258 0.318195 0.763510 0.333346
0 0.764736 0.318195 0.941213 0.333346
0 0.058826 0.333346 0.234078 0.348496
0 0.235303 0.333346 0.410555 0.348496
0 0.411781 0.333346 0.587033 0.348496
0 0.588258 0.333346 0.763510 0.348496
0 0.764736 0.333346 0.941213 0.348496
0 0.058826 0.348496 0.234078 0.363647
0 0.235303 0.348496 0.410555 0.363647
0 0.411781 0.348496 0.587033 0.363647
0 0.588258 0.348496 0.763510 0.363647
0 0.764736 0.348496 0.941213 0.363647
0 0.058826 0.363647 0.234078 0.378798
0 0.235303 0.363647 0.410555 0.378798
0 0.411781 0.363647 0.587033 0.378798
0 0.588258 0.363647 0.763510 0.378798
0 0.764736 0.363647 0.941213 0.378798
0 0.058826 0.378798 0.234078 0.393949
0 0.235303 0.378798 0.410555 0.393949
0 0.411781 0.378798 0.587033 0.393949
0 0.588258 0.378798 0.763510 0.393949
0 0.764736 0.378798 0.941213 0.393949
0 0.058826 0.393949 0.234078 0.409100
0 0.235303 0.393949 0.410555 0.409100
0 0.411781 0.393949 0.587033 0.409100
0 0.588258 0.393949 0.763510 0.409100
0 0.764736 0.393949 0.941213 0.409100
0 0.058826 0.409100 0.234078 0.424251
0 0.235303 0.409100 0.410555 0.424251
0 0.411781 0.409100 0.587033 0.424251
0 0.588258 0.409100 0.763510 0.424251
0 0.764736 0.409100 0.941213 0.424251
0 0.058826 0.424251 0.234078 0.439402
0 0.235303 0.424251 0.410555 0.439402
0 0.411781 0.424251 0.587033 0.439402
0 0.588258 0.424251 0.763510 0.439402
0 0.764736 0.424251 0.941213 0.439402
0 0.058826 0.439402 0.234078 0.454552
0 0.235303 0.439402 0.410555 0.454552
0 0.411781 0.439402 0.587033 0.454552
0 0.588258 0.439402 0.763510 0.454552
0 0.764736 0.439402 0.941213 0.454552
0 0.058826 0.454552 0.234078 0.469703
0 0.235303 0.454552 0.410555 0.469703
0 0.411781 0.454552 0.587033 0.469703
0 0.588258 0.454552 0.763510 0.469703
0 0.764736 0.454552 0.941213 0.469703
0 0.058826 0.469703 0.234078 0.484854
0 0.235303 0.469703 0.410555 0.484854
0 0.411781 0.469703 0.587033 0.484854
0 0.588258 0.469703 0.763510 0.484854
0 0.764736 0.469703 0.941213 0.484854
0 0.058826 0.484854 0.234078 0.500005
0 0.235303 0.484854 0.410555 0.500005
0 0.411781 0.484854 0.587033 0.500005
0 0.588258 0.484854 0.763510 0.500005
0 0.764736 0.484854 0.941213 0.500005
0 0.058826 0.500005 0.234078 0.515156
0 0.235303 0.500005 0.410555 0.515156
0 0.411781 0.500005 0.587033 0.515156
0 0.588258 0.500005 0.763510 0.515156
0 0.764736 0.500005 0.941213 0.515156
0 0.058826 0.515156 0.234078 0.530307
0 0.235303 0.515156 0.410555 0.530307
0 0.411781 0.515156 0.587033 0.530307
0 0.588258 0.515156 0.763510 0.530307
0 0.764736 0.515156 0.941213 0.530307
0 0.058826 0.530307 0.234078 0.545458
0 0.235303 0.530307 0.410555 0.545458
0 0.411781 0.530307 0.587033 0.545458
0 0.588258 0.530307 0.763510 0.545458
0 0.764736 0.530307 0.941213 0.545458
0 0.058826 0.545458 0.234078 0.560609
0 0.235303 0.545458 0.410555 0.560609
0 0.411781 0.545458 0.587033 0.560609
0 0.588258 0.545458 0.763510 0.560609
0 0.764736 0.545458 0.941213 0.560609
0 0.058826 0.560609 0.234078 0.575759
0 0.235303 0.560609 0.410555 0.575759
0 0.411781 0.560609 0.587033 0.575759
0 0.588258 0.560609 0.763510 0.575759
0 0.764736 0.560609 0.941213 0.575759
0 0.058826 0.575759 0.234078 0.590910
0 0.235303 0.575759 0.410555 0.590910
0 0.411781 0.575759 0.587033 0.590910
0 0.588258 0.575759 0.763510 0.590910
0 0.764736 0.575759 0.941213 0.590910
0 0.058826 0.590910 0.234078 0.606061
0 0.235303 0.590910 0.410555 0.606061
0 0.411781 0.590910 0.587033 0.606061
0 0.588258 0.590910 0.763510 0.606061
0 0.764736 0.590910 0.941213 0.606061
0 0.058826 0.606061 0.234078 0.621212
0 0.235303 0.606061 0.410555 0.621212
0 0.411781 0.606061 0.587033 0.621212
0 0.588258 0.606061 0.763510 0.621212
0 0.764736 0.606061 0.941213 0.621212
0 0.058826 0.621212 0.234078 0.636363
0 0.235303 0.621212 0.410555 0.636363
0 0.411781 0.621212 0.587033 0.636363
0 0.588258 0.621212 0.763510 0.636363
0 0.764736 0.621212 0.941213 0.636363
0 0.058826 0.636363 0.234078 0.651514
0 0.235303 0.636363 0.410555 0.651514
0 0.411781 0.636363 0.587033 0.651514
0 0.588258 0.636363 0.763510 0.651514
0 0.764736 0.636363 0.941213 0.651514
0 0.058826 0.651514 0.234078 0.666665
0 0.235303 0.651514 0.410555 0.666665
0 0.411781 0.651514 0.587033 0.666665
0 0.588258 0.651514 0.763510 0.666665
0 0.764736 0.651514 0.941213 0.666665
0 0.058826 0.666665 0.234078 0.681815
0 0.235303 0.666665 0.410555 0.681815
0 0.411781 0.666665 0.587033 0.681815
0 0.588258 0.666665 0.763510 0.681815
0 0.764736 0.666665 0.941213 0.681815
0 0.058826 0.681815 0.234078 0.696966
0 0.235303 0.681815 0.410555 0.696966
0 0.411781 0.681815 0.587033 0.696966
0 0.588258 0.681815 0.763510 0.696966
0 0.764736 0.681815 0.941213 0.696966
0 0.800031 0.696997 0.941213 0.712148
0 0.800031 0.712148 0.941213 0.727298
0 0.800031 0.727298 0.941213 0.742449
