0 0.811797 0.075762 0.941213 0.090913
0 0.811797 0.106064 0.941213 0.121215
0 0.485800 0.121218 0.694145 0.136369
0 0.358328 0.136369 0.694145 0.151520
0 0.811797 0.166675 0.941213 0.181826
0 0.687935 0.184350 0.701008 0.194451
0 0.486620 0.196976 0.788266 0.212127
0 0.458841 0.212131 0.788266 0.227282
0 0.473571 0.227282 0.788266 0.242433
0 0.922912 0.244957 0.935984 0.255058
0 0.922912 0.260112 0.935984 0.270213
0 0.435965 0.275262 0.449037 0.285364
0 0.285632 0.287889 0.588258 0.303040
0 0.220270 0.303044 0.588258 0.318195
0 0.220270 0.318195 0.588258 0.333346
0 0.922912 0.335870 0.935984 0.345971
0 0.922912 0.366175 0.935984 0.376277
0 0.922912 0.381326 0.935984 0.391427
0 0.662771 0.396481 0.675843 0.406582
0 0.527472 0.409107 0.776501 0.424258
0 0.527472 0.424258 0.776501 0.439409
0 0.658849 0.484869 0.941213 0.500024
0 0.154581 0.530323 0.387025 0.545477
0 0.786761 0.519590 0.799834 0.529692
0 0.823562 0.530323 0.941213 0.545477
0 0.250990 0.545477 0.704684 0.560627
0 0.250990 0.560627 0.704684 0.575778
0 0.782710 0.545477 0.941213 0.560627
0 0.771272 0.560627 0.941213 0.575778
