0 0.058824 0.090908 0.941176 0.106058
0 0.058824 0.121208 0.941176 0.136358
0 0.058824 0.151512 0.941176 0.166662
0 0.058824 0.181816 0.941176 0.196966
0 0.058824 0.212117 0.941176 0.227267
0 0.058824 0.242421 0.941176 0.257571
0 0.058824 0.272725 0.941176 0.287875
0 0.058824 0.303025 0.941176 0.318175
0 0.058824 0.333329 0.941176 0.348479
0 0.058824 0.363633 0.941176 0.378783
0 0.058824 0.393933 0.941176 0.409083
0 0.058824 0.424237 0.941176 0.439387
0 0.058824 0.454541 0.941176 0.469691
0 0.058824 0.484841 0.941176 0.499991
0 0.058824 0.515145 0.941176 0.530295
0 0.058824 0.545449 0.941176 0.560599
0 0.058824 0.575749 0.941176 0.590899
0 0.058824 0.606053 0.941176 0.621203
0 0.058824 0.636357 0.941176 0.651507
0 0.058824 0.666657 0.941176 0.681808
0 0.058824 0.696961 0.941176 0.712111
0 0.058824 0.727265 0.941176 0.742416
0 0.058824 0.757566 0.941176 0.772716
0 0.058824 0.787870 0.941176 0.803020
0 0.058824 0.818174 0.941176 0.833324
0 0.058824 0.848474 0.941176 0.863624
0 0.058824 0.878778 0.941176 0.893928
0 0.058824 0.909082 0.941176 0.924232
0 0.058824 0.939386 0.941176 0.954536
