0 0.058824 0.133838 0.692892 0.151516
0 0.694118 0.133838 0.941176 0.151516
0 0.129412 0.184340 0.142484 0.194441
0 0.129412 0.199490 0.142484 0.209591
0 0.129412 0.237371 0.142484 0.247472
0 0.129412 0.252521 0.142484 0.262622
0 0.129412 0.297976 0.142484 0.308076
0 0.876471 0.348481 0.896078 0.363633
0 0.911765 0.348481 0.931373 0.363633
0 0.876471 0.378782 0.896078 0.393933
0 0.911765 0.378782 0.931373 0.393933
0 0.876471 0.409086 0.896078 0.424237
0 0.911765 0.409086 0.931373 0.424237
0 0.876471 0.454540 0.896078 0.469691
0 0.911765 0.454540 0.931373 0.469691
0 0.876471 0.568175 0.896078 0.583326
0 0.911765 0.568175 0.931373 0.583326
0 0.129412 0.608577 0.142484 0.618678
0 0.317647 0.608577 0.330719 0.618678
0 0.470588 0.608577 0.483660 0.618678
0 0.576471 0.608577 0.589542 0.618678
0 0.682353 0.608577 0.695425 0.618678
0 0.800000 0.608577 0.813072 0.618678
0 0.082353 0.636358 0.458824 0.651511
0 0.082353 0.666659 0.457598 0.712111
0 0.482353 0.636358 0.941176 0.651511
0 0.611765 0.666661 0.642484 0.681811
0 0.658824 0.666661 0.689542 0.681811
0 0.705882 0.666661 0.764706 0.681811
0 0.788235 0.666661 0.818954 0.681811
0 0.835294 0.666661 0.866013 0.681811
0 0.882353 0.666661 0.941176 0.681811
0 0.611765 0.696961 0.642484 0.712111
0 0.658824 0.696961 0.689542 0.712111
0 0.705882 0.696961 0.764706 0.712111
0 0.788235 0.696961 0.818954 0.712111
0 0.835294 0.696961 0.866013 0.712111
0 0.882353 0.696961 0.941176 0.712111
0 0.094118 0.787870 0.363480 0.825747
0 0.377778 0.795444 0.407190 0.818171
0 0.436601 0.795444 0.466013 0.818171
0 0.482353 0.810597 0.634069 0.825747
0 0.635294 0.810597 0.787010 0.825747
0 0.788235 0.810597 0.939951 0.825747
0 0.094118 0.825747 0.363480 0.863624
0 0.377778 0.833321 0.407190 0.856048
0 0.436601 0.833321 0.466013 0.856048
0 0.482353 0.848474 0.634069 0.863624
0 0.635294 0.848474 0.787010 0.863624
0 0.788235 0.848474 0.939951 0.863624
0 0.094118 0.863624 0.363480 0.901501
0 0.377778 0.871198 0.407190 0.893925
0 0.436601 0.871198 0.466013 0.893925
0 0.482353 0.886351 0.634069 0.901501
0 0.635294 0.886351 0.787010 0.901501
0 0.788235 0.886351 0.939951 0.901501
0 0.094118 0.901501 0.363480 0.939378
0 0.377778 0.909075 0.407190 0.931802
0 0.436601 0.909075 0.466013 0.931802
0 0.482353 0.924228 0.634069 0.939378
0 0.635294 0.924228 0.787010 0.939378
0 0.788235 0.924228 0.939951 0.939378
