0 0.058824 0.075759 0.941176 0.106063
0 0.058824 0.106059 0.941176 0.136364
0 0.058824 0.136364 0.941176 0.166668
0 0.058824 0.166668 0.941176 0.196972
0 0.058824 0.196968 0.941176 0.227273
0 0.058824 0.227273 0.941176 0.257577
0 0.058824 0.257577 0.941176 0.287881
0 0.058824 0.287878 0.941176 0.318182
0 0.058824 0.318182 0.941176 0.348486
0 0.058824 0.348486 0.941176 0.378790
0 0.058824 0.378787 0.941176 0.409091
0 0.058824 0.409091 0.941176 0.439395
0 0.058824 0.439395 0.941176 0.469700
0 0.058824 0.469696 0.941176 0.500000
0 0.058824 0.500000 0.941176 0.530304
0 0.058824 0.530304 0.941176 0.560609
0 0.058824 0.560605 0.941176 0.590909
0 0.058824 0.590909 0.941176 0.621213
0 0.058824 0.621213 0.941176 0.651518
0 0.058824 0.651514 0.941176 0.681818
0 0.058824 0.681818 0.941176 0.712122
0 0.058824 0.712122 0.941176 0.742427
0 0.058824 0.742423 0.941176 0.772727
0 0.058824 0.772727 0.941176 0.803032
0 0.058824 0.803032 0.941176 0.833336
0 0.058824 0.833332 0.941176 0.863636
0 0.058824 0.863636 0.941176 0.893941
