0 0.058826 0.133845 0.717675 0.151524
0 0.717675 0.133845 0.941213 0.151524
0 0.235303 0.166675 0.941213 0.181826
0 0.333346 0.181826 0.941213 0.196976
0 0.333346 0.196976 0.941213 0.212127
0 0.082356 0.257587 0.247069 0.287889
0 0.247069 0.257587 0.352955 0.287889
0 0.352955 0.257587 0.705910 0.272738
0 0.352955 0.272738 0.705910 0.287889
0 0.705910 0.257587 0.788266 0.287889
0 0.788266 0.257587 0.823562 0.287889
0 0.823562 0.257587 0.941213 0.287889
0 0.082356 0.287889 0.247069 0.318195
0 0.247069 0.287889 0.352955 0.318195
0 0.352955 0.287889 0.705910 0.303040
0 0.352955 0.303040 0.705910 0.318191
0 0.705910 0.287889 0.788266 0.318195
0 0.788266 0.287889 0.823562 0.318195
0 0.823562 0.287889 0.941213 0.318195
0 0.082356 0.318195 0.247069 0.348496
0 0.247069 0.318195 0.352955 0.348496
0 0.352955 0.318195 0.705910 0.333346
0 0.352955 0.333346 0.705910 0.348496
0 0.705910 0.318195 0.788266 0.348496
0 0.788266 0.318195 0.823562 0.348496
0 0.823562 0.318195 0.941213 0.348496
0 0.082356 0.348496 0.247069 0.378802
0 0.247069 0.348496 0.352955 0.378802
0 0.352955 0.348496 0.705910 0.363647
0 0.352955 0.363647 0.705910 0.378798
0 0.705910 0.348496 0.788266 0.378802
0 0.788266 0.348496 0.823562 0.378802
0 0.823562 0.348496 0.941213 0.378802
0 0.082356 0.378802 0.247069 0.409107
0 0.247069 0.378802 0.352955 0.409107
0 0.352955 0.378802 0.705910 0.393953
0 0.352955 0.393953 0.705910 0.409104
0 0.705910 0.378802 0.788266 0.409107
0 0.788266 0.378802 0.823562 0.409107
0 0.823562 0.378802 0.941213 0.409107
0 0.082356 0.409107 0.247069 0.439413
0 0.247069 0.409107 0.352955 0.439413
0 0.352955 0.409107 0.705910 0.424258
0 0.352955 0.424262 0.705910 0.439413
0 0.705910 0.409107 0.788266 0.439413
0 0.788266 0.409107 0.823562 0.439413
0 0.823562 0.409107 0.941213 0.439413
0 0.082356 0.469718 0.941213 0.484869
0 0.058826 0.484869 0.941213 0.500020
0 0.058826 0.500020 0.941213 0.515171
0 0.082356 0.515175 0.941213 0.530326
0 0.058826 0.530326 0.941213 0.545477
0 0.058826 0.545477 0.941213 0.560627
0 0.082356 0.560631 0.941213 0.575782
0 0.058826 0.575782 0.941213 0.590933
0 0.058826 0.590933 0.941213 0.606084
0 0.082356 0.606088 0.941213 0.621238
0 0.058826 0.621238 0.941213 0.636389
0 0.058826 0.636389 0.941213 0.651540
0 0.082356 0.651544 0.941213 0.666695
0 0.058826 0.666695 0.941213 0.681846
0 0.058826 0.681846 0.941213 0.696997
0 0.082356 0.697000 0.941213 0.712151
0 0.058826 0.712151 0.941213 0.727302
0 0.058826 0.727302 0.941213 0.742453
0 0.058826 0.848520 0.458841 0.939433
0 0.482354 0.848520 0.941213 0.863671
0 0.505902 0.878822 0.548388 0.893973
0 0.564728 0.878822 0.607213 0.893973
0 0.623554 0.878822 0.670615 0.893973
0 0.752971 0.878822 0.804922 0.893973
0 0.823562 0.878822 0.877812 0.893973
0 0.894153 0.878822 0.941213 0.893973
0 0.482372 0.924282 0.941213 0.939433
