0 0.623554 0.106064 0.763510 0.121215
0 0.635319 0.121218 0.763510 0.136369
0 0.635319 0.136369 0.763510 0.151520
0 0.811797 0.159097 0.941213 0.174248
0 0.811797 0.181826 0.941213 0.196976
0 0.635319 0.227282 0.763510 0.242433
0 0.811797 0.250010 0.941213 0.265161
0 0.635319 0.295466 0.763510 0.310617
0 0.563421 0.313141 0.576493 0.323243
0 0.635319 0.310617 0.763510 0.325768
0 0.811797 0.333346 0.941213 0.348496
0 0.552963 0.393957 0.811797 0.409111
0 0.142816 0.436885 0.375260 0.454564
0 0.800438 0.428045 0.813511 0.438147
0 0.835327 0.436885 0.941213 0.454564
0 0.216348 0.454564 0.704684 0.469715
0 0.229421 0.469715 0.704684 0.484866
0 0.771272 0.454564 0.941213 0.469715
0 0.769638 0.469715 0.941213 0.484866
