0 0.916376 0.108588 0.929448 0.118689
0 0.105887 0.212129 0.657624 0.227282
0 0.658849 0.212129 0.941213 0.227282
0 0.105887 0.242434 0.941213 0.257587
0 0.105887 0.272740 0.657624 0.287893
0 0.658849 0.272740 0.941213 0.287893
0 0.105887 0.318195 0.941213 0.333346
0 0.105887 0.333346 0.941213 0.348496
0 0.105887 0.348500 0.941213 0.363651
0 0.105887 0.363651 0.941213 0.378802
0 0.105887 0.378802 0.941213 0.393953
0 0.105887 0.393957 0.941213 0.409107
0 0.105887 0.409107 0.941213 0.424258
0 0.105887 0.439410 0.364720 0.469715
0 0.364720 0.454563 0.623554 0.469715
0 0.623554 0.439410 0.941213 0.469715
0 0.635319 0.500020 0.763510 0.515171
0 0.635319 0.545477 0.763510 0.560627
0 0.635319 0.560627 0.763510 0.575778
0 0.563421 0.578306 0.576493 0.588408
0 0.635319 0.575782 0.763510 0.590933
0 0.811797 0.598510 0.941213 0.613661
0 0.563421 0.645859 0.576493 0.655961
0 0.635319 0.666695 0.763510 0.681846
0 0.635319 0.719725 0.763510 0.734876
0 0.635319 0.734879 0.763510 0.750030
0 0.635319 0.750030 0.763510 0.765181
0 0.563421 0.767705 0.576493 0.777807
0 0.635319 0.765181 0.763510 0.780332
0 0.811797 0.787909 0.941213 0.803060
0 0.635319 0.833366 0.763510 0.848517
0 0.635319 0.878822 0.763510 0.893973
0 0.563421 0.896501 0.576493 0.906602
0 0.635319 0.893977 0.763510 0.909128
0 0.811797 0.916705 0.941213 0.931856
