0 0.058826 0.118690 0.717675 0.136369
0 0.717675 0.118690 0.941213 0.136369
0 0.058826 0.148996 0.941213 0.166675
0 0.058826 0.179301 0.941213 0.196980
0 0.058826 0.209603 0.717675 0.227282
0 0.717675 0.209603 0.941213 0.227282
0 0.058826 0.239909 0.941213 0.257587
0 0.058826 0.270214 0.941213 0.287893
0 0.252168 0.291045 0.265241 0.301146
0 0.372998 0.291045 0.386071 0.301146
0 0.058826 0.315671 0.717675 0.333349
0 0.717675 0.315671 0.941213 0.333349
0 0.058826 0.345972 0.717675 0.363651
0 0.717675 0.345972 0.941213 0.363651
0 0.058826 0.376278 0.717675 0.393957
0 0.717675 0.376278 0.941213 0.393957
0 0.058826 0.406583 0.941213 0.424262
0 0.411781 0.439413 0.541198 0.454564
0 0.698720 0.439413 0.835327 0.454564
0 0.329425 0.457719 0.342497 0.467821
0 0.552963 0.457719 0.566035 0.467821
0 0.329425 0.472870 0.342497 0.482972
0 0.329425 0.488025 0.342497 0.498126
0 0.552963 0.488025 0.566035 0.498126
0 0.694145 0.488025 0.707217 0.498126
0 0.228114 0.500020 0.541198 0.515171
0 0.105887 0.545477 0.941213 0.560627
0 0.105887 0.560627 0.941213 0.575778
0 0.823562 0.593457 0.836634 0.603558
0 0.894153 0.593457 0.907225 0.603558
0 0.494137 0.606084 0.941213 0.621235
0 0.141182 0.621238 0.941213 0.636389
0 0.823562 0.638913 0.836634 0.649015
0 0.894153 0.638913 0.907225 0.649015
0 0.494137 0.651540 0.941213 0.666691
0 0.141182 0.666695 0.941213 0.681846
0 0.108174 0.715307 0.121247 0.725408
0 0.108174 0.730458 0.121247 0.740559
0 0.108174 0.745608 0.121247 0.755710
0 0.823562 0.760132 0.836634 0.770233
0 0.894153 0.760132 0.907225 0.770233
0 0.823562 0.790433 0.836634 0.800535
0 0.894153 0.790433 0.907225 0.800535
0 0.258834 0.820739 0.271906 0.830840
0 0.364720 0.820739 0.377793 0.830840
0 0.482372 0.820739 0.495444 0.830840
0 0.600024 0.820739 0.613096 0.830840
0 0.717675 0.820739 0.730748 0.830840
0 0.258834 0.835890 0.271906 0.845991
0 0.364720 0.835890 0.377793 0.845991
0 0.847092 0.833366 0.941213 0.848517
0 0.435311 0.909128 0.788266 0.924279
