0 0.058826 0.133841 0.717675 0.151520
0 0.717675 0.133841 0.941213 0.151520
0 0.058826 0.164147 0.941213 0.196976
0 0.058826 0.209603 0.517667 0.227282
0 0.517667 0.209603 0.717675 0.227282
0 0.717675 0.209603 0.941213 0.227282
0 0.058826 0.239905 0.717675 0.257584
0 0.717675 0.239905 0.941213 0.257584
0 0.058826 0.270210 0.941213 0.303040
0 0.058826 0.315667 0.517667 0.333346
0 0.517667 0.315667 0.717675 0.333346
0 0.717675 0.315667 0.941213 0.333346
0 0.058826 0.361127 0.341190 0.393957
0 0.341190 0.361127 0.517667 0.393957
0 0.517667 0.361127 0.717675 0.393957
0 0.717675 0.361127 0.941213 0.393957
0 0.058826 0.411632 0.071898 0.421733
0 0.058826 0.426782 0.071898 0.436884
0 0.223538 0.411632 0.236611 0.421733
0 0.223538 0.426782 0.236611 0.436884
0 0.364720 0.406583 0.600024 0.439413
0 0.600024 0.406583 0.823562 0.439413
0 0.847092 0.396481 0.860164 0.406582
0 0.847092 0.411632 0.860164 0.421733
0 0.058826 0.452040 0.941213 0.484869
0 0.058826 0.497496 0.364720 0.530326
0 0.364720 0.497496 0.505902 0.530326
0 0.505902 0.515185 0.941213 0.530326
0 0.058826 0.545490 0.941213 0.681846
0 0.058826 0.719715 0.941213 0.803064
0 0.494137 0.909128 0.800031 0.924282
0 0.835327 0.909128 0.941213 0.924282
