0 0.143407 0.179298 0.719412 0.196976
0 0.720643 0.181822 0.779712 0.196973
0 0.779712 0.181822 0.945105 0.196973
0 0.143407 0.209603 0.945105 0.227282
0 0.143407 0.239905 0.945105 0.257584
0 0.059069 0.300516 0.720643 0.318195
0 0.720643 0.300516 0.945105 0.318195
0 0.059069 0.330818 0.945105 0.348496
0 0.059069 0.361123 0.945105 0.378802
0 0.059069 0.406580 0.719412 0.424258
0 0.720643 0.409104 0.779712 0.424255
0 0.779712 0.409104 0.945105 0.424255
0 0.059069 0.436885 0.945105 0.454564
0 0.059069 0.467187 0.945105 0.484866
0 0.059069 0.527798 0.719412 0.545477
0 0.720643 0.530322 0.779712 0.545473
0 0.779712 0.530322 0.945105 0.545473
0 0.059069 0.558100 0.945105 0.575778
0 0.059069 0.588405 0.945105 0.606084
0 0.059069 0.618711 0.719412 0.636389
0 0.720643 0.621235 0.779712 0.636386
0 0.779712 0.621235 0.945105 0.636386
0 0.059069 0.649012 0.945105 0.666691
0 0.059069 0.679318 0.945105 0.696997
