0 0.176471 0.053030 0.247059 0.068183
0 0.062092 0.098486 0.410131 0.113636
0 0.413399 0.098486 0.574837 0.113636
0 0.062092 0.126894 0.574837 0.151514
0 0.062092 0.174241 0.410131 0.189391
0 0.413399 0.174241 0.574837 0.189391
0 0.062092 0.202653 0.574837 0.227273
0 0.062092 0.250000 0.410131 0.265150
0 0.413399 0.250000 0.574837 0.265150
0 0.062092 0.278408 0.574837 0.303028
0 0.600000 0.136364 0.705882 0.151514
0 0.591176 0.166668 0.786601 0.180556
0 0.591176 0.196968 0.786601 0.210856
0 0.600000 0.227273 0.705882 0.242423
0 0.591176 0.257577 0.786601 0.272727
0 0.591176 0.287878 0.786601 0.303028
