0 0.058826 0.074497 0.751745 0.090913
0 0.754605 0.074497 0.941213 0.090913
0 0.837941 0.143947 0.941213 0.159097
0 0.815718 0.174248 0.941213 0.189399
0 0.815718 0.189403 0.941213 0.204554
0 0.105887 0.250011 0.941213 0.265165
0 0.105887 0.280313 0.539972 0.295466
0 0.542832 0.280313 0.941213 0.295466
0 0.604272 0.295466 0.941213 0.310617
0 0.752971 0.310617 0.941213 0.325768
0 0.105887 0.325772 0.941213 0.340923
0 0.879283 0.356704 0.897257 0.370593
0 0.914578 0.356704 0.932553 0.370593
0 0.879283 0.409738 0.897257 0.423627
0 0.914578 0.409738 0.932553 0.423627
0 0.879283 0.424888 0.897257 0.438778
0 0.914578 0.424888 0.932553 0.438778
0 0.058826 0.500020 0.941213 0.515171
0 0.211773 0.689423 0.575268 0.704574
0 0.611789 0.689423 0.941213 0.704574
0 0.058826 0.719726 0.751745 0.734879
0 0.752971 0.719726 0.941213 0.734879
0 0.058826 0.750032 0.941213 0.765185
0 0.529433 0.795487 0.905918 0.810638
0 0.835327 0.851044 0.848399 0.861146
0 0.894153 0.851044 0.907225 0.861146
0 0.058826 0.878823 0.516442 0.893977
0 0.517667 0.878823 0.941213 0.893977
0 0.058826 0.909129 0.516442 0.924282
0 0.519301 0.909129 0.941213 0.924282
0 0.519301 0.939431 0.751745 0.954584
