0 0.082697 0.227282 0.400439 0.242433
0 0.082697 0.242433 0.400439 0.257584
0 0.082697 0.257587 0.400439 0.272738
0 0.414468 0.240540 0.439080 0.259480
0 0.461723 0.240540 0.486335 0.259480
0 0.508979 0.240540 0.533591 0.259480
0 0.556234 0.240540 0.580846 0.259480
0 0.590691 0.227282 0.945105 0.242433
0 0.590691 0.242433 0.945105 0.257584
0 0.590691 0.257587 0.945105 0.272738
0 0.082697 0.272738 0.400439 0.287889
0 0.082697 0.287889 0.400439 0.303040
0 0.082697 0.303044 0.400439 0.318195
0 0.414468 0.285996 0.439080 0.304937
0 0.461723 0.285996 0.486335 0.304937
0 0.508979 0.285996 0.533591 0.304937
0 0.556234 0.285996 0.580846 0.304937
0 0.590691 0.272738 0.945105 0.287889
0 0.590691 0.287889 0.945105 0.303040
0 0.590691 0.303044 0.945105 0.318195
0 0.082697 0.318195 0.400439 0.333346
0 0.082697 0.333346 0.400439 0.348496
0 0.082697 0.348500 0.400439 0.363651
0 0.414468 0.331453 0.439080 0.350393
0 0.461723 0.331453 0.486335 0.350393
0 0.508979 0.331453 0.533591 0.350393
0 0.556234 0.331453 0.580846 0.350393
0 0.590691 0.318195 0.945105 0.333346
0 0.590691 0.333346 0.945105 0.348496
0 0.590691 0.348500 0.945105 0.363651
0 0.082697 0.363651 0.400439 0.378802
0 0.082697 0.378802 0.400439 0.393953
0 0.082697 0.393957 0.400439 0.409107
0 0.414468 0.376909 0.439080 0.395849
0 0.461723 0.376909 0.486335 0.395849
0 0.508979 0.376909 0.533591 0.395849
0 0.556234 0.376909 0.580846 0.395849
0 0.590691 0.363651 0.945105 0.378802
0 0.590691 0.378802 0.945105 0.393953
0 0.590691 0.393957 0.945105 0.409107
0 0.378042 0.484868 0.425297 0.500020
0 0.425297 0.484868 0.472553 0.500020
0 0.472553 0.484868 0.519808 0.500020
0 0.519808 0.484868 0.567063 0.500020
0 0.567063 0.484868 0.614318 0.500020
0 0.614318 0.484868 0.661574 0.500020
0 0.661574 0.484868 0.708829 0.500020
0 0.708829 0.484868 0.756084 0.500020
0 0.756084 0.484868 0.803339 0.500020
0 0.803339 0.484868 0.850595 0.500020
0 0.850595 0.484868 0.897850 0.500020
0 0.897850 0.484868 0.945105 0.500020
0 0.378042 0.530324 0.425297 0.545477
0 0.425297 0.530324 0.472553 0.545477
0 0.472553 0.530324 0.519808 0.545477
0 0.519808 0.530324 0.567063 0.545477
0 0.567063 0.530324 0.614318 0.545477
0 0.614318 0.530324 0.661574 0.545477
0 0.661574 0.530324 0.708829 0.545477
0 0.708829 0.530324 0.756084 0.545477
0 0.756084 0.530324 0.803339 0.545477
0 0.803339 0.530324 0.850595 0.545477
0 0.850595 0.530324 0.897850 0.545477
0 0.897850 0.530324 0.945105 0.545477
0 0.378042 0.575781 0.425297 0.590933
0 0.425297 0.575781 0.472553 0.590933
0 0.472553 0.575781 0.519808 0.590933
0 0.519808 0.575781 0.567063 0.590933
0 0.567063 0.575781 0.614318 0.590933
0 0.614318 0.575781 0.661574 0.590933
0 0.661574 0.575781 0.708829 0.590933
0 0.708829 0.575781 0.756084 0.590933
0 0.756084 0.575781 0.803339 0.590933
0 0.803339 0.575781 0.850595 0.590933
0 0.850595 0.575781 0.897850 0.590933
0 0.897850 0.575781 0.945105 0.590933
0 0.394450 0.606085 0.519808 0.621237
0 0.536216 0.606085 0.661574 0.621237
0 0.677982 0.606085 0.803339 0.621237
0 0.819747 0.606085 0.945105 0.621237
0 0.460739 0.757608 0.661574 0.772762
0 0.460739 0.848520 0.661574 0.863675
0 0.153580 0.878822 0.945105 0.893977
