0 0.058820 0.118684 0.551687 0.136362
0 0.554546 0.118684 0.739912 0.136362
0 0.742772 0.118684 0.941127 0.136362
0 0.058820 0.148988 0.941127 0.166666
0 0.058820 0.179292 0.941127 0.196970
0 0.058820 0.239897 0.739912 0.257574
0 0.742772 0.239897 0.941127 0.257574
0 0.058820 0.270201 0.941127 0.287878
0 0.058820 0.300501 0.941127 0.318179
0 0.258156 0.320703 0.271228 0.330804
0 0.058820 0.376259 0.739912 0.393937
0 0.742772 0.376259 0.941127 0.393937
0 0.058820 0.406563 0.941127 0.424241
0 0.058820 0.436863 0.941127 0.454541
0 0.058820 0.558075 0.739912 0.575753
0 0.742772 0.558075 0.941127 0.575753
0 0.058820 0.588379 0.941127 0.606057
0 0.058820 0.618679 0.941127 0.636357
0 0.058820 0.679287 0.739912 0.696965
0 0.742772 0.679287 0.941127 0.696965
0 0.058820 0.709588 0.941127 0.727265
0 0.058820 0.739892 0.941127 0.757569
0 0.411743 0.780296 0.457492 0.795447
0 0.470564 0.780296 0.516313 0.795447
0 0.529384 0.780296 0.589479 0.795447
0 0.184304 0.843425 0.197375 0.853526
0 0.184304 0.873729 0.197375 0.883829
0 0.184304 0.904029 0.197375 0.914130
0 0.184304 0.934333 0.197375 0.944434
