0 0.329395 0.151512 0.469338 0.166662
0 0.470564 0.151512 0.610507 0.166662
0 0.611733 0.151512 0.752902 0.166662
0 0.752902 0.151512 0.892846 0.166662
0 0.329395 0.166662 0.469338 0.181813
0 0.470564 0.166662 0.610507 0.181813
0 0.611733 0.166662 0.752902 0.181813
0 0.752902 0.166662 0.892846 0.181813
0 0.329395 0.181813 0.469338 0.196963
0 0.470564 0.181813 0.610507 0.196963
0 0.611733 0.181813 0.752902 0.196963
0 0.752902 0.181813 0.892846 0.196963
0 0.741138 0.242421 0.786887 0.257571
0 0.799958 0.242421 0.845707 0.257571
0 0.858779 0.242421 0.941127 0.257571
