0 0.058826 0.133845 0.470607 0.151524
0 0.472241 0.133845 0.658849 0.151524
0 0.658849 0.133845 0.729440 0.151524
0 0.729594 0.133845 0.941367 0.151524
0 0.058826 0.164147 0.623554 0.181826
0 0.752971 0.164147 0.941213 0.181826
0 0.058826 0.194452 0.317659 0.212131
0 0.317659 0.194452 0.388251 0.212131
0 0.388251 0.194452 0.494137 0.212131
0 0.495771 0.194452 0.658849 0.212131
0 0.660483 0.194452 0.941213 0.212131
0 0.328117 0.212131 0.670615 0.227282
0 0.776501 0.212131 0.941213 0.227282
0 0.305241 0.227282 0.670615 0.242433
0 0.058826 0.270214 0.470607 0.287893
0 0.470607 0.270214 0.658849 0.287893
0 0.658849 0.270214 0.729440 0.287893
0 0.729440 0.270214 0.941213 0.287893
0 0.058826 0.300516 0.623554 0.318195
0 0.752971 0.300703 0.941213 0.318195
0 0.058826 0.330821 0.317659 0.348500
0 0.317659 0.330821 0.388251 0.348500
0 0.388251 0.330821 0.494137 0.348500
0 0.495771 0.330821 0.658849 0.348500
0 0.660483 0.330821 0.941213 0.348500
0 0.328117 0.348500 0.670615 0.363651
0 0.776501 0.348500 0.941213 0.363651
0 0.305241 0.363651 0.670615 0.378802
0 0.058826 0.421734 0.458841 0.439413
0 0.460476 0.421734 0.658849 0.439413
0 0.658849 0.421734 0.729440 0.439413
0 0.729440 0.421734 0.941213 0.439413
0 0.058826 0.452040 0.729440 0.469718
0 0.729440 0.452040 0.941213 0.469718
0 0.058826 0.482341 0.658849 0.500020
0 0.660483 0.482341 0.941213 0.500020
0 0.058826 0.512647 0.376485 0.530326
0 0.376485 0.512647 0.447076 0.530326
0 0.447076 0.512647 0.552963 0.530326
0 0.554597 0.512647 0.941213 0.530326
0 0.316352 0.530326 0.670615 0.545477
0 0.776501 0.530326 0.941213 0.545477
0 0.293476 0.545477 0.670615 0.560627
0 0.058826 0.588409 0.458841 0.606088
0 0.460476 0.588409 0.658849 0.606088
0 0.658849 0.588409 0.729440 0.606088
0 0.729440 0.588409 0.941213 0.606088
0 0.058826 0.618711 0.729440 0.636389
0 0.729440 0.618711 0.941213 0.636389
0 0.058826 0.649016 0.658849 0.666695
0 0.660483 0.649016 0.941213 0.666695
0 0.058826 0.679322 0.376485 0.697000
0 0.376485 0.679322 0.447076 0.697000
0 0.447076 0.679322 0.552963 0.697000
0 0.554597 0.679322 0.941213 0.697000
0 0.316352 0.696997 0.670615 0.712148
0 0.776501 0.696997 0.941213 0.712148
0 0.293476 0.712151 0.670615 0.727302
0 0.058826 0.742453 0.941213 0.757604
0 0.058826 0.757608 0.941213 0.772758
0 0.058826 0.772758 0.941213 0.787909
0 0.058826 0.787909 0.941213 0.803060
0 0.058826 0.803064 0.941213 0.818215
0 0.058826 0.818215 0.941213 0.833366
