0 0.108689 0.182837 0.134833 0.203039
0 0.232873 0.182837 0.259016 0.203039
0 0.232873 0.354554 0.259016 0.374756
0 0.334180 0.354554 0.360324 0.374756
0 0.790062 0.369706 0.938755 0.387383
0 0.234507 0.418948 0.260650 0.439150
0 0.334180 0.418948 0.360324 0.439150
0 0.790062 0.434100 0.940389 0.450514
0 0.234507 0.483342 0.260650 0.503544
0 0.334180 0.483342 0.360324 0.503544
0 0.437121 0.483342 0.463265 0.503544
0 0.790062 0.498494 0.938755 0.514908
0 0.058036 0.533847 0.940389 0.580564
0 0.234507 0.607080 0.260650 0.627282
0 0.334180 0.607080 0.360324 0.627282
0 0.790062 0.624756 0.937121 0.641170
0 0.058036 0.661372 0.937121 0.708090
0 0.058036 0.788898 0.492676 0.806575
0 0.504114 0.788898 0.938755 0.806575
