0 0.521589 0.077884 0.647084 0.091773
0 0.058826 0.133845 0.705910 0.151524
0 0.705910 0.133845 0.941213 0.151524
0 0.058826 0.164147 0.847092 0.181826
0 0.847092 0.164147 0.941213 0.181826
0 0.058826 0.194452 0.941213 0.212131
0 0.058826 0.239909 0.705910 0.257587
0 0.705910 0.239909 0.941213 0.257587
0 0.058826 0.270214 0.611789 0.287893
0 0.611789 0.270214 0.705910 0.287893
0 0.705910 0.270214 0.941213 0.287893
0 0.058826 0.300516 0.705910 0.318195
0 0.705910 0.300516 0.941213 0.318195
0 0.070591 0.378802 0.329425 0.409107
0 0.329425 0.378802 0.705910 0.409107
0 0.705910 0.378802 0.941213 0.409107
0 0.070591 0.409107 0.329425 0.439413
0 0.329425 0.409107 0.705910 0.439413
0 0.705910 0.409107 0.941213 0.439413
0 0.070591 0.439413 0.329425 0.469718
0 0.329425 0.439413 0.705910 0.469718
0 0.705910 0.439413 0.941213 0.469718
0 0.070591 0.469718 0.329425 0.500024
0 0.329425 0.469718 0.705910 0.500024
0 0.705910 0.469718 0.941213 0.500024
0 0.070591 0.500024 0.329425 0.530330
0 0.329425 0.500024 0.705910 0.530330
0 0.705910 0.500024 0.941213 0.530330
0 0.070591 0.606084 0.282364 0.636389
0 0.282364 0.606084 0.494137 0.636389
0 0.494137 0.606084 0.705910 0.636389
0 0.705910 0.606084 0.941213 0.636389
0 0.070591 0.636389 0.282364 0.666695
0 0.282364 0.636389 0.494137 0.666695
0 0.494137 0.636389 0.705910 0.666695
0 0.705910 0.636389 0.941213 0.666695
0 0.070591 0.666695 0.282364 0.697000
0 0.282364 0.666695 0.494137 0.697000
0 0.494137 0.666695 0.705910 0.697000
0 0.705910 0.666695 0.941213 0.697000
0 0.070591 0.697000 0.282364 0.727306
0 0.282364 0.697000 0.494137 0.727306
0 0.494137 0.697000 0.705910 0.727306
0 0.705910 0.697000 0.941213 0.727306
0 0.070591 0.727306 0.282364 0.757611
0 0.282364 0.727306 0.494137 0.757611
0 0.494137 0.727306 0.705910 0.757611
0 0.705910 0.727306 0.941213 0.757611
0 0.705910 0.772760 0.941213 0.787913
0 0.611789 0.833366 0.941213 0.848517
0 0.141182 0.878823 0.388251 0.893977
0 0.787578 0.870616 0.800651 0.880717
0 0.826830 0.878823 0.941213 0.893977
0 0.247069 0.893977 0.705910 0.909128
0 0.247069 0.909128 0.705910 0.924279
0 0.788266 0.893977 0.941213 0.909128
0 0.776501 0.909128 0.941213 0.924279
