0 0.419868 0.113635 0.941176 0.128787
0 0.058824 0.156567 0.692892 0.174245
0 0.694118 0.156567 0.941176 0.174245
0 0.058824 0.186867 0.528186 0.204545
0 0.529412 0.186867 0.694118 0.204545
0 0.717647 0.189395 0.783007 0.204545
0 0.058824 0.217172 0.941176 0.234850
0 0.800000 0.280304 0.941176 0.295455
0 0.623529 0.310605 0.763480 0.325755
0 0.623529 0.340909 0.763480 0.356059
0 0.623529 0.371213 0.763480 0.386364
0 0.800000 0.386364 0.941176 0.401514
0 0.800000 0.401514 0.941176 0.416664
0 0.800000 0.431818 0.941176 0.446968
0 0.800000 0.446968 0.941176 0.462119
0 0.800000 0.462122 0.941176 0.477273
0 0.800000 0.492423 0.941176 0.507573
0 0.800000 0.507577 0.941176 0.522727
0 0.800000 0.522727 0.941176 0.537878
0 0.800000 0.537878 0.941176 0.553028
0 0.800000 0.553032 0.941176 0.568182
0 0.800000 0.568182 0.941176 0.583332
0 0.800000 0.583332 0.941176 0.598482
0 0.800000 0.598486 0.941176 0.613636
0 0.800000 0.613636 0.941176 0.628787
0 0.800000 0.628787 0.941176 0.643937
0 0.800000 0.643941 0.941176 0.659091
0 0.800000 0.659091 0.941176 0.674241
0 0.800000 0.674241 0.941176 0.689391
0 0.800000 0.704545 0.941176 0.719696
0 0.800000 0.719696 0.941176 0.734846
0 0.800000 0.734850 0.941176 0.750000
0 0.800000 0.750000 0.941176 0.765150
0 0.647059 0.780304 0.941176 0.810607
