0 0.517667 0.121220 0.657624 0.136373
0 0.658849 0.121220 0.798806 0.136373
0 0.800031 0.121220 0.941213 0.136373
0 0.517667 0.151525 0.657624 0.166678
0 0.658849 0.151525 0.798806 0.166678
0 0.800031 0.151525 0.941213 0.166678
0 0.517667 0.181831 0.657624 0.196984
0 0.658849 0.181831 0.798806 0.196984
0 0.800031 0.181831 0.941213 0.196984
0 0.517667 0.212136 0.657624 0.227290
0 0.658849 0.212136 0.798806 0.227290
0 0.800031 0.212136 0.941213 0.227290
0 0.517667 0.242442 0.657624 0.257595
0 0.658849 0.242442 0.798806 0.257595
0 0.800031 0.242442 0.941213 0.257595
0 0.517667 0.272747 0.657624 0.287901
0 0.658849 0.272747 0.798806 0.287901
0 0.800031 0.272747 0.941213 0.287901
0 0.517667 0.303053 0.657624 0.318206
0 0.658849 0.303053 0.798806 0.318206
0 0.800031 0.303053 0.941213 0.318206
0 0.517667 0.333358 0.657624 0.348512
0 0.658849 0.333358 0.798806 0.348512
0 0.800031 0.333358 0.941213 0.348512
0 0.517667 0.363664 0.657624 0.378817
0 0.658849 0.363664 0.798806 0.378817
0 0.800031 0.363664 0.941213 0.378817
0 0.776501 0.452040 0.941213 0.469718
0 0.142816 0.482341 0.398790 0.500020
0 0.810854 0.476028 0.823926 0.486130
0 0.847092 0.482341 0.941213 0.500020
0 0.235303 0.500020 0.704684 0.515171
0 0.235303 0.515171 0.704684 0.530322
0 0.776501 0.500020 0.941213 0.515171
0 0.776501 0.515171 0.941213 0.530322
