0 0.058824 0.133840 0.751716 0.151518
0 0.754575 0.133840 0.941176 0.151518
0 0.058824 0.164140 0.941176 0.181818
0 0.058824 0.194444 0.398775 0.212122
0 0.401634 0.194444 0.751716 0.212122
0 0.754575 0.194444 0.941176 0.212122
0 0.823529 0.303032 0.941176 0.318182
0 0.823529 0.348486 0.924837 0.363636
0 0.823529 0.393941 0.941176 0.409091
0 0.823529 0.454545 0.941176 0.469696
0 0.823529 0.484850 0.941176 0.500000
0 0.823529 0.515150 0.941176 0.530300
0 0.823529 0.545455 0.941176 0.560605
0 0.823529 0.590909 0.941176 0.606059
0 0.823529 0.636364 0.941176 0.651514
0 0.823529 0.696968 0.941176 0.712119
0 0.823529 0.727273 0.941176 0.742423
0 0.823529 0.757577 0.941176 0.772727
0 0.823529 0.787878 0.941176 0.803028
0 0.823529 0.818182 0.941176 0.833332
0 0.823529 0.848486 0.941176 0.863636
0 0.823529 0.878787 0.941176 0.893937
0 0.823529 0.909091 0.941176 0.924241
