0 0.213407 0.118687 0.775276 0.136365
0 0.213407 0.148996 0.775276 0.166675
0 0.213407 0.179301 0.775276 0.196980
0 0.060296 0.138893 0.073369 0.148995
0 0.060296 0.154044 0.073369 0.164146
0 0.060296 0.169199 0.073369 0.179300
0 0.776501 0.131317 0.941213 0.151520
0 0.776501 0.176774 0.941213 0.196976
0 0.058826 0.209603 0.505902 0.227282
0 0.507536 0.209603 0.941213 0.227282
0 0.776501 0.242433 0.941213 0.257584
0 0.776501 0.257587 0.941213 0.272738
0 0.776501 0.272738 0.941213 0.287889
0 0.776501 0.287889 0.941213 0.303040
0 0.776501 0.303044 0.941213 0.318195
0 0.776501 0.318195 0.941213 0.333346
0 0.776501 0.333346 0.941213 0.348496
0 0.776501 0.348500 0.941213 0.363651
0 0.776501 0.363651 0.941213 0.378802
0 0.131051 0.452570 0.387025 0.469718
0 0.763231 0.443832 0.776303 0.453934
0 0.811797 0.452040 0.941213 0.469718
0 0.223538 0.469715 0.716450 0.484866
0 0.223538 0.484869 0.716450 0.500020
0 0.788266 0.469715 0.941213 0.484866
0 0.788266 0.484869 0.941213 0.500020
