0 0.397712 0.060605 0.470588 0.075755
0 0.494608 0.060605 0.529412 0.075755
0 0.604168 0.060605 0.682353 0.075755
0 0.708082 0.060605 0.741176 0.075755
0 0.058824 0.118686 0.729412 0.136364
0 0.729412 0.118686 0.941176 0.136364
0 0.287582 0.244947 0.300654 0.255048
0 0.788235 0.242423 0.941176 0.257573
0 0.788235 0.257577 0.941176 0.272727
0 0.287582 0.290401 0.300654 0.300503
0 0.788235 0.287878 0.941176 0.303028
0 0.287582 0.320706 0.300654 0.330807
0 0.788235 0.318182 0.941176 0.333332
0 0.092810 0.411615 0.105882 0.421716
0 0.092810 0.426765 0.105882 0.436866
0 0.605229 0.728537 0.618301 0.738638
0 0.711111 0.728537 0.724183 0.738638
0 0.729412 0.724749 0.941176 0.742427
0 0.294118 0.742427 0.658824 0.757577
0 0.294118 0.757577 0.658824 0.772727
0 0.696405 0.742427 0.941176 0.757577
0 0.724183 0.757577 0.941176 0.772727
0 0.152941 0.830808 0.400000 0.848486
0 0.803266 0.821968 0.816338 0.832069
0 0.847059 0.830808 0.941176 0.848486
0 0.267320 0.848486 0.752941 0.863636
0 0.267320 0.863636 0.752941 0.878787
0 0.825642 0.848486 0.941159 0.863636
0 0.824613 0.863636 0.941159 0.878787
