0 0.492192 0.106064 0.552963 0.121215
0 0.671740 0.106064 0.729440 0.121215
0 0.757219 0.106064 0.788266 0.121215
0 0.058826 0.133845 0.739980 0.151524
0 0.741206 0.133845 0.941213 0.151524
0 0.776501 0.181826 0.941213 0.196976
0 0.776501 0.212131 0.941213 0.227282
0 0.776501 0.242433 0.941213 0.257584
0 0.776501 0.272738 0.941213 0.287889
0 0.776501 0.303044 0.941213 0.318195
0 0.109153 0.335870 0.122225 0.345971
0 0.109153 0.366175 0.122225 0.376277
0 0.109153 0.381326 0.122225 0.391427
0 0.576493 0.606084 0.941213 0.621237
0 0.645777 0.759499 0.658849 0.769601
0 0.739898 0.759499 0.752971 0.769601
0 0.764736 0.755080 0.941213 0.772758
0 0.282364 0.772758 0.739980 0.787909
0 0.282364 0.787909 0.739980 0.803060
0 0.773887 0.772758 0.941213 0.787909
0 0.804934 0.787909 0.941213 0.803060
0 0.154581 0.845993 0.398790 0.863671
0 0.822254 0.850412 0.835327 0.860513
0 0.847092 0.845993 0.941213 0.863671
0 0.250990 0.863671 0.751745 0.878822
0 0.250990 0.878822 0.751745 0.893973
0 0.828137 0.863671 0.941213 0.878822
0 0.818333 0.878822 0.941213 0.893973
