0 0.467665 0.075762 0.552963 0.090913
0 0.655908 0.075762 0.741206 0.090913
0 0.764193 0.075762 0.791861 0.090913
0 0.058826 0.133845 0.728215 0.151524
0 0.731074 0.133845 0.941213 0.151524
0 0.058826 0.164147 0.941213 0.181826
0 0.764736 0.227282 0.941213 0.242433
0 0.764736 0.257587 0.941213 0.272738
0 0.764736 0.287889 0.941213 0.303040
0 0.764736 0.318195 0.941213 0.333346
0 0.764736 0.348500 0.941213 0.363651
0 0.097520 0.396481 0.110593 0.406582
0 0.639241 0.698892 0.652313 0.708993
0 0.721597 0.698892 0.734669 0.708993
0 0.742840 0.694472 0.941213 0.712151
0 0.270599 0.712151 0.657624 0.727302
0 0.270599 0.727302 0.657624 0.742453
0 0.691530 0.712151 0.941213 0.727302
0 0.727480 0.727302 0.941213 0.742453
0 0.142816 0.803061 0.387025 0.818215
0 0.803953 0.792329 0.817025 0.802430
0 0.825196 0.803061 0.941213 0.818215
0 0.219616 0.818215 0.704684 0.833366
0 0.232689 0.833366 0.704684 0.848517
0 0.774540 0.818215 0.941213 0.833366
0 0.772906 0.833366 0.941213 0.848517
