0 0.397922 0.060766 0.470797 0.075917
0 0.494817 0.060766 0.529621 0.075917
0 0.604377 0.060766 0.682562 0.075917
0 0.708291 0.060766 0.741386 0.075917
0 0.058824 0.133840 0.728186 0.151518
0 0.729412 0.133840 0.941176 0.151518
0 0.287582 0.214646 0.300654 0.224747
0 0.788235 0.212122 0.941176 0.227273
0 0.788235 0.227273 0.941176 0.242423
0 0.287582 0.244947 0.300654 0.255048
0 0.788235 0.257577 0.941176 0.272727
0 0.788235 0.287878 0.941176 0.303028
0 0.287582 0.305556 0.300654 0.315657
0 0.788235 0.318182 0.941176 0.333332
0 0.788235 0.348486 0.941176 0.363636
0 0.287582 0.366160 0.300654 0.376261
0 0.788235 0.363636 0.941176 0.378787
0 0.788235 0.378787 0.941176 0.393937
0 0.287582 0.396465 0.300654 0.406566
0 0.788235 0.409091 0.941176 0.424241
0 0.788235 0.439395 0.941176 0.454545
0 0.092810 0.472220 0.105882 0.482321
0 0.092810 0.487374 0.105882 0.497475
0 0.605229 0.789141 0.618301 0.799242
0 0.711111 0.789141 0.724183 0.799242
0 0.729412 0.785354 0.941176 0.803032
0 0.247059 0.803039 0.657598 0.818189
0 0.247059 0.818182 0.657598 0.833332
0 0.690789 0.803032 0.941176 0.818182
0 0.724183 0.818182 0.941176 0.833332
0 0.154575 0.876263 0.398775 0.893941
0 0.829902 0.880051 0.842974 0.890152
0 0.847059 0.876263 0.941176 0.893941
0 0.247059 0.893941 0.751716 0.909091
0 0.247059 0.909091 0.751716 0.924241
0 0.823529 0.893941 0.941176 0.909091
0 0.823529 0.909091 0.941176 0.924241
