0 0.457877 0.106064 0.552963 0.121215
0 0.654941 0.106064 0.741206 0.121215
0 0.764994 0.106064 0.788266 0.121215
0 0.058826 0.133845 0.751745 0.151524
0 0.752971 0.133845 0.941213 0.151524
0 0.788266 0.181826 0.941213 0.196976
0 0.788266 0.212131 0.941213 0.227282
0 0.788266 0.242433 0.941213 0.257584
0 0.788266 0.272738 0.941213 0.287889
0 0.788266 0.303044 0.941213 0.318195
0 0.611789 0.454564 0.941213 0.484868
0 0.685646 0.636391 0.698719 0.646492
0 0.768002 0.636391 0.781075 0.646492
0 0.788266 0.636391 0.941213 0.651544
0 0.270599 0.651540 0.704684 0.666691
0 0.270599 0.666695 0.704684 0.681846
0 0.738952 0.651540 0.941213 0.666691
0 0.771282 0.666695 0.941213 0.681846
0 0.142816 0.727303 0.398790 0.742457
0 0.791533 0.727303 0.804605 0.737405
0 0.811797 0.727303 0.941213 0.742457
0 0.235303 0.742453 0.728215 0.757604
0 0.235303 0.757608 0.728215 0.772758
0 0.800031 0.742453 0.941213 0.757604
0 0.800031 0.757608 0.941213 0.772758
