0 0.164706 0.063636 0.941176 0.081818
0 0.164706 0.081818 0.829412 0.145455
0 0.835294 0.119091 0.935294 0.145455
0 0.082353 0.163131 0.095425 0.173232
0 0.164706 0.190404 0.177778 0.200505
0 0.247059 0.190404 0.260131 0.200505
0 0.400000 0.190404 0.413072 0.200505
0 0.529412 0.190404 0.542484 0.200505
0 0.164706 0.208586 0.177778 0.218687
0 0.082353 0.226768 0.095425 0.236869
0 0.164706 0.254040 0.177778 0.264141
0 0.247059 0.254040 0.260131 0.264141
0 0.405882 0.254040 0.418954 0.264141
0 0.082353 0.272222 0.095425 0.282323
0 0.164706 0.299495 0.177778 0.309596
0 0.247059 0.299495 0.260131 0.309596
0 0.082353 0.335859 0.095425 0.345960
0 0.247059 0.335859 0.260131 0.345960
0 0.400000 0.335859 0.413072 0.345960
0 0.070588 0.387273 0.476471 0.409091
0 0.488235 0.387273 0.941176 0.409091
