0 0.211773 0.138893 0.224845 0.148995
0 0.305894 0.138893 0.318967 0.148995
0 0.058826 0.164147 0.941213 0.181826
0 0.058826 0.194452 0.941213 0.212131
0 0.058826 0.224758 0.376485 0.242433
0 0.376485 0.224758 0.658849 0.242437
0 0.658849 0.224758 0.941213 0.242437
0 0.094121 0.257587 0.211773 0.272738
0 0.230921 0.257587 0.328966 0.272738
0 0.349787 0.257587 0.389005 0.272738
0 0.408274 0.257587 0.467100 0.272738
0 0.529433 0.255060 0.941213 0.287889
0 0.058826 0.300516 0.529433 0.318195
0 0.529390 0.300516 0.941213 0.318195
0 0.058826 0.330821 0.529433 0.348500
0 0.058826 0.361127 0.941213 0.378802
0 0.058826 0.391429 0.941213 0.409107
0 0.058826 0.421734 0.376485 0.439409
0 0.376485 0.421734 0.658849 0.439413
0 0.658849 0.421734 0.941213 0.439413
0 0.094121 0.455494 0.211773 0.470645
0 0.230921 0.455494 0.328966 0.470645
0 0.349787 0.455494 0.389005 0.470645
0 0.408274 0.455494 0.467100 0.470645
0 0.529433 0.452036 0.941213 0.484866
0 0.446104 0.555578 0.459177 0.565679
0 0.376781 0.555578 0.389854 0.565679
0 0.083989 0.593457 0.097061 0.603558
0 0.083989 0.699525 0.097061 0.709626
0 0.083989 0.729826 0.097061 0.739928
0 0.376485 0.815691 0.658849 0.833370
0 0.084163 0.515834 0.097236 0.525935
0 0.083745 0.531426 0.096818 0.541527
