0 0.252946 0.189141 0.269286 0.201768
0 0.355294 0.189141 0.371634 0.201768
0 0.801172 0.189091 0.939995 0.204545
0 0.164706 0.245455 0.629417 0.263636
0 0.135294 0.266364 0.629417 0.284545
0 0.105882 0.286364 0.341176 0.304545
0 0.388224 0.286364 0.435294 0.304545
0 0.505882 0.286364 0.629412 0.304545
0 0.658824 0.231818 0.941176 0.250000
0 0.764706 0.252727 0.941176 0.268182
0 0.788235 0.268182 0.941176 0.286364
0 0.758824 0.286364 0.941176 0.304545
0 0.059477 0.361869 0.075817 0.374495
0 0.200000 0.359091 0.341176 0.377273
0 0.352941 0.359091 0.494118 0.377273
0 0.059477 0.380051 0.075817 0.392677
0 0.200000 0.377273 0.341176 0.395455
0 0.352941 0.377273 0.494118 0.395455
0 0.059477 0.398232 0.075817 0.410859
0 0.200000 0.395455 0.341176 0.413636
0 0.352941 0.395455 0.494118 0.413636
0 0.059477 0.416414 0.075817 0.429040
0 0.200000 0.413636 0.341176 0.431818
0 0.352941 0.413636 0.494118 0.431818
0 0.059477 0.434596 0.075817 0.447222
0 0.200000 0.431818 0.341176 0.450000
0 0.352941 0.431818 0.494118 0.450000
0 0.059477 0.452778 0.075817 0.465404
0 0.200000 0.450000 0.341176 0.468182
0 0.352941 0.450000 0.494118 0.468182
0 0.059477 0.470960 0.075817 0.483586
0 0.200000 0.468182 0.341176 0.486364
0 0.352941 0.468182 0.494118 0.486364
0 0.059477 0.489141 0.075817 0.501768
0 0.200000 0.486364 0.341176 0.504545
0 0.352941 0.486364 0.494118 0.504545
0 0.059477 0.507323 0.075817 0.519949
0 0.200000 0.504545 0.341176 0.522727
0 0.352941 0.504545 0.494118 0.522727
0 0.059477 0.525505 0.075817 0.538131
0 0.200000 0.522727 0.341176 0.540909
0 0.352941 0.522727 0.494118 0.540909
0 0.059477 0.543687 0.075817 0.556313
0 0.200000 0.540909 0.341176 0.559091
0 0.352941 0.540909 0.494118 0.559091
0 0.059477 0.561869 0.075817 0.574495
0 0.200000 0.559091 0.341176 0.577273
0 0.352941 0.559091 0.494118 0.577273
0 0.059477 0.580050 0.075817 0.592677
0 0.200000 0.577273 0.341176 0.595455
0 0.352941 0.577273 0.494118 0.595455
0 0.059477 0.598232 0.075817 0.610859
0 0.200000 0.595455 0.341176 0.613636
0 0.352941 0.595455 0.494118 0.613636
0 0.059477 0.616414 0.075817 0.629040
0 0.200000 0.613636 0.341176 0.631818
0 0.352941 0.613636 0.494118 0.631818
0 0.059477 0.634596 0.075817 0.647222
0 0.200000 0.631818 0.341176 0.650000
0 0.352941 0.631818 0.494118 0.650000
0 0.059477 0.652778 0.075817 0.665404
0 0.200000 0.650000 0.341176 0.668182
0 0.352941 0.650000 0.494118 0.668182
0 0.059477 0.670960 0.075817 0.683586
0 0.200000 0.668182 0.341176 0.686364
0 0.352941 0.668182 0.494118 0.686364
0 0.059477 0.689141 0.075817 0.701768
0 0.200000 0.686364 0.341176 0.704545
0 0.352941 0.686364 0.494118 0.704545
0 0.059477 0.707323 0.075817 0.719950
0 0.200000 0.704545 0.341176 0.722727
0 0.352941 0.704545 0.494118 0.722727
0 0.059477 0.725505 0.075817 0.738131
0 0.200000 0.722727 0.341176 0.740909
0 0.352941 0.722727 0.494118 0.740909
0 0.507124 0.361869 0.523464 0.374495
0 0.641176 0.359091 0.782353 0.377273
0 0.794118 0.359091 0.941176 0.377273
0 0.507124 0.380051 0.523464 0.392677
0 0.641176 0.377273 0.782353 0.395455
0 0.794118 0.377273 0.941176 0.395455
0 0.507124 0.398232 0.523464 0.410859
0 0.641176 0.395455 0.782353 0.413636
0 0.794118 0.395455 0.941176 0.413636
0 0.507124 0.416414 0.523464 0.429040
0 0.641176 0.413636 0.782353 0.431818
0 0.794118 0.413636 0.941176 0.431818
0 0.507124 0.434596 0.523464 0.447222
0 0.641176 0.431818 0.782353 0.450000
0 0.794118 0.431818 0.941176 0.450000
0 0.507124 0.452778 0.523464 0.465404
0 0.641176 0.450000 0.782353 0.468182
0 0.794118 0.450000 0.941176 0.468182
0 0.507124 0.470960 0.523464 0.483586
0 0.641176 0.468182 0.782353 0.486364
0 0.794118 0.468182 0.941176 0.486364
0 0.507124 0.489141 0.523464 0.501768
0 0.641176 0.486364 0.782353 0.504545
0 0.794118 0.486364 0.941176 0.504545
0 0.507124 0.507323 0.523464 0.519949
0 0.641176 0.504545 0.782353 0.522727
0 0.794118 0.504545 0.941176 0.522727
0 0.507124 0.525505 0.523464 0.538131
0 0.641176 0.522727 0.782353 0.540909
0 0.794118 0.522727 0.941176 0.540909
0 0.507124 0.543687 0.523464 0.556313
0 0.641176 0.540909 0.782353 0.559091
0 0.794118 0.540909 0.941176 0.559091
0 0.507124 0.561869 0.523464 0.574495
0 0.641176 0.559091 0.782353 0.577273
0 0.794118 0.559091 0.941176 0.577273
0 0.507124 0.580050 0.523464 0.592677
0 0.641176 0.577273 0.782353 0.595455
0 0.794118 0.577273 0.941176 0.595455
0 0.507124 0.598232 0.523464 0.610859
0 0.641176 0.595455 0.782353 0.613636
0 0.794118 0.595455 0.941176 0.613636
0 0.507124 0.616414 0.523464 0.629040
0 0.641176 0.613636 0.782353 0.631818
0 0.794118 0.613636 0.941176 0.631818
0 0.507124 0.634596 0.523464 0.647222
0 0.641176 0.631818 0.782353 0.650000
0 0.794118 0.631818 0.941176 0.650000
0 0.507124 0.652778 0.523464 0.665404
0 0.641176 0.650000 0.782353 0.668182
0 0.794118 0.650000 0.941176 0.668182
0 0.507124 0.670960 0.523464 0.683586
0 0.641176 0.668182 0.782353 0.686364
0 0.794118 0.668182 0.941176 0.686364
0 0.507124 0.689141 0.523464 0.701768
0 0.641176 0.686364 0.782353 0.704545
0 0.794118 0.686364 0.941176 0.704545
0 0.507124 0.707323 0.523464 0.719950
0 0.641176 0.704545 0.782353 0.722727
0 0.794118 0.704545 0.941176 0.722727
0 0.788235 0.743687 0.804575 0.756313
0 0.864706 0.743687 0.881046 0.756313
0 0.788235 0.775505 0.804575 0.788131
0 0.864706 0.775505 0.881046 0.788131
0 0.058824 0.811869 0.075163 0.824495
0 0.276471 0.811869 0.292810 0.824495
0 0.805882 0.840909 0.941176 0.855455
0 0.805882 0.877273 0.941176 0.891818
0 0.058824 0.943636 0.423529 0.963636
0 0.435294 0.943636 0.782353 0.963636
0 0.794118 0.943636 0.941176 0.963636
