0 0.588235 0.063129 0.601307 0.073230
0 0.670588 0.063129 0.683660 0.073230
0 0.105882 0.106059 0.235294 0.136364
0 0.247059 0.106059 0.376471 0.136364
0 0.388235 0.106059 0.517647 0.136364
0 0.529412 0.106059 0.658824 0.136364
0 0.670588 0.106059 0.800000 0.136364
0 0.811765 0.106059 0.941176 0.136364
0 0.588235 0.154038 0.601307 0.164139
0 0.670588 0.154038 0.683660 0.164139
0 0.105882 0.196968 0.200000 0.227273
0 0.200000 0.196968 0.529412 0.227273
0 0.529412 0.196968 0.917647 0.227273
0 0.105882 0.227273 0.200000 0.257577
0 0.200000 0.227273 0.529412 0.257577
0 0.529412 0.227273 0.917647 0.257577
0 0.105882 0.257577 0.200000 0.287881
0 0.200000 0.257577 0.529412 0.287881
0 0.529412 0.257577 0.917647 0.287881
0 0.588235 0.335856 0.601307 0.345957
0 0.670588 0.335856 0.683660 0.345957
0 0.588235 0.381311 0.601307 0.391412
0 0.670588 0.381311 0.683660 0.391412
0 0.588235 0.411615 0.601307 0.421716
0 0.670588 0.411615 0.683660 0.421716
0 0.588235 0.457069 0.601307 0.467170
0 0.670588 0.457069 0.683660 0.467170
0 0.258824 0.532825 0.271895 0.542926
0 0.341176 0.532825 0.354248 0.542926
0 0.105882 0.545455 0.188235 0.575759
0 0.200000 0.545455 0.282353 0.575759
0 0.294118 0.545455 0.376471 0.575759
0 0.388235 0.545455 0.470588 0.575759
0 0.482353 0.545455 0.564706 0.575759
0 0.258824 0.593433 0.271895 0.603534
0 0.341176 0.593433 0.354248 0.603534
0 0.105882 0.606063 0.188235 0.636367
0 0.200000 0.606063 0.282353 0.636367
0 0.294118 0.606063 0.376471 0.636367
0 0.388235 0.606063 0.470588 0.636367
0 0.482353 0.606063 0.564706 0.636367
0 0.588235 0.654042 0.601307 0.664143
0 0.670588 0.654042 0.683660 0.664143
0 0.105882 0.772727 0.141176 0.803032
0 0.152941 0.772727 0.188235 0.803032
0 0.200000 0.772727 0.235294 0.803032
0 0.247059 0.772727 0.282353 0.803032
0 0.294118 0.772727 0.329412 0.803032
0 0.341176 0.772727 0.376471 0.803032
0 0.388235 0.772727 0.423529 0.803032
0 0.435294 0.772727 0.470588 0.803032
0 0.482353 0.772727 0.517647 0.803032
0 0.588235 0.775255 0.601307 0.785356
