0 0.058826 0.335873 0.071898 0.345975
0 0.552963 0.351024 0.566035 0.361126
0 0.635319 0.351024 0.648391 0.361126
0 0.058826 0.366175 0.071898 0.376277
0 0.211773 0.454564 0.294129 0.469715
0 0.294129 0.454564 0.376485 0.469715
0 0.376485 0.454564 0.458841 0.469715
0 0.458841 0.454564 0.541198 0.469715
0 0.211773 0.469715 0.294129 0.484866
0 0.294129 0.469715 0.376485 0.484866
0 0.376485 0.469715 0.458841 0.484866
0 0.458841 0.469715 0.541198 0.484866
0 0.470607 0.530330 0.505902 0.560635
0 0.517667 0.530330 0.552963 0.560635
0 0.564728 0.530330 0.600024 0.560635
0 0.611789 0.530330 0.647084 0.560635
0 0.470607 0.578310 0.483679 0.588411
0 0.470607 0.606088 0.505902 0.636393
0 0.517667 0.606088 0.552963 0.636393
0 0.564728 0.606088 0.600024 0.636393
0 0.611789 0.606088 0.647084 0.636393
0 0.658849 0.606088 0.694145 0.636393
0 0.705910 0.606088 0.741206 0.636393
0 0.752971 0.606088 0.788266 0.636393
0 0.800031 0.606088 0.835327 0.636393
0 0.470634 0.651544 0.670791 0.681848
0 0.682125 0.651544 0.882388 0.681848
0 0.894153 0.651544 0.929448 0.681848
0 0.105887 0.714675 0.118959 0.724777
0 0.470607 0.697000 0.929448 0.727305
0 0.105887 0.742457 0.458841 0.773510
0 0.470607 0.742457 0.529433 0.772761
0 0.541582 0.742457 0.670999 0.772766
0 0.682996 0.742457 0.929832 0.772761
0 0.470607 0.787913 0.835327 0.818219
0 0.470607 0.833370 0.835327 0.863675
