0 0.058826 0.136369 0.351729 0.151520
0 0.352955 0.136369 0.469381 0.151520
0 0.470607 0.136369 0.587033 0.151520
0 0.588258 0.136369 0.704684 0.151520
0 0.705910 0.136369 0.822336 0.151520
0 0.823562 0.136369 0.941213 0.151520
0 0.058826 0.151520 0.351729 0.166671
0 0.352955 0.151520 0.469381 0.166671
0 0.470607 0.151520 0.587033 0.166671
0 0.588258 0.151520 0.704684 0.166671
0 0.705910 0.151520 0.822336 0.166671
0 0.823562 0.151520 0.941213 0.166671
0 0.058826 0.166671 0.351729 0.181822
0 0.352955 0.166671 0.469381 0.181822
0 0.470607 0.166671 0.587033 0.181822
0 0.588258 0.166671 0.704684 0.181822
0 0.705910 0.166671 0.822336 0.181822
0 0.823562 0.166671 0.941213 0.181822
0 0.058826 0.181822 0.351729 0.196973
0 0.352955 0.181822 0.469381 0.196973
0 0.470607 0.181822 0.587033 0.196973
0 0.588258 0.181822 0.704684 0.196973
0 0.705910 0.181822 0.822336 0.196973
0 0.823562 0.181822 0.941213 0.196973
0 0.058826 0.196973 0.351729 0.212123
0 0.352955 0.196973 0.469381 0.212123
0 0.470607 0.196973 0.587033 0.212123
0 0.588258 0.196973 0.704684 0.212123
0 0.705910 0.196973 0.822336 0.212123
0 0.823562 0.196973 0.941213 0.212123
0 0.352955 0.227276 0.469381 0.242429
0 0.470607 0.227276 0.587033 0.242429
0 0.588258 0.227276 0.704684 0.242429
0 0.705910 0.227276 0.822336 0.242429
0 0.823562 0.227276 0.941213 0.242429
0 0.058826 0.318195 0.351729 0.333346
0 0.354589 0.318195 0.469381 0.333346
0 0.470607 0.318195 0.587033 0.333346
0 0.588258 0.318195 0.704684 0.333346
0 0.705910 0.318195 0.822336 0.333346
0 0.823562 0.318195 0.941213 0.333346
0 0.058826 0.333346 0.351729 0.348496
0 0.354589 0.333346 0.469381 0.348496
0 0.470607 0.333346 0.587033 0.348496
0 0.588258 0.333346 0.704684 0.348496
0 0.705910 0.333346 0.822336 0.348496
0 0.823562 0.333346 0.941213 0.348496
0 0.058826 0.348496 0.351729 0.363647
0 0.354589 0.348496 0.469381 0.363647
0 0.470607 0.348496 0.587033 0.363647
0 0.588258 0.348496 0.704684 0.363647
0 0.705910 0.348496 0.822336 0.363647
0 0.823562 0.348496 0.941213 0.363647
0 0.058826 0.363647 0.351729 0.378798
0 0.354589 0.363647 0.469381 0.378798
0 0.470607 0.363647 0.587033 0.378798
0 0.588258 0.363647 0.704684 0.378798
0 0.705910 0.363647 0.822336 0.378798
0 0.823562 0.363647 0.941213 0.378798
0 0.058826 0.378798 0.351729 0.393949
0 0.354589 0.378798 0.469381 0.393949
0 0.470607 0.378798 0.587033 0.393949
0 0.588258 0.378798 0.704684 0.393949
0 0.705910 0.378798 0.822336 0.393949
0 0.823562 0.378798 0.941213 0.393949
0 0.470607 0.409109 0.587033 0.424262
0 0.704276 0.409109 0.705910 0.424262
0 0.705910 0.409109 0.822336 0.424262
0 0.823562 0.409109 0.941213 0.424262
0 0.058826 0.500020 0.375260 0.515171
0 0.378119 0.500020 0.516442 0.515171
0 0.517667 0.500020 0.657624 0.515171
0 0.658849 0.500020 0.798806 0.515171
0 0.800031 0.500020 0.941213 0.515171
0 0.058826 0.515171 0.375260 0.530322
0 0.378119 0.515171 0.516442 0.530322
0 0.517667 0.515171 0.657624 0.530322
0 0.658849 0.515171 0.798806 0.530322
0 0.800031 0.515171 0.941213 0.530322
0 0.058826 0.530322 0.375260 0.545473
0 0.378119 0.530322 0.516442 0.545473
0 0.517667 0.530322 0.657624 0.545473
0 0.658849 0.530322 0.798806 0.545473
0 0.800031 0.530322 0.941213 0.545473
0 0.058826 0.545473 0.375260 0.560624
0 0.378119 0.545473 0.516442 0.560624
0 0.517667 0.545473 0.657624 0.560624
0 0.658849 0.545473 0.798806 0.560624
0 0.800031 0.545473 0.941213 0.560624
0 0.058826 0.560624 0.375260 0.575775
0 0.378119 0.560624 0.516442 0.575775
0 0.517667 0.560624 0.657624 0.575775
0 0.658849 0.560624 0.798806 0.575775
0 0.800031 0.560624 0.941213 0.575775
0 0.517667 0.590934 0.657624 0.606088
0 0.798397 0.590934 0.800031 0.606088
0 0.800031 0.590934 0.941213 0.606088
0 0.058826 0.681846 0.375260 0.696997
0 0.378119 0.681846 0.516442 0.696997
0 0.517667 0.681846 0.657624 0.696997
0 0.658849 0.681846 0.798806 0.696997
0 0.800031 0.681846 0.941213 0.696997
0 0.058826 0.696997 0.375260 0.712148
0 0.378119 0.696997 0.516442 0.712148
0 0.517667 0.696997 0.657624 0.712148
0 0.658849 0.696997 0.798806 0.712148
0 0.800031 0.696997 0.941213 0.712148
0 0.058826 0.712148 0.375260 0.727298
0 0.378119 0.712148 0.516442 0.727298
0 0.517667 0.712148 0.657624 0.727298
0 0.658849 0.712148 0.798806 0.727298
0 0.800031 0.712148 0.941213 0.727298
0 0.058826 0.727298 0.375260 0.742449
0 0.378119 0.727298 0.516442 0.742449
0 0.517667 0.727298 0.657624 0.742449
0 0.658849 0.727298 0.798806 0.742449
0 0.800031 0.727298 0.941213 0.742449
0 0.058826 0.742449 0.375260 0.757600
0 0.378119 0.742449 0.516442 0.757600
0 0.517667 0.742449 0.657624 0.757600
0 0.658849 0.742449 0.798806 0.757600
0 0.800031 0.742449 0.941213 0.757600
0 0.517667 0.772760 0.657624 0.787913
0 0.658849 0.772760 0.798806 0.787913
0 0.800031 0.772760 0.941213 0.787913
