0 0.058826 0.090914 0.335307 0.106067
0 0.058826 0.136369 0.335307 0.151520
0 0.341190 0.166672 0.469381 0.181826
0 0.341190 0.196978 0.469381 0.212131
0 0.470607 0.227283 0.587033 0.242437
0 0.588258 0.227283 0.704684 0.242437
0 0.705910 0.227283 0.822336 0.242437
0 0.823562 0.227283 0.941213 0.242437
0 0.058826 0.272738 0.335307 0.287889
0 0.341190 0.303041 0.469381 0.318195
0 0.341190 0.333347 0.469381 0.348500
0 0.470607 0.363652 0.587033 0.378806
0 0.588258 0.363652 0.704684 0.378806
0 0.705910 0.363652 0.822336 0.378806
0 0.823562 0.363652 0.941213 0.378806
0 0.058826 0.409107 0.335307 0.424258
0 0.341190 0.439410 0.469381 0.454564
0 0.341190 0.469716 0.469381 0.484869
0 0.470607 0.500021 0.587033 0.515175
0 0.588258 0.500021 0.704684 0.515175
0 0.705910 0.500021 0.822336 0.515175
0 0.823562 0.500021 0.941213 0.515175
0 0.470607 0.530323 0.587033 0.545477
0 0.704276 0.530323 0.705910 0.545477
0 0.705910 0.530323 0.822336 0.545477
0 0.823562 0.530323 0.941213 0.545477
