0 0.823562 0.121218 0.941213 0.136369
0 0.823562 0.136369 0.941213 0.151520
0 0.823562 0.151520 0.941213 0.166671
0 0.823562 0.166675 0.941213 0.181826
0 0.670615 0.196976 0.787041 0.212127
0 0.670615 0.242433 0.787041 0.257584
0 0.670615 0.257587 0.787041 0.272738
0 0.670615 0.287889 0.787041 0.303040
0 0.517667 0.303044 0.634093 0.318195
0 0.517667 0.318195 0.634093 0.333346
0 0.670615 0.333346 0.787041 0.348496
0 0.670615 0.348500 0.787041 0.363651
0 0.670615 0.363651 0.787041 0.378802
0 0.670615 0.378802 0.787041 0.393953
0 0.823562 0.393957 0.941213 0.409107
0 0.823562 0.424258 0.941213 0.439409
0 0.823562 0.484869 0.941213 0.500020
0 0.823562 0.500020 0.941213 0.515171
0 0.823562 0.515171 0.941213 0.530322
0 0.823562 0.530326 0.941213 0.545477
0 0.823562 0.545477 0.941213 0.560627
0 0.823562 0.560627 0.941213 0.575778
0 0.823562 0.651540 0.941213 0.666691
0 0.928141 0.728565 0.941213 0.738666
0 0.377551 0.742453 0.941213 0.757604
0 0.591223 0.757608 0.941213 0.772758
0 0.105887 0.772758 0.941213 0.787909
0 0.739491 0.787909 0.941213 0.803060
