0 0.058826 0.118690 0.751745 0.136369
0 0.752971 0.118690 0.941213 0.136369
0 0.670615 0.204554 0.787041 0.219705
0 0.677151 0.219705 0.781730 0.234856
0 0.677151 0.234859 0.781730 0.250010
0 0.823562 0.250010 0.941213 0.265161
0 0.670615 0.287889 0.787041 0.303040
0 0.677151 0.303044 0.781730 0.318195
0 0.677151 0.318195 0.781730 0.333346
0 0.823562 0.333346 0.941213 0.348496
0 0.823562 0.393957 0.941213 0.409107
0 0.823562 0.500020 0.941213 0.515171
0 0.670615 0.515171 0.787041 0.530322
0 0.670615 0.530326 0.787041 0.545477
0 0.670615 0.575782 0.787041 0.590933
0 0.823562 0.590933 0.941213 0.606084
0 0.823562 0.606084 0.941213 0.621235
0 0.823562 0.636389 0.941213 0.651540
0 0.823562 0.666695 0.941213 0.681846
0 0.058826 0.757608 0.351729 0.772758
0 0.352955 0.757608 0.469381 0.772758
0 0.470607 0.757608 0.587033 0.772758
0 0.588258 0.757608 0.704684 0.772758
0 0.705910 0.757608 0.822336 0.772758
0 0.823562 0.757608 0.941213 0.772758
0 0.058826 0.772758 0.351729 0.787909
0 0.352955 0.772758 0.469381 0.787909
0 0.470607 0.772758 0.587033 0.787909
0 0.588258 0.772758 0.704684 0.787909
0 0.705910 0.772758 0.822336 0.787909
0 0.823562 0.772758 0.941213 0.787909
0 0.058826 0.787909 0.351729 0.803060
0 0.352955 0.787909 0.469381 0.803060
0 0.470607 0.787909 0.587033 0.803060
0 0.588258 0.787909 0.704684 0.803060
0 0.705910 0.787909 0.822336 0.803060
0 0.823562 0.787909 0.941213 0.803060
0 0.058826 0.803060 0.351729 0.818211
0 0.352955 0.803060 0.469381 0.818211
0 0.470607 0.803060 0.587033 0.818211
0 0.588258 0.803060 0.704684 0.818211
0 0.705910 0.803060 0.822336 0.818211
0 0.823562 0.803060 0.941213 0.818211
0 0.058826 0.818211 0.351729 0.833362
0 0.352955 0.818211 0.469381 0.833362
0 0.470607 0.818211 0.587033 0.833362
0 0.588258 0.818211 0.704684 0.833362
0 0.705910 0.818211 0.822336 0.833362
0 0.823562 0.818211 0.941213 0.833362
0 0.352955 0.848514 0.469381 0.863667
0 0.470607 0.848514 0.587033 0.863667
0 0.588258 0.848514 0.704684 0.863667
0 0.705910 0.848514 0.822336 0.863667
0 0.823562 0.848514 0.941213 0.863667
