0 0.058826 0.118690 0.728215 0.136369
0 0.729440 0.118690 0.941213 0.136369
0 0.670615 0.227282 0.787041 0.242433
0 0.670615 0.257587 0.787041 0.272738
0 0.823562 0.287889 0.941213 0.303040
0 0.670615 0.348500 0.787041 0.363651
0 0.670615 0.378802 0.787041 0.393953
0 0.823562 0.409107 0.941213 0.424258
0 0.670615 0.454564 0.787041 0.469715
0 0.670615 0.469715 0.787041 0.484866
0 0.823562 0.484869 0.941213 0.500020
0 0.670615 0.515171 0.787041 0.530322
0 0.670615 0.530326 0.787041 0.545477
0 0.823562 0.545477 0.941213 0.560627
0 0.823562 0.560627 0.941213 0.575778
0 0.823562 0.575782 0.941213 0.590933
0 0.823562 0.590933 0.941213 0.606084
0 0.823562 0.666695 0.941213 0.681846
0 0.670615 0.681846 0.787041 0.696997
0 0.670615 0.727302 0.787041 0.742453
0 0.670615 0.742453 0.787041 0.757604
0 0.670615 0.772758 0.787041 0.787909
0 0.517667 0.787909 0.634093 0.803060
0 0.517667 0.803064 0.634093 0.818215
0 0.670615 0.818215 0.787041 0.833366
0 0.670615 0.848520 0.787041 0.863671
0 0.823562 0.863671 0.941213 0.878822
0 0.823562 0.893977 0.941213 0.909128
