0 0.058824 0.118684 0.610539 0.151512
0 0.611765 0.118684 0.941176 0.151512
0 0.094118 0.169190 0.107190 0.179291
0 0.235294 0.169190 0.248366 0.179291
0 0.058824 0.212118 0.610539 0.242421
0 0.611765 0.212118 0.941176 0.242421
0 0.058824 0.257572 0.941176 0.287875
0 0.058824 0.303026 0.941176 0.333329
0 0.058824 0.348480 0.517647 0.378783
0 0.517647 0.348480 0.941176 0.378783
0 0.200490 0.424238 0.551716 0.439391
0 0.565196 0.424238 0.941176 0.439391
0 0.200490 0.454542 0.551716 0.469695
0 0.565196 0.454542 0.941176 0.469695
0 0.200490 0.484846 0.551716 0.499999
0 0.565196 0.484846 0.941176 0.499999
0 0.200490 0.515150 0.551716 0.530303
0 0.565196 0.515150 0.941176 0.530303
0 0.200490 0.545454 0.551716 0.560607
0 0.565196 0.545454 0.941176 0.560607
0 0.200490 0.575758 0.551716 0.590911
0 0.565196 0.575758 0.941176 0.590911
0 0.200490 0.606062 0.551716 0.621215
0 0.565196 0.606062 0.941176 0.621215
0 0.811765 0.638881 0.824837 0.648982
0 0.882353 0.638881 0.895425 0.648982
0 0.811765 0.684335 0.824837 0.694436
0 0.882353 0.684335 0.895425 0.694436
0 0.811765 0.760093 0.824837 0.770194
0 0.882353 0.760093 0.895425 0.770194
