0 0.094118 0.106060 0.941176 0.136362
0 0.200490 0.166664 0.481127 0.181816
0 0.494608 0.166664 0.669363 0.181816
0 0.682843 0.166664 0.941176 0.181816
0 0.200490 0.196968 0.481127 0.212120
0 0.494608 0.196968 0.669363 0.212120
0 0.682840 0.196968 0.941176 0.212120
0 0.200490 0.227272 0.481127 0.242424
0 0.494608 0.227272 0.669363 0.242424
0 0.682843 0.227272 0.941176 0.242424
0 0.200490 0.257576 0.481127 0.272728
0 0.494608 0.257576 0.669363 0.272728
0 0.682843 0.257576 0.941176 0.272728
0 0.200490 0.287880 0.481127 0.303032
0 0.494608 0.287880 0.669363 0.303032
0 0.682843 0.287880 0.941176 0.303032
0 0.200490 0.318184 0.481127 0.333336
0 0.494608 0.318184 0.669363 0.333336
0 0.682843 0.318184 0.941176 0.333336
0 0.200490 0.348488 0.481127 0.363640
0 0.482353 0.333336 0.670588 0.363640
0 0.682843 0.348488 0.941176 0.363640
0 0.058824 0.378783 0.941176 0.393933
0 0.058824 0.409087 0.941176 0.424237
0 0.058824 0.439391 0.941176 0.454541
0 0.058824 0.469691 0.941176 0.484841
0 0.058824 0.499995 0.941176 0.515145
0 0.058824 0.530299 0.941176 0.545449
0 0.058824 0.560599 0.941176 0.575749
0 0.058824 0.590903 0.941176 0.606053
0 0.058824 0.621207 0.941176 0.636357
0 0.058824 0.651507 0.941176 0.666657
0 0.058824 0.681811 0.941176 0.696961
0 0.058824 0.712115 0.941176 0.727265
0 0.058824 0.742416 0.941176 0.757566
0 0.058824 0.772719 0.941176 0.787870
0 0.058824 0.803023 0.941176 0.818174
0 0.058824 0.833324 0.941176 0.848474
0 0.058824 0.863628 0.941176 0.878778
0 0.058824 0.893932 0.941176 0.909082
