0 0.076601 0.123452 0.569986 0.138011
0 0.574480 0.123452 0.937550 0.138011
0 0.371319 0.168441 0.855700 0.182886
0 0.682082 0.188972 0.696723 0.200071
0 0.387169 0.203506 0.401696 0.214567
0 0.871796 0.229302 0.899019 0.244517
0 0.906748 0.229302 0.933971 0.244517
0 0.871796 0.274948 0.899019 0.290163
0 0.906748 0.274948 0.933971 0.290163
0 0.871796 0.320594 0.899019 0.335809
0 0.906748 0.320594 0.933971 0.335809
0 0.801532 0.381455 0.902957 0.396670
0 0.904918 0.381455 0.938400 0.396670
0 0.801532 0.411885 0.860602 0.427101
0 0.871779 0.411885 0.938400 0.427101
0 0.801532 0.427101 0.902957 0.442316
0 0.904918 0.427101 0.938400 0.442316
0 0.801532 0.442316 0.902957 0.457531
0 0.904918 0.442316 0.938400 0.457531
0 0.801532 0.457531 0.860602 0.472746
0 0.871779 0.457531 0.938400 0.472746
0 0.801532 0.472746 0.938400 0.487962
0 0.801532 0.487962 0.902957 0.503177
0 0.904918 0.487962 0.938400 0.503177
0 0.801532 0.503177 0.902957 0.518392
0 0.904918 0.503177 0.938400 0.518392
0 0.801532 0.518392 0.860602 0.533607
0 0.871779 0.518392 0.938400 0.533607
0 0.801532 0.533607 0.902957 0.548823
0 0.904918 0.533607 0.938400 0.548823
0 0.801532 0.548823 0.902957 0.564038
0 0.904918 0.548823 0.938400 0.564038
0 0.801532 0.564038 0.902957 0.579253
0 0.904918 0.564038 0.938400 0.579253
0 0.801532 0.579253 0.902957 0.594468
0 0.904918 0.579253 0.938400 0.594468
0 0.801532 0.594468 0.902957 0.609684
0 0.904918 0.594468 0.938400 0.609684
0 0.801532 0.624899 0.902957 0.640114
0 0.904918 0.624899 0.938400 0.640114
0 0.801532 0.640114 0.902957 0.655329
0 0.904918 0.640114 0.938400 0.655329
0 0.801532 0.655329 0.902957 0.670545
0 0.904918 0.655329 0.938400 0.670545
0 0.801532 0.670545 0.902957 0.685760
0 0.904918 0.670545 0.938400 0.685760
