0 0.129412 0.123737 0.142484 0.133838
0 0.329412 0.123737 0.342484 0.133838
0 0.058824 0.148990 0.481127 0.196968
0 0.483987 0.148990 0.941176 0.196968
0 0.058824 0.209595 0.481127 0.257573
0 0.117647 0.257577 0.352941 0.272727
0 0.482353 0.209595 0.941176 0.227273
0 0.482353 0.239899 0.941176 0.272727
0 0.247059 0.287878 0.352941 0.303028
0 0.788235 0.287878 0.941176 0.303028
0 0.788235 0.318182 0.926471 0.333332
0 0.788235 0.348486 0.941176 0.363636
0 0.210458 0.366160 0.223529 0.376261
0 0.858823 0.393941 0.882353 0.406566
0 0.894118 0.393941 0.926471 0.406566
0 0.788235 0.409091 0.926471 0.424241
0 0.647059 0.424241 0.741176 0.439391
0 0.200652 0.441919 0.213724 0.452020
0 0.105882 0.487374 0.118954 0.497475
0 0.440196 0.487374 0.453268 0.497475
0 0.793137 0.487374 0.806209 0.497475
0 0.105882 0.502524 0.118954 0.512625
0 0.522549 0.502524 0.535621 0.512625
0 0.105882 0.517674 0.118954 0.527775
0 0.423529 0.590909 0.729412 0.606063
0 0.788235 0.636364 0.941176 0.651514
0 0.788235 0.651514 0.941176 0.666664
0 0.764706 0.684342 0.777778 0.694443
0 0.847059 0.684342 0.860131 0.694443
0 0.764706 0.699492 0.777778 0.709593
0 0.847059 0.699492 0.860131 0.709593
0 0.764706 0.729797 0.777778 0.739898
0 0.847059 0.729797 0.860131 0.739898
0 0.764706 0.775251 0.777778 0.785352
0 0.847059 0.775251 0.860131 0.785352
0 0.764706 0.790401 0.777778 0.800503
0 0.105882 0.820706 0.118954 0.830807
0 0.224183 0.820706 0.237255 0.830807
0 0.342482 0.820706 0.355554 0.830807
0 0.529412 0.820706 0.542484 0.830807
0 0.764706 0.835856 0.777778 0.845957
0 0.423529 0.878787 0.729412 0.893937
0 0.082353 0.909091 0.388235 0.924245
0 0.423529 0.909091 0.729412 0.924245
