0 0.058826 0.118690 0.751745 0.136369
0 0.752971 0.118690 0.941213 0.136369
0 0.201642 0.148996 0.810571 0.166675
0 0.811797 0.148996 0.941213 0.166675
0 0.201642 0.179301 0.941213 0.196980
0 0.201642 0.209603 0.492911 0.227282
0 0.495771 0.209603 0.751745 0.227282
0 0.752971 0.209603 0.941213 0.227282
0 0.823562 0.393957 0.941213 0.409107
0 0.823562 0.409107 0.941213 0.424258
0 0.823562 0.424258 0.941213 0.439409
0 0.823562 0.500020 0.941213 0.515171
0 0.823562 0.515171 0.941213 0.530322
0 0.823562 0.560627 0.941213 0.575778
0 0.823562 0.636389 0.941213 0.651540
0 0.823562 0.666695 0.941213 0.681846
0 0.670615 0.681846 0.787041 0.696997
0 0.705910 0.712151 0.729440 0.727302
0 0.741206 0.712151 0.786632 0.727302
0 0.670615 0.757608 0.787041 0.772758
0 0.670615 0.787909 0.787041 0.803060
0 0.823562 0.803064 0.941213 0.818215
0 0.823562 0.818215 0.941213 0.833366
0 0.823562 0.833366 0.941213 0.848517
0 0.823562 0.878822 0.941213 0.893973
0 0.823562 0.909128 0.941213 0.924279
