0 0.058826 0.118690 0.751745 0.136369
0 0.754605 0.118690 0.941213 0.136369
0 0.058826 0.148996 0.575268 0.181826
0 0.578127 0.165411 0.751745 0.181826
0 0.754605 0.165411 0.941213 0.181826
0 0.058826 0.209603 0.751745 0.227282
0 0.754605 0.209604 0.941213 0.227282
0 0.058826 0.239909 0.751745 0.257587
0 0.754605 0.239909 0.941213 0.257587
0 0.800031 0.303044 0.941213 0.318195
0 0.800031 0.333346 0.941213 0.348496
0 0.800031 0.363651 0.941213 0.378802
0 0.800031 0.393957 0.882388 0.409107
0 0.894153 0.393957 0.941213 0.409107
0 0.800031 0.424258 0.941213 0.439409
0 0.800031 0.454564 0.882388 0.469715
0 0.894153 0.454564 0.941213 0.469715
0 0.800031 0.530326 0.941213 0.545477
0 0.800031 0.560627 0.941213 0.575778
0 0.800031 0.590933 0.941213 0.606084
0 0.800031 0.621238 0.941213 0.636389
0 0.800031 0.651540 0.941213 0.666691
0 0.800031 0.681846 0.941213 0.696997
0 0.800031 0.712151 0.941213 0.727302
0 0.800031 0.757608 0.941213 0.772758
0 0.800031 0.787909 0.941213 0.803060
0 0.800031 0.848520 0.941213 0.863671
0 0.800031 0.878822 0.941213 0.893973
