0 0.058826 0.118690 0.692919 0.136369
0 0.694145 0.118690 0.941213 0.136369
0 0.058826 0.147737 0.692919 0.181826
0 0.924873 0.146471 0.937945 0.156572
0 0.576493 0.212131 0.692919 0.227282
0 0.576493 0.242433 0.692919 0.257584
0 0.576493 0.272738 0.692919 0.287889
0 0.117652 0.318195 0.258834 0.333346
0 0.576493 0.348500 0.692919 0.363651
0 0.576493 0.378802 0.692919 0.393953
0 0.823562 0.409107 0.941213 0.424258
0 0.823562 0.424258 0.941213 0.439409
0 0.823562 0.439413 0.941213 0.454564
0 0.823562 0.454564 0.941213 0.469715
0 0.823562 0.469715 0.941213 0.484866
0 0.823562 0.484869 0.941213 0.500020
0 0.823562 0.500020 0.941213 0.515171
0 0.474775 0.530326 0.611789 0.545477
0 0.670615 0.575782 0.787041 0.590933
0 0.670615 0.590933 0.787041 0.606084
0 0.823562 0.606084 0.941213 0.621235
0 0.823562 0.621238 0.941213 0.636389
0 0.823562 0.636389 0.941213 0.651540
0 0.823562 0.666695 0.941213 0.681846
0 0.823562 0.681846 0.941213 0.696997
0 0.835327 0.744346 0.848399 0.754447
0 0.899055 0.744346 0.912127 0.754447
0 0.835327 0.789802 0.848399 0.799904
0 0.899055 0.789802 0.912127 0.799904
0 0.835327 0.835259 0.848399 0.845360
0 0.899055 0.835259 0.912127 0.845360
0 0.447076 0.893977 0.811797 0.909130
