0 0.058826 0.118690 0.716450 0.136369
0 0.717675 0.118690 0.941213 0.136369
0 0.058826 0.151521 0.716450 0.166675
0 0.717675 0.151521 0.941213 0.166675
0 0.082356 0.183718 0.095429 0.193820
0 0.176478 0.183718 0.189550 0.193820
0 0.352955 0.183718 0.366027 0.193820
0 0.564728 0.183718 0.577800 0.193820
0 0.741206 0.183718 0.754278 0.193820
0 0.823562 0.227282 0.941213 0.242433
0 0.823562 0.257587 0.941213 0.272738
0 0.823562 0.287889 0.941213 0.303040
0 0.823562 0.318195 0.941213 0.333346
0 0.823562 0.348500 0.941213 0.363651
0 0.823562 0.393957 0.941213 0.409107
0 0.823562 0.424258 0.941213 0.439409
0 0.823562 0.439413 0.941213 0.454564
0 0.763429 0.486131 0.776501 0.496232
0 0.823562 0.484869 0.941213 0.500020
0 0.763429 0.555578 0.776501 0.565679
0 0.823562 0.553054 0.941213 0.568205
0 0.823562 0.583356 0.941213 0.598507
0 0.670615 0.598510 0.787041 0.613661
0 0.909346 0.613661 0.941213 0.628812
0 0.823562 0.628812 0.941213 0.643963
0 0.670615 0.674268 0.787041 0.689419
0 0.763429 0.721618 0.776501 0.731719
0 0.823562 0.719725 0.941213 0.734876
0 0.823562 0.734879 0.941213 0.750030
0 0.763429 0.782229 0.776501 0.792330
0 0.823562 0.780336 0.941213 0.795487
0 0.823562 0.810638 0.941213 0.825788
