0 0.552941 0.083332 0.588235 0.098482
0 0.131046 0.126263 0.728186 0.143941
0 0.729412 0.126263 0.941176 0.143941
0 0.131046 0.156567 0.941176 0.174245
0 0.131046 0.186867 0.941176 0.204545
0 0.611765 0.234850 0.763480 0.250000
0 0.800000 0.265150 0.941176 0.280300
0 0.611765 0.310605 0.763480 0.325755
0 0.800000 0.325759 0.941176 0.340909
0 0.611765 0.356059 0.763480 0.371210
0 0.611765 0.386364 0.763480 0.401514
0 0.800000 0.401514 0.941176 0.416664
0 0.800000 0.431818 0.941176 0.446968
0 0.800000 0.462122 0.941176 0.477273
0 0.800000 0.492423 0.941176 0.507573
0 0.611765 0.522727 0.763480 0.537878
0 0.611765 0.553032 0.763480 0.568182
0 0.800000 0.583332 0.941176 0.598482
0 0.800000 0.613636 0.941176 0.628787
0 0.800000 0.643941 0.941176 0.659091
0 0.800000 0.674241 0.941176 0.689391
0 0.800000 0.704545 0.941176 0.719696
0 0.800000 0.734850 0.941176 0.750000
0 0.800000 0.765150 0.941176 0.780300
0 0.670588 0.825759 0.941176 0.840913
0 0.142810 0.871211 0.387010 0.886364
0 0.787547 0.861741 0.800619 0.871842
0 0.823529 0.871211 0.941176 0.886364
0 0.216340 0.886364 0.704657 0.901514
0 0.229412 0.901514 0.704657 0.916664
0 0.776471 0.886364 0.941176 0.901514
0 0.776471 0.901514 0.941176 0.916664
