0 0.294118 0.181814 0.398775 0.196966
0 0.400000 0.181814 0.504657 0.196966
0 0.505882 0.181814 0.610539 0.196966
0 0.611765 0.181814 0.716422 0.196966
0 0.717647 0.181814 0.822304 0.196966
0 0.823529 0.181814 0.941176 0.196966
0 0.294118 0.212118 0.398775 0.227270
0 0.400000 0.212118 0.504657 0.227270
0 0.505882 0.212118 0.610539 0.227270
0 0.611765 0.212118 0.716422 0.227270
0 0.717647 0.212118 0.822304 0.227270
0 0.823529 0.212118 0.941176 0.227270
0 0.294118 0.227270 0.398775 0.242421
0 0.400000 0.227270 0.504657 0.242421
0 0.505882 0.227270 0.610539 0.242421
0 0.611765 0.227270 0.716422 0.242421
0 0.717647 0.227270 0.822304 0.242421
0 0.823529 0.227270 0.941176 0.242421
0 0.294118 0.257572 0.398775 0.272725
0 0.400000 0.257572 0.504657 0.272725
0 0.505882 0.257572 0.610539 0.272725
0 0.611765 0.257572 0.716422 0.272725
0 0.717647 0.257572 0.822304 0.272725
0 0.823529 0.257572 0.941176 0.272725
0 0.294118 0.333329 0.398775 0.348479
0 0.400000 0.333329 0.504657 0.348479
0 0.505882 0.333329 0.610539 0.348479
0 0.611765 0.333329 0.716422 0.348479
0 0.717647 0.333329 0.822304 0.348479
0 0.823529 0.333329 0.941176 0.348479
0 0.294118 0.378782 0.398775 0.393933
0 0.400000 0.378782 0.504657 0.393933
0 0.505882 0.378782 0.610539 0.393933
0 0.611765 0.378782 0.716422 0.393933
0 0.717647 0.378782 0.822304 0.393933
0 0.823529 0.378782 0.941176 0.393933
0 0.294118 0.409084 0.398775 0.424237
0 0.400000 0.409084 0.504657 0.424237
0 0.505882 0.409084 0.610539 0.424237
0 0.611765 0.409084 0.716422 0.424237
0 0.717647 0.409084 0.822304 0.424237
0 0.823529 0.409084 0.941176 0.424237
0 0.294118 0.439388 0.398775 0.454541
0 0.400000 0.439388 0.504657 0.454541
0 0.505882 0.439388 0.610539 0.454541
0 0.611765 0.439388 0.716422 0.454541
0 0.717647 0.439388 0.822304 0.454541
0 0.823529 0.439388 0.941176 0.454541
0 0.294118 0.560602 0.398775 0.575753
0 0.400000 0.560602 0.504657 0.575753
0 0.505882 0.560602 0.610539 0.575753
0 0.611765 0.560602 0.716422 0.575753
0 0.717647 0.560602 0.822304 0.575753
0 0.823529 0.560602 0.941176 0.575753
0 0.294118 0.606056 0.398775 0.621207
0 0.400000 0.606056 0.504657 0.621207
0 0.505882 0.606056 0.610539 0.621207
0 0.611765 0.606056 0.716422 0.621207
0 0.717647 0.606056 0.822304 0.621207
0 0.823529 0.606056 0.941176 0.621207
