0 0.058824 0.118684 0.540848 0.136362
0 0.541176 0.118684 0.940686 0.136362
0 0.058824 0.148988 0.541176 0.166666
0 0.058824 0.179292 0.541176 0.196970
0 0.552941 0.154036 0.566013 0.164137
0 0.682353 0.154036 0.695425 0.164137
0 0.823529 0.154036 0.836601 0.164137
0 0.552941 0.169190 0.566013 0.179291
0 0.682353 0.169190 0.695425 0.179291
0 0.823529 0.169190 0.836601 0.179291
0 0.058824 0.209593 0.541176 0.227270
0 0.541176 0.209593 0.941176 0.227270
0 0.058824 0.239897 0.541176 0.257574
0 0.541176 0.239897 0.941176 0.257574
0 0.058824 0.270201 0.941176 0.287878
0 0.092810 0.315655 0.105882 0.325756
0 0.092810 0.385727 0.105882 0.395828
0 0.092810 0.455171 0.105882 0.465272
0 0.092810 0.546710 0.105882 0.556811
0 0.705882 0.651507 0.872549 0.666657
0 0.882353 0.651507 0.931373 0.666657
0 0.752941 0.666657 0.884314 0.681811
0 0.894118 0.666657 0.941176 0.681808
0 0.188235 0.681811 0.366667 0.696961
0 0.376471 0.681811 0.423529 0.696961
0 0.381046 0.712111 0.505882 0.727262
0 0.117320 0.772719 0.247059 0.785344
0 0.129412 0.818174 0.319608 0.833324
0 0.329412 0.818174 0.375850 0.833324
0 0.105882 0.848474 0.272549 0.863624
0 0.282353 0.848474 0.329412 0.863624
0 0.435294 0.848474 0.601961 0.863624
0 0.611765 0.848474 0.658824 0.863624
0 0.463399 0.878778 0.588235 0.893928
0 0.181046 0.939382 0.305882 0.952007
