0 0.658824 0.166666 0.800000 0.181816
0 0.800000 0.166666 0.941176 0.181816
0 0.658824 0.181816 0.800000 0.196966
0 0.800000 0.181816 0.941176 0.196966
0 0.665359 0.196966 0.793464 0.212117
0 0.806536 0.196966 0.934641 0.212117
0 0.658824 0.212120 0.800000 0.227270
0 0.800000 0.212120 0.941176 0.227270
0 0.658824 0.227270 0.800000 0.242421
0 0.800000 0.227270 0.941176 0.242421
0 0.658824 0.242421 0.800000 0.257571
0 0.800000 0.242421 0.941176 0.257571
0 0.658824 0.257574 0.800000 0.272725
0 0.800000 0.257574 0.941176 0.272725
0 0.658824 0.272725 0.800000 0.287875
0 0.800000 0.272725 0.941176 0.287875
0 0.658824 0.287875 0.800000 0.303025
0 0.800000 0.287875 0.941176 0.303025
0 0.665359 0.303028 0.793464 0.318179
0 0.806536 0.303028 0.934641 0.318179
0 0.658824 0.318179 0.800000 0.333329
0 0.800000 0.318179 0.941176 0.333329
0 0.665359 0.333329 0.793464 0.348479
0 0.806536 0.333329 0.934641 0.348479
0 0.658824 0.348483 0.800000 0.363633
0 0.800000 0.348483 0.941176 0.363633
0 0.658824 0.378783 0.800000 0.393933
0 0.800000 0.378783 0.941176 0.393933
0 0.658824 0.393937 0.800000 0.409087
0 0.800000 0.393937 0.941176 0.409087
0 0.658824 0.409087 0.800000 0.424237
0 0.800000 0.409087 0.941176 0.424237
0 0.665359 0.424237 0.793464 0.439387
0 0.806536 0.424237 0.934641 0.439387
0 0.658824 0.439391 0.800000 0.454541
0 0.800000 0.439391 0.941176 0.454541
0 0.658824 0.469691 0.800000 0.484841
0 0.800000 0.469691 0.941176 0.484841
0 0.658824 0.515145 0.800000 0.530295
0 0.800000 0.515145 0.941176 0.530295
0 0.658824 0.530299 0.800000 0.545449
0 0.800000 0.530299 0.941176 0.545449
0 0.658824 0.545449 0.800000 0.560599
0 0.800000 0.545449 0.941176 0.560599
0 0.658824 0.560599 0.800000 0.575749
0 0.800000 0.560599 0.941176 0.575749
0 0.658824 0.590903 0.800000 0.606053
0 0.800000 0.590903 0.941176 0.606053
0 0.658824 0.606053 0.800000 0.621203
0 0.800000 0.606053 0.941176 0.621203
0 0.658824 0.621207 0.800000 0.636357
0 0.800000 0.621207 0.941176 0.636357
0 0.658824 0.636357 0.800000 0.651507
0 0.800000 0.636357 0.941176 0.651507
0 0.665359 0.651507 0.793464 0.666657
0 0.806536 0.651507 0.934641 0.666657
0 0.658824 0.681811 0.800000 0.696961
0 0.800000 0.681811 0.941176 0.696961
