0 0.788235 0.075758 0.905882 0.090908
0 0.905882 0.075758 0.941176 0.090908
0 0.788235 0.151512 0.905882 0.166662
0 0.905882 0.151512 0.941176 0.166662
0 0.788235 0.181816 0.905882 0.196966
0 0.905882 0.181816 0.941176 0.196966
0 0.788235 0.212120 0.905882 0.227270
0 0.905882 0.212120 0.941176 0.227270
0 0.788235 0.227270 0.905882 0.242421
0 0.905882 0.227270 0.941176 0.242421
0 0.788235 0.257574 0.905882 0.272725
0 0.905882 0.257574 0.941176 0.272725
0 0.788235 0.272725 0.905882 0.287875
0 0.905882 0.272725 0.941176 0.287875
0 0.788235 0.287875 0.905882 0.303025
0 0.905882 0.287875 0.941176 0.303025
0 0.788235 0.318179 0.905882 0.333329
0 0.905882 0.318179 0.941176 0.333329
0 0.788235 0.333329 0.905882 0.348479
0 0.905882 0.333329 0.941176 0.348479
0 0.788235 0.363633 0.905882 0.378783
0 0.905882 0.363633 0.941176 0.378783
0 0.788235 0.439391 0.905882 0.454541
0 0.905882 0.439391 0.941176 0.454541
0 0.788235 0.454541 0.905882 0.469691
0 0.905882 0.454541 0.941176 0.469691
0 0.758497 0.597733 0.771569 0.607834
0 0.818301 0.604505 0.941176 0.621207
0 0.243291 0.621203 0.705882 0.636353
0 0.788235 0.621203 0.941176 0.633832
0 0.243291 0.636353 0.705882 0.648978
0 0.772054 0.636353 0.941176 0.651503
