0 0.632941 0.148182 0.778824 0.168182
0 0.785882 0.148182 0.941176 0.168182
0 0.632941 0.170909 0.778824 0.190909
0 0.785882 0.170909 0.941176 0.190909
0 0.632941 0.193636 0.778824 0.213636
0 0.785882 0.193636 0.941176 0.213636
0 0.632941 0.216364 0.778824 0.236364
0 0.785882 0.216364 0.941176 0.236364
0 0.632941 0.261818 0.778824 0.281818
0 0.785882 0.261818 0.941176 0.281818
0 0.785882 0.284545 0.941176 0.304545
0 0.785882 0.307273 0.941176 0.327273
0 0.785882 0.330000 0.941176 0.350000
0 0.785882 0.352727 0.941176 0.372727
0 0.785882 0.375455 0.941176 0.395455
0 0.785882 0.398182 0.941176 0.418182
0 0.785882 0.420909 0.941176 0.440909
0 0.785882 0.443636 0.941176 0.463636
0 0.785882 0.466364 0.941176 0.500000
0 0.785882 0.502727 0.941176 0.522727
0 0.785882 0.525455 0.941176 0.545455
0 0.785882 0.548182 0.941176 0.568182
0 0.785882 0.570909 0.941176 0.590909
0 0.632941 0.639091 0.778824 0.659091
0 0.785882 0.639091 0.941176 0.659091
0 0.632941 0.661818 0.778824 0.681818
0 0.785882 0.661818 0.941176 0.681818
0 0.632941 0.684545 0.778824 0.704545
0 0.785882 0.684545 0.941176 0.704545
0 0.632941 0.707273 0.778824 0.740909
0 0.632941 0.766364 0.778824 0.786364
0 0.632941 0.789091 0.778824 0.809091
0 0.632941 0.811818 0.778824 0.831818
0 0.058824 0.848182 0.625882 0.877273
0 0.632941 0.848182 0.778824 0.877273
