0 0.058824 0.061818 0.941176 0.081818
0 0.594118 0.136364 0.700000 0.163636
0 0.711765 0.136364 0.941176 0.163636
0 0.594118 0.163636 0.700000 0.190909
0 0.711765 0.163636 0.941176 0.190909
0 0.594118 0.190909 0.700000 0.222727
0 0.711765 0.190909 0.941176 0.222727
0 0.594118 0.222727 0.700000 0.250000
0 0.711765 0.222727 0.941176 0.250000
0 0.594118 0.250000 0.700000 0.277273
0 0.711765 0.250000 0.941176 0.277273
0 0.711765 0.304545 0.941176 0.331818
0 0.711765 0.331818 0.941176 0.359091
0 0.711765 0.359091 0.941176 0.386364
0 0.711765 0.386364 0.941176 0.440909
0 0.058824 0.457273 0.584706 0.486364
0 0.591765 0.457273 0.702353 0.486364
0 0.711765 0.457273 0.935294 0.486364
