0 0.235312 0.106059 0.435294 0.121210
0 0.517665 0.106059 0.717647 0.121210
0 0.152941 0.136365 0.694118 0.151518
0 0.152941 0.164140 0.694118 0.181818
0 0.152941 0.194444 0.694118 0.212122
0 0.694118 0.136364 0.941176 0.151514
0 0.717647 0.169192 0.730719 0.179293
0 0.717647 0.184342 0.730719 0.194443
0 0.717647 0.199492 0.730719 0.209593
0 0.835294 0.169192 0.848366 0.179293
0 0.835294 0.184342 0.848366 0.194443
0 0.082353 0.255049 0.741176 0.272727
0 0.741176 0.255049 0.941176 0.272727
0 0.483317 0.348482 0.517647 0.363633
0 0.537255 0.348482 0.575178 0.363633
0 0.600964 0.348482 0.635294 0.363633
0 0.654902 0.348482 0.692825 0.363633
0 0.718611 0.348482 0.752941 0.363633
0 0.772549 0.348482 0.811765 0.363633
0 0.458824 0.393936 0.576471 0.409087
0 0.576471 0.393936 0.694118 0.409087
0 0.694118 0.393936 0.811765 0.409087
0 0.811765 0.363633 0.941176 0.409087
0 0.458824 0.530299 0.576471 0.545451
0 0.576471 0.530299 0.694118 0.545451
0 0.694118 0.530299 0.811765 0.545451
0 0.811765 0.530299 0.941176 0.545451
0 0.458824 0.575754 0.576471 0.590905
0 0.576471 0.575754 0.694118 0.590905
0 0.694118 0.575754 0.811765 0.590905
0 0.811765 0.545451 0.941176 0.590905
0 0.458824 0.606057 0.576471 0.621210
0 0.576471 0.606057 0.694118 0.621210
0 0.694118 0.606057 0.811765 0.621210
0 0.811765 0.590905 0.941176 0.621210
0 0.458824 0.621210 0.576471 0.696968
0 0.576471 0.681816 0.694118 0.696968
0 0.694118 0.681816 0.811765 0.696968
0 0.811765 0.621210 0.941176 0.696968
0 0.458824 0.696968 0.576471 0.742423
0 0.576471 0.727271 0.694118 0.742423
0 0.694118 0.727271 0.811765 0.742423
0 0.811765 0.696968 0.941176 0.742423
0 0.458824 0.742423 0.576471 0.772727
0 0.576471 0.757575 0.694118 0.772727
0 0.694118 0.757575 0.811765 0.772727
0 0.811765 0.757575 0.941176 0.772727
0 0.458824 0.772723 0.576471 0.803028
0 0.576471 0.787875 0.694118 0.803028
0 0.694118 0.787875 0.811765 0.803028
0 0.811765 0.787875 0.941176 0.803028
0 0.811765 0.818182 0.941176 0.833332
0 0.811765 0.848486 0.941176 0.863636
