0 0.517647 0.075759 0.576471 0.090909
0 0.922876 0.109847 0.935948 0.119948
0 0.058824 0.150494 0.681127 0.166668
0 0.682353 0.150494 0.941176 0.166668
0 0.058824 0.179294 0.941176 0.196972
0 0.058824 0.209595 0.681127 0.227273
0 0.682353 0.209595 0.941176 0.227273
0 0.058824 0.239899 0.941176 0.257577
0 0.058824 0.270203 0.681127 0.287881
0 0.111111 0.320706 0.124183 0.330807
0 0.440523 0.320706 0.453595 0.330807
0 0.758170 0.320706 0.771242 0.330807
0 0.111111 0.351010 0.124183 0.361111
0 0.440523 0.351010 0.453595 0.361111
0 0.788235 0.393941 0.823529 0.409091
0 0.835294 0.393941 0.870181 0.409091
0 0.882353 0.393941 0.941176 0.409091
0 0.788235 0.426765 0.801307 0.436866
0 0.894118 0.426765 0.907190 0.436866
0 0.788235 0.454545 0.941176 0.469696
0 0.788235 0.502524 0.801307 0.512625
0 0.894118 0.502524 0.907190 0.512625
0 0.788235 0.560605 0.941176 0.575755
0 0.788235 0.590909 0.941176 0.606059
0 0.788235 0.621213 0.941176 0.636364
0 0.788235 0.636364 0.941176 0.651514
0 0.788235 0.666668 0.923203 0.681818
0 0.788235 0.696968 0.941176 0.712119
0 0.788235 0.712122 0.923203 0.727273
0 0.788235 0.727273 0.941176 0.742423
0 0.788235 0.757577 0.941176 0.772727
0 0.788235 0.787878 0.941176 0.803028
