0 0.131046 0.118686 0.729412 0.136364
0 0.731046 0.118686 0.941176 0.136364
0 0.131046 0.148990 0.941176 0.166668
0 0.131046 0.179294 0.941176 0.196972
0 0.105882 0.215759 0.118954 0.225860
0 0.105882 0.229798 0.118954 0.239899
0 0.105882 0.259218 0.118954 0.269319
0 0.436928 0.227273 0.941176 0.272727
0 0.729412 0.285354 0.800000 0.303032
0 0.800000 0.285354 0.870588 0.303032
0 0.870588 0.285354 0.941176 0.303032
0 0.729412 0.315658 0.835294 0.333336
0 0.835294 0.315658 0.941176 0.333336
0 0.105882 0.365529 0.118954 0.375630
0 0.247059 0.365529 0.260131 0.375630
0 0.411765 0.365529 0.424837 0.375630
0 0.729412 0.345958 0.800000 0.378787
0 0.800000 0.345958 0.870588 0.378787
0 0.870588 0.345958 0.941176 0.378787
