0 0.058826 0.148996 0.941213 0.166675
0 0.058826 0.179301 0.822336 0.196980
0 0.825196 0.179301 0.941213 0.196980
0 0.058826 0.209603 0.941213 0.227282
0 0.801077 0.275265 0.814150 0.285366
0 0.870622 0.272738 0.941213 0.287889
0 0.801077 0.305567 0.814150 0.315668
0 0.870622 0.303044 0.941213 0.318195
0 0.801077 0.351024 0.814150 0.361126
0 0.870622 0.348500 0.941213 0.363651
0 0.801077 0.396481 0.814150 0.406582
0 0.870622 0.393957 0.941213 0.409107
0 0.801077 0.441937 0.814150 0.452038
0 0.870622 0.439413 0.941213 0.454564
0 0.801077 0.487393 0.814150 0.497495
0 0.870622 0.484869 0.941213 0.500020
0 0.143535 0.909128 0.855328 0.954584
