0 0.738562 0.035354 0.939542 0.051768
0 0.741830 0.068182 0.937908 0.083333
0 0.058824 0.097222 0.852941 0.112374
0 0.078431 0.131313 0.874183 0.147727
0 0.274510 0.189394 0.676471 0.204545
0 0.117647 0.220960 0.225490 0.237374
0 0.274510 0.220960 0.535948 0.237374
0 0.674837 0.220960 0.939542 0.237374
0 0.058824 0.257576 0.285948 0.272727
0 0.602941 0.257576 0.939542 0.272727
0 0.066993 0.878788 0.500000 0.893939
0 0.513072 0.878788 0.941176 0.893939
0 0.057190 0.345960 0.941176 0.525253
0 0.093137 0.915404 0.785948 0.930556
0 0.223310 0.745997 0.942260 0.761780
