0 0.630767 0.090913 0.752971 0.106064
0 0.072225 0.133845 0.692919 0.151524
0 0.694145 0.133845 0.941213 0.151524
0 0.072225 0.164147 0.941213 0.181826
0 0.072225 0.194452 0.941213 0.212131
0 0.709178 0.214655 0.722251 0.224757
0 0.709178 0.229806 0.722251 0.239907
0 0.923239 0.244957 0.936311 0.255058
0 0.923239 0.275262 0.936311 0.285364
0 0.923239 0.305252 0.936311 0.315354
0 0.788266 0.363651 0.904692 0.378802
0 0.905918 0.363651 0.941213 0.378802
0 0.788266 0.378802 0.904692 0.393953
0 0.905918 0.378802 0.941213 0.393953
0 0.788266 0.409107 0.857143 0.424258
0 0.870622 0.409107 0.905686 0.424258
0 0.788266 0.439413 0.904692 0.454564
0 0.905918 0.439413 0.941213 0.454564
0 0.600024 0.484869 0.716450 0.500020
0 0.717675 0.484869 0.751745 0.500020
0 0.600024 0.515171 0.716450 0.530322
0 0.717675 0.515171 0.751745 0.530322
0 0.788266 0.560627 0.904692 0.575778
0 0.905918 0.560627 0.941213 0.575778
0 0.788266 0.590933 0.904692 0.606084
0 0.905918 0.590933 0.941213 0.606084
0 0.600024 0.621238 0.716450 0.636389
0 0.717675 0.621238 0.751745 0.636389
0 0.788266 0.651540 0.904692 0.666691
0 0.905918 0.651540 0.941213 0.666691
0 0.788266 0.681846 0.904692 0.696997
0 0.905918 0.681846 0.941213 0.696997
0 0.788266 0.712151 0.904692 0.727302
0 0.905918 0.712151 0.941213 0.727302
0 0.788266 0.742453 0.904692 0.757604
0 0.905918 0.742453 0.941213 0.757604
0 0.658849 0.810638 0.941213 0.825791
0 0.142816 0.861147 0.387025 0.878826
0 0.789212 0.853571 0.802285 0.863673
0 0.823562 0.861147 0.941213 0.878826
0 0.219616 0.878822 0.704684 0.893973
0 0.232689 0.893977 0.704684 0.909128
0 0.774540 0.878822 0.941213 0.893973
0 0.774540 0.893977 0.941213 0.909128
