0 0.196086 0.106064 0.223538 0.121215
0 0.377139 0.106064 0.552963 0.121215
0 0.584337 0.106064 0.611789 0.121215
0 0.701661 0.106064 0.882388 0.121215
0 0.913761 0.106064 0.941213 0.121215
0 0.924873 0.123742 0.937945 0.133844
0 0.058826 0.179301 0.634093 0.196980
0 0.635319 0.179301 0.941213 0.196349
0 0.058826 0.209603 0.633685 0.242433
0 0.058826 0.255060 0.633685 0.287889
0 0.058826 0.343448 0.681154 0.363651
0 0.682380 0.343448 0.941213 0.363651
0 0.058826 0.376278 0.941213 0.409107
0 0.058826 0.421734 0.941213 0.454564
0 0.517667 0.484869 0.634093 0.500020
0 0.517667 0.500020 0.634093 0.515171
0 0.517667 0.515171 0.634093 0.530322
0 0.670615 0.560627 0.787041 0.575778
0 0.677151 0.590933 0.781730 0.606084
0 0.677151 0.621238 0.781730 0.636389
0 0.823562 0.636389 0.941213 0.651540
0 0.670615 0.666695 0.787041 0.681846
0 0.677151 0.696997 0.781730 0.712148
0 0.677151 0.727302 0.781730 0.742453
0 0.823562 0.742453 0.941213 0.757604
0 0.670615 0.757608 0.787041 0.772758
0 0.677151 0.787909 0.781730 0.803060
0 0.677151 0.818215 0.781730 0.833366
0 0.823562 0.833366 0.941213 0.848517
0 0.670615 0.848520 0.787041 0.863671
0 0.677151 0.878822 0.781730 0.893973
0 0.677151 0.909128 0.781730 0.924279
0 0.823562 0.924279 0.941213 0.939429
