0 0.611789 0.090913 0.647084 0.106064
0 0.705910 0.090913 0.741206 0.106064
0 0.800031 0.090913 0.835327 0.106064
0 0.894153 0.090913 0.929448 0.106064
0 0.564728 0.151528 0.657624 0.166678
0 0.658849 0.151528 0.751745 0.166678
0 0.752971 0.151528 0.845867 0.166678
0 0.847092 0.151528 0.941213 0.166678
0 0.564728 0.181831 0.657624 0.196984
0 0.658849 0.181831 0.751745 0.196984
0 0.752971 0.181831 0.845867 0.196984
0 0.847092 0.181831 0.941213 0.196984
0 0.564728 0.196984 0.657624 0.212135
0 0.658849 0.196984 0.751745 0.212135
0 0.752971 0.196984 0.845867 0.212135
0 0.847092 0.196984 0.941213 0.212135
0 0.564728 0.212135 0.657624 0.227286
0 0.658849 0.212135 0.751745 0.227286
0 0.752971 0.212135 0.845867 0.227286
0 0.847092 0.212135 0.941213 0.227286
0 0.564728 0.242438 0.657624 0.257591
0 0.658849 0.242438 0.751745 0.257591
0 0.752971 0.242438 0.845867 0.257591
0 0.847092 0.242438 0.941213 0.257591
0 0.564728 0.257591 0.657624 0.272742
0 0.658849 0.257591 0.751745 0.272742
0 0.752971 0.257591 0.845867 0.272742
0 0.847092 0.257591 0.941213 0.272742
0 0.564728 0.318200 0.657624 0.333353
0 0.658849 0.318200 0.751745 0.333353
0 0.752971 0.318200 0.845867 0.333353
0 0.847092 0.318200 0.941213 0.333353
0 0.571264 0.348505 0.652313 0.363659
0 0.665386 0.348505 0.746434 0.363659
0 0.759507 0.348505 0.840556 0.363659
0 0.853628 0.348505 0.934677 0.363659
0 0.571264 0.378811 0.652313 0.393964
0 0.665386 0.378811 0.746434 0.393964
0 0.759507 0.378811 0.840556 0.393964
0 0.853628 0.378811 0.934677 0.393964
0 0.564728 0.393964 0.657624 0.409115
0 0.658849 0.393964 0.751745 0.409115
0 0.752971 0.393964 0.845867 0.409115
0 0.847092 0.393964 0.941213 0.409115
0 0.564728 0.424267 0.657624 0.439421
0 0.658849 0.424267 0.751745 0.439421
0 0.752971 0.424267 0.845867 0.439421
0 0.847092 0.424267 0.941213 0.439421
0 0.571264 0.454573 0.652313 0.469726
0 0.665386 0.454573 0.746434 0.469726
0 0.759507 0.454573 0.840556 0.469726
0 0.853628 0.454573 0.934677 0.469726
0 0.571264 0.484878 0.652313 0.500032
0 0.665386 0.484878 0.746434 0.500032
0 0.759507 0.484878 0.840556 0.500032
0 0.853628 0.484878 0.934677 0.500032
0 0.564728 0.500032 0.657624 0.515182
0 0.658849 0.500032 0.751745 0.515182
0 0.752971 0.500032 0.845867 0.515182
0 0.847092 0.500032 0.941213 0.515182
0 0.564728 0.530335 0.657624 0.545488
0 0.658849 0.530335 0.751745 0.545488
0 0.752971 0.530335 0.845867 0.545488
0 0.847092 0.530335 0.941213 0.545488
0 0.571264 0.560640 0.652313 0.575793
0 0.665386 0.560640 0.746434 0.575793
0 0.759507 0.560640 0.840556 0.575793
0 0.853628 0.560640 0.934677 0.575793
0 0.571264 0.590946 0.652313 0.606099
0 0.665386 0.590946 0.746434 0.606099
0 0.759507 0.590946 0.840556 0.606099
0 0.853628 0.590946 0.934677 0.606099
0 0.564728 0.606099 0.657624 0.621250
0 0.658849 0.606099 0.751745 0.621250
0 0.752971 0.606099 0.845867 0.621250
0 0.847092 0.606099 0.941213 0.621250
0 0.564728 0.636402 0.657624 0.651555
0 0.658849 0.636402 0.751745 0.651555
0 0.752971 0.636402 0.845867 0.651555
0 0.847092 0.636402 0.941213 0.651555
0 0.571264 0.666707 0.652313 0.681861
0 0.665386 0.666707 0.746434 0.681861
0 0.759507 0.666707 0.840556 0.681861
0 0.853628 0.666707 0.934677 0.681861
0 0.571264 0.697013 0.652313 0.712166
0 0.665386 0.697013 0.746434 0.712166
0 0.759507 0.697013 0.840556 0.712166
0 0.853628 0.697013 0.934677 0.712166
0 0.564728 0.712166 0.657624 0.727317
0 0.658849 0.712166 0.751745 0.727317
0 0.752971 0.712166 0.845867 0.727317
0 0.847092 0.712166 0.941213 0.727317
0 0.564728 0.757622 0.657624 0.772774
0 0.658849 0.757622 0.751745 0.772774
0 0.752971 0.757622 0.845867 0.772774
0 0.847092 0.757622 0.941213 0.772774
0 0.571264 0.787926 0.652313 0.803079
0 0.665386 0.787926 0.746434 0.803079
0 0.759507 0.787926 0.840556 0.803079
0 0.853628 0.787926 0.934677 0.803079
0 0.571264 0.818231 0.652313 0.833385
0 0.665386 0.818231 0.746434 0.833385
0 0.759507 0.818231 0.840556 0.833385
0 0.853628 0.818231 0.934677 0.833385
0 0.564728 0.833385 0.657624 0.848536
0 0.658849 0.833385 0.751745 0.848536
0 0.752971 0.833385 0.845867 0.848536
0 0.847092 0.833385 0.941213 0.848536
0 0.564728 0.863686 0.657624 0.878837
0 0.658849 0.863686 0.751745 0.878837
0 0.752971 0.863686 0.845867 0.878837
0 0.847092 0.863686 0.941213 0.878837
0 0.564728 0.878837 0.657624 0.893988
0 0.658849 0.878837 0.751745 0.893988
0 0.752971 0.878837 0.845867 0.893988
0 0.847092 0.878837 0.941213 0.893988
0 0.564728 0.893988 0.657624 0.909139
0 0.658849 0.893988 0.751745 0.909139
0 0.752971 0.893988 0.845867 0.909139
0 0.847092 0.893988 0.941213 0.909139
0 0.564728 0.909139 0.657624 0.924290
0 0.658849 0.909139 0.751745 0.924290
0 0.752971 0.909139 0.845867 0.924290
0 0.847092 0.909139 0.941213 0.924290
0 0.564728 0.924290 0.657624 0.939441
0 0.658849 0.924290 0.751745 0.939441
0 0.752971 0.924290 0.845867 0.939441
0 0.847092 0.924290 0.941213 0.939441
0 0.564728 0.939441 0.657624 0.954592
0 0.658849 0.939441 0.751745 0.954592
0 0.752971 0.939441 0.845867 0.954592
0 0.847092 0.939441 0.941213 0.954592
