0 0.062092 0.073231 0.587010 0.106059
0 0.588235 0.073231 0.941176 0.106059
0 0.062092 0.118686 0.937908 0.151514
0 0.058824 0.164140 0.941176 0.181818
0 0.223529 0.257573 0.270588 0.287878
0 0.223529 0.287878 0.270588 0.318182
0 0.223529 0.318182 0.270588 0.348486
0 0.223529 0.348486 0.270588 0.378790
0 0.223529 0.378790 0.270588 0.409095
0 0.223529 0.409095 0.270588 0.439399
0 0.223529 0.439399 0.270588 0.469703
0 0.223529 0.469703 0.270588 0.500008
0 0.223529 0.500008 0.270588 0.530312
0 0.223529 0.530312 0.270588 0.560616
0 0.223529 0.560616 0.270588 0.590920
0 0.223529 0.590920 0.270588 0.621225
0 0.223529 0.621225 0.270588 0.651529
0 0.223529 0.651529 0.270588 0.681833
0 0.223529 0.681833 0.270588 0.712138
0 0.223529 0.712138 0.270588 0.742442
0 0.223529 0.742442 0.270588 0.772746
0 0.223529 0.772746 0.270588 0.803050
0 0.447059 0.257573 0.494118 0.287878
0 0.447059 0.287878 0.494118 0.318182
0 0.447059 0.318182 0.494118 0.348486
0 0.447059 0.348486 0.494118 0.378790
0 0.447059 0.378790 0.494118 0.409095
0 0.447059 0.409095 0.494118 0.439399
0 0.447059 0.439399 0.494118 0.469703
0 0.447059 0.469703 0.494118 0.500008
0 0.447059 0.500008 0.494118 0.530312
0 0.447059 0.530312 0.494118 0.560616
0 0.447059 0.560616 0.494118 0.590920
0 0.447059 0.590920 0.494118 0.621225
0 0.447059 0.621225 0.494118 0.651529
0 0.447059 0.651529 0.494118 0.681833
0 0.447059 0.681833 0.494118 0.712138
0 0.447059 0.712138 0.494118 0.742442
0 0.447059 0.742442 0.494118 0.772746
0 0.447059 0.772746 0.494118 0.803050
0 0.670588 0.257573 0.717647 0.287878
0 0.670588 0.287878 0.717647 0.318182
0 0.670588 0.318182 0.717647 0.348486
0 0.670588 0.348486 0.717647 0.378790
0 0.670588 0.378790 0.717647 0.409095
0 0.670588 0.409095 0.717647 0.439399
0 0.670588 0.439399 0.717647 0.469703
0 0.670588 0.469703 0.717647 0.500008
0 0.670588 0.500008 0.717647 0.530312
0 0.670588 0.530312 0.717647 0.560616
0 0.670588 0.560616 0.717647 0.590920
0 0.670588 0.590920 0.717647 0.621225
0 0.670588 0.621225 0.717647 0.651529
0 0.670588 0.651529 0.717647 0.681833
0 0.670588 0.681833 0.717647 0.712138
0 0.670588 0.712138 0.717647 0.742442
0 0.670588 0.742442 0.717647 0.772746
0 0.670588 0.772746 0.717647 0.803050
0 0.894118 0.257573 0.941176 0.287878
0 0.894118 0.287878 0.941176 0.318182
0 0.894118 0.318182 0.941176 0.348486
0 0.894118 0.348486 0.941176 0.378790
0 0.894118 0.378790 0.941176 0.409095
0 0.894118 0.409095 0.941176 0.439399
0 0.894118 0.439399 0.941176 0.469703
0 0.894118 0.469703 0.941176 0.500008
0 0.894118 0.500008 0.941176 0.530312
0 0.894118 0.530312 0.941176 0.560616
0 0.894118 0.560616 0.941176 0.590920
0 0.894118 0.590920 0.941176 0.621225
0 0.894118 0.621225 0.941176 0.651529
0 0.894118 0.651529 0.941176 0.681833
0 0.894118 0.681833 0.941176 0.712138
0 0.894118 0.772746 0.941176 0.803050
0 0.894118 0.803032 0.941176 0.833340
