0 0.823529 0.151514 0.941176 0.166664
0 0.823529 0.227273 0.941176 0.242423
0 0.823529 0.287878 0.941176 0.303028
0 0.823529 0.318182 0.941176 0.333332
0 0.823529 0.333332 0.941176 0.348482
0 0.823529 0.348486 0.941176 0.363636
0 0.823529 0.393941 0.941176 0.409091
0 0.823529 0.439395 0.941176 0.454545
0 0.823529 0.545455 0.941176 0.560605
0 0.823529 0.560605 0.941176 0.575755
0 0.823529 0.575759 0.941176 0.590909
0 0.823529 0.590909 0.941176 0.606059
0 0.823529 0.606059 0.941176 0.621210
0 0.823529 0.666668 0.941176 0.681818
0 0.823529 0.712122 0.941176 0.727273
0 0.823529 0.803032 0.941176 0.818182
