0 0.496425 0.119323 0.509497 0.129424
0 0.564728 0.151520 0.657624 0.166671
0 0.658849 0.151520 0.751745 0.166671
0 0.752971 0.151520 0.845867 0.166671
0 0.847092 0.151520 0.941213 0.166671
0 0.564728 0.181823 0.657624 0.196976
0 0.658849 0.181823 0.751745 0.196976
0 0.752971 0.181823 0.845867 0.196976
0 0.847092 0.181823 0.941213 0.196976
0 0.564728 0.212129 0.657624 0.227282
0 0.658849 0.212129 0.751745 0.227282
0 0.752971 0.212129 0.845867 0.227282
0 0.847092 0.212129 0.941213 0.227282
0 0.564728 0.257586 0.657624 0.272738
0 0.658849 0.257586 0.751745 0.272738
0 0.752971 0.257586 0.845867 0.272738
0 0.847092 0.257586 0.941213 0.272738
0 0.564728 0.318195 0.657624 0.333346
0 0.658849 0.318195 0.751745 0.333346
0 0.752971 0.318195 0.845867 0.333346
0 0.847092 0.318195 0.941213 0.333346
0 0.564728 0.348498 0.657624 0.363651
0 0.658849 0.348498 0.751745 0.363651
0 0.752971 0.348498 0.845867 0.363651
0 0.847092 0.348498 0.941213 0.363651
0 0.564728 0.378803 0.657624 0.393957
0 0.658849 0.378803 0.751745 0.393957
0 0.752971 0.378803 0.845867 0.393957
0 0.847092 0.378803 0.941213 0.393957
0 0.564728 0.409109 0.657624 0.424262
0 0.658849 0.409109 0.751745 0.424262
0 0.752971 0.409109 0.845867 0.424262
0 0.847092 0.409109 0.941213 0.424262
0 0.564728 0.439414 0.657624 0.454568
0 0.658849 0.439414 0.751745 0.454568
0 0.752971 0.439414 0.845867 0.454568
0 0.847092 0.439414 0.941213 0.454568
0 0.564728 0.469720 0.657624 0.484873
0 0.658849 0.469720 0.751745 0.484873
0 0.752971 0.469720 0.845867 0.484873
0 0.847092 0.469720 0.941213 0.484873
0 0.564728 0.500025 0.657624 0.515179
0 0.658849 0.500025 0.751745 0.515179
0 0.752971 0.500025 0.845867 0.515179
0 0.847092 0.500025 0.941213 0.515179
0 0.564728 0.530331 0.657624 0.545484
0 0.658849 0.530331 0.751745 0.545484
0 0.752971 0.530331 0.845867 0.545484
0 0.847092 0.530331 0.941213 0.545484
0 0.564728 0.560636 0.657624 0.575790
0 0.658849 0.560636 0.751745 0.575790
0 0.752971 0.560636 0.845867 0.575790
0 0.847092 0.560636 0.941213 0.575790
0 0.564728 0.590942 0.657624 0.606095
0 0.658849 0.590942 0.751745 0.606095
0 0.752971 0.590942 0.845867 0.606095
0 0.847092 0.590942 0.941213 0.606095
0 0.564728 0.621247 0.657624 0.636401
0 0.658849 0.621247 0.751745 0.636401
0 0.752971 0.621247 0.845867 0.636401
0 0.847092 0.621247 0.941213 0.636401
0 0.564728 0.666705 0.657624 0.681857
0 0.658849 0.666705 0.751745 0.681857
0 0.752971 0.666705 0.845867 0.681857
0 0.847092 0.666705 0.941213 0.681857
0 0.564728 0.681857 0.657624 0.697008
0 0.658849 0.681857 0.751745 0.697008
0 0.752971 0.681857 0.845867 0.697008
0 0.847092 0.681857 0.941213 0.697008
0 0.564728 0.712160 0.657624 0.727314
0 0.658849 0.712160 0.751745 0.727314
0 0.752971 0.712160 0.845867 0.727314
0 0.847092 0.712160 0.941213 0.727314
0 0.564728 0.742466 0.657624 0.757619
0 0.658849 0.742466 0.751745 0.757619
0 0.752971 0.742466 0.845867 0.757619
0 0.847092 0.742466 0.941213 0.757619
0 0.564728 0.757619 0.657624 0.772770
0 0.658849 0.757619 0.751745 0.772770
0 0.752971 0.757619 0.845867 0.772770
0 0.847092 0.757619 0.941213 0.772770
0 0.564728 0.787922 0.657624 0.803075
0 0.658849 0.787922 0.751745 0.803075
0 0.752971 0.787922 0.845867 0.803075
0 0.847092 0.772770 0.941213 0.803075
0 0.564728 0.818227 0.657624 0.833381
0 0.658849 0.818227 0.751745 0.833381
0 0.752971 0.818227 0.845867 0.833381
0 0.847092 0.803075 0.941213 0.833381
0 0.564728 0.848533 0.657624 0.863686
0 0.658849 0.848533 0.751745 0.863686
0 0.752971 0.848533 0.845867 0.863686
0 0.847092 0.833381 0.941213 0.863686
0 0.564728 0.863686 0.657624 0.878837
0 0.658849 0.863686 0.751745 0.878837
0 0.752971 0.863686 0.845867 0.878837
0 0.847092 0.863686 0.941213 0.878837
0 0.564728 0.878837 0.657624 0.893988
0 0.658849 0.878837 0.751745 0.893988
0 0.752971 0.878837 0.845867 0.893988
0 0.847092 0.878837 0.941213 0.893988
0 0.564728 0.924292 0.657624 0.939445
0 0.658849 0.924292 0.751745 0.939445
0 0.752971 0.924292 0.845867 0.939445
0 0.847092 0.924292 0.941213 0.939445
