0 0.058826 0.118690 0.692919 0.136369
0 0.694145 0.118690 0.941213 0.136369
0 0.105887 0.214655 0.118959 0.224757
0 0.105887 0.229175 0.118959 0.239276
0 0.811797 0.272738 0.941213 0.287889
0 0.811797 0.333346 0.941213 0.348496
0 0.811797 0.363651 0.941213 0.378802
0 0.517667 0.439412 0.623554 0.454564
0 0.623554 0.439412 0.729440 0.454564
0 0.729440 0.439412 0.835327 0.454564
0 0.835327 0.439412 0.941213 0.454564
0 0.517667 0.515172 0.622328 0.530326
0 0.623554 0.515172 0.728215 0.530326
0 0.729440 0.515172 0.834101 0.530326
0 0.835327 0.515172 0.941213 0.530326
0 0.517667 0.560630 0.622328 0.575782
0 0.623554 0.560630 0.728215 0.575782
0 0.729440 0.560630 0.834101 0.575782
0 0.835327 0.560630 0.941213 0.575782
0 0.517667 0.606088 0.622328 0.621238
0 0.623554 0.606088 0.728215 0.621238
0 0.729440 0.606088 0.834101 0.621238
0 0.835327 0.606088 0.941213 0.621238
0 0.517667 0.621238 0.622328 0.651544
0 0.623554 0.636391 0.728215 0.651544
0 0.729440 0.636391 0.834101 0.651544
0 0.835327 0.636391 0.941213 0.651544
0 0.517667 0.651544 0.622328 0.681850
0 0.623554 0.666696 0.728215 0.681850
0 0.729440 0.666696 0.834101 0.681850
0 0.835327 0.666696 0.941213 0.681850
0 0.517667 0.697002 0.622328 0.712155
0 0.623554 0.697002 0.728215 0.712155
0 0.729440 0.697002 0.834101 0.712155
0 0.835327 0.697002 0.941213 0.712155
0 0.517667 0.712155 0.622328 0.742461
0 0.623554 0.727307 0.728215 0.742461
0 0.729440 0.727307 0.834101 0.742461
0 0.835327 0.712155 0.941213 0.742461
0 0.517667 0.772765 0.622328 0.787917
0 0.623554 0.772765 0.728215 0.787917
0 0.729440 0.772765 0.834101 0.787917
0 0.835327 0.772765 0.941213 0.787917
0 0.517667 0.803069 0.622328 0.818222
0 0.623554 0.803069 0.728215 0.818222
0 0.729440 0.803069 0.834101 0.818222
0 0.835327 0.787917 0.941213 0.818222
