0 0.670615 0.075762 0.787041 0.090913
0 0.677151 0.106064 0.781730 0.121215
0 0.677151 0.136369 0.781730 0.151520
0 0.823562 0.151520 0.941213 0.166671
0 0.670615 0.181826 0.787041 0.196976
0 0.670615 0.196976 0.787041 0.212127
0 0.670615 0.212131 0.787041 0.227282
0 0.670615 0.227282 0.787041 0.242433
0 0.670615 0.242433 0.787041 0.257584
0 0.823562 0.257587 0.941213 0.272738
0 0.670615 0.299253 0.787041 0.314404
0 0.670615 0.340923 0.787041 0.356074
0 0.670615 0.382592 0.787041 0.397743
0 0.670615 0.439413 0.787041 0.454564
0 0.670615 0.481083 0.787041 0.496233
0 0.670615 0.537899 0.787041 0.553050
0 0.670615 0.590933 0.787041 0.606084
0 0.823562 0.606084 0.941213 0.621235
0 0.760161 0.623763 0.773233 0.633864
0 0.823562 0.621238 0.941213 0.636389
0 0.823562 0.636389 0.941213 0.651540
0 0.823562 0.681846 0.941213 0.696997
0 0.823562 0.696997 0.941213 0.712148
0 0.823562 0.712151 0.941213 0.727302
0 0.823562 0.727302 0.941213 0.742453
0 0.823562 0.742453 0.941213 0.757604
0 0.670615 0.772758 0.787041 0.787909
0 0.494137 0.840943 0.776501 0.856096
0 0.800031 0.840943 0.941213 0.856096
0 0.154581 0.891449 0.398790 0.909128
0 0.804932 0.882609 0.818004 0.892710
0 0.847092 0.891449 0.941213 0.909128
0 0.229748 0.909128 0.751745 0.924279
0 0.242820 0.924279 0.751745 0.939429
0 0.818333 0.909128 0.941213 0.924279
0 0.818333 0.924279 0.941213 0.939429
