0 0.058824 0.149621 0.071895 0.159722
0 0.494118 0.149621 0.507190 0.159722
0 0.329412 0.166668 0.776471 0.196972
0 0.058824 0.209595 0.539951 0.242423
0 0.541176 0.209595 0.941176 0.242423
0 0.058824 0.255049 0.539951 0.287878
0 0.470588 0.290401 0.483660 0.300503
0 0.541176 0.267676 0.941176 0.303028
0 0.058824 0.333332 0.941176 0.348482
0 0.058824 0.378787 0.941176 0.439391
0 0.058824 0.454545 0.941176 0.515150
0 0.235294 0.530304 0.529412 0.545455
0 0.658824 0.530304 0.941176 0.545455
0 0.206536 0.545455 0.264052 0.560605
0 0.270588 0.545455 0.529412 0.560605
0 0.665359 0.545455 0.722876 0.560605
0 0.729412 0.545455 0.941176 0.560605
0 0.105882 0.594064 0.118954 0.604165
0 0.129412 0.609215 0.142484 0.619316
0 0.305882 0.609215 0.318954 0.619316
0 0.705882 0.609215 0.718954 0.619316
0 0.129412 0.624369 0.142484 0.634470
0 0.447059 0.621213 0.941176 0.636364
0 0.352941 0.636364 0.505882 0.651514
0 0.776471 0.636364 0.941176 0.651514
0 0.129412 0.654669 0.142484 0.664770
0 0.482353 0.651514 0.682353 0.666664
0 0.729412 0.651514 0.941176 0.666664
0 0.129412 0.669823 0.142484 0.679924
0 0.576471 0.666668 0.729412 0.681818
0 0.776471 0.666668 0.941176 0.681818
0 0.105882 0.684974 0.118954 0.695075
0 0.400000 0.684974 0.413072 0.695075
0 0.517647 0.684974 0.530719 0.695075
0 0.705882 0.684974 0.718954 0.695075
0 0.105882 0.700124 0.118954 0.710225
0 0.247059 0.700124 0.260131 0.710225
0 0.400000 0.700126 0.413072 0.710227
0 0.517647 0.700126 0.530719 0.710227
0 0.705882 0.700124 0.718954 0.710225
0 0.247059 0.715278 0.260131 0.725379
0 0.400000 0.715278 0.413072 0.725379
0 0.517647 0.715278 0.530719 0.725379
0 0.705882 0.715278 0.718954 0.725379
0 0.105882 0.730428 0.118954 0.740529
0 0.105882 0.745578 0.118954 0.755679
0 0.200000 0.760732 0.213072 0.770833
0 0.352941 0.760732 0.366013 0.770833
0 0.517647 0.760732 0.530719 0.770833
0 0.694118 0.760732 0.707190 0.770833
0 0.388235 0.772727 0.941176 0.787878
0 0.552941 0.787878 0.941176 0.803028
0 0.105882 0.821337 0.118954 0.831438
0 0.105882 0.836487 0.118954 0.846588
0 0.494118 0.833332 0.717647 0.848482
0 0.200000 0.851641 0.213072 0.861742
0 0.352941 0.851641 0.366013 0.861742
0 0.517647 0.851645 0.530719 0.861746
0 0.105882 0.866792 0.118954 0.876893
0 0.129412 0.881942 0.142484 0.892043
0 0.294118 0.881942 0.307190 0.892043
0 0.517647 0.881942 0.530719 0.892043
0 0.129412 0.897096 0.142484 0.907197
0 0.294118 0.897096 0.307190 0.907197
0 0.435294 0.893941 0.705882 0.909091
0 0.105882 0.912246 0.118954 0.922347
0 0.341176 0.912246 0.354248 0.922347
0 0.435294 0.912246 0.448366 0.922347
0 0.505882 0.912246 0.518954 0.922347
0 0.588235 0.912246 0.601307 0.922347
0 0.729412 0.909091 0.941176 0.924241
0 0.105882 0.926765 0.118954 0.936866
0 0.729412 0.924241 0.941176 0.939391
