0 0.611789 0.090913 0.647084 0.106064
0 0.705910 0.090913 0.741206 0.106064
0 0.800031 0.090913 0.835327 0.106064
0 0.894153 0.090913 0.929448 0.106064
0 0.564728 0.151524 0.657624 0.166675
0 0.658849 0.151524 0.751745 0.166675
0 0.752971 0.151524 0.845867 0.166675
0 0.847092 0.151524 0.941213 0.166675
0 0.564728 0.181827 0.657624 0.196980
0 0.658849 0.181827 0.751745 0.196980
0 0.752971 0.181827 0.845867 0.196980
0 0.847092 0.181827 0.941213 0.196980
0 0.564728 0.196980 0.657624 0.212131
0 0.658849 0.196980 0.751745 0.212131
0 0.752971 0.196980 0.845867 0.212131
0 0.847092 0.196980 0.941213 0.212131
0 0.564728 0.212131 0.657624 0.227282
0 0.658849 0.212131 0.751745 0.227282
0 0.752971 0.212131 0.845867 0.227282
0 0.847092 0.212131 0.941213 0.227282
0 0.564728 0.242434 0.657624 0.257587
0 0.658849 0.242434 0.751745 0.257587
0 0.752971 0.242434 0.845867 0.257587
0 0.847092 0.242434 0.941213 0.257587
0 0.564728 0.257587 0.657624 0.272738
0 0.658849 0.257587 0.751745 0.272738
0 0.752971 0.257587 0.845867 0.272738
0 0.847092 0.257587 0.941213 0.272738
0 0.564728 0.310617 0.657624 0.325768
0 0.658849 0.310617 0.751745 0.325768
0 0.752971 0.310617 0.845867 0.325768
0 0.847092 0.310617 0.941213 0.325768
0 0.570447 0.340920 0.653130 0.356074
0 0.664569 0.340920 0.747251 0.356074
0 0.758690 0.340920 0.841373 0.356074
0 0.852811 0.340920 0.935494 0.356074
0 0.570447 0.371226 0.653130 0.386379
0 0.664569 0.371226 0.747251 0.386379
0 0.758690 0.371226 0.841373 0.386379
0 0.852811 0.371226 0.935494 0.386379
0 0.564728 0.386379 0.657624 0.401530
0 0.658849 0.386379 0.751745 0.401530
0 0.752971 0.386379 0.845867 0.401530
0 0.847092 0.386379 0.941213 0.401530
0 0.564728 0.416682 0.657624 0.431836
0 0.658849 0.416682 0.751745 0.431836
0 0.752971 0.416682 0.845867 0.431836
0 0.847092 0.416682 0.941213 0.431836
0 0.570447 0.446988 0.653130 0.462141
0 0.664569 0.446988 0.747251 0.462141
0 0.758690 0.446988 0.841373 0.462141
0 0.852811 0.446988 0.935494 0.462141
0 0.570447 0.477293 0.653130 0.492447
0 0.664569 0.477293 0.747251 0.492447
0 0.758690 0.477293 0.841373 0.492447
0 0.852811 0.477293 0.935494 0.492447
0 0.564728 0.492447 0.657624 0.507598
0 0.658849 0.492447 0.751745 0.507598
0 0.752971 0.492447 0.845867 0.507598
0 0.847092 0.492447 0.941213 0.507598
0 0.564728 0.522750 0.657624 0.537903
0 0.658849 0.522750 0.751745 0.537903
0 0.752971 0.522750 0.845867 0.537903
0 0.847092 0.522750 0.941213 0.537903
0 0.570447 0.553055 0.653130 0.568209
0 0.664569 0.553055 0.747251 0.568209
0 0.758690 0.553055 0.841373 0.568209
0 0.852811 0.553055 0.935494 0.568209
0 0.570447 0.583361 0.653130 0.598514
0 0.664569 0.583361 0.747251 0.598514
0 0.758690 0.583361 0.841373 0.598514
0 0.852811 0.583361 0.935494 0.598514
0 0.564728 0.598514 0.657624 0.613665
0 0.658849 0.598514 0.751745 0.613665
0 0.752971 0.598514 0.845867 0.613665
0 0.847092 0.598514 0.941213 0.613665
0 0.564728 0.628817 0.657624 0.643970
0 0.658849 0.628817 0.751745 0.643970
0 0.752971 0.628817 0.845867 0.643970
0 0.847092 0.628817 0.941213 0.643970
0 0.570447 0.659123 0.653130 0.674276
0 0.664569 0.659123 0.747251 0.674276
0 0.758690 0.659123 0.841373 0.674276
0 0.852811 0.659123 0.935494 0.674276
0 0.570447 0.689428 0.653130 0.704581
0 0.664569 0.689428 0.747251 0.704581
0 0.758690 0.689428 0.841373 0.704581
0 0.852811 0.689428 0.935494 0.704581
0 0.564728 0.704581 0.657624 0.719732
0 0.658849 0.704581 0.751745 0.719732
0 0.752971 0.704581 0.845867 0.719732
0 0.847092 0.704581 0.941213 0.719732
0 0.564728 0.742461 0.657624 0.757615
0 0.658849 0.742461 0.751745 0.757615
0 0.752971 0.742461 0.845867 0.757615
0 0.847092 0.742461 0.941213 0.757615
0 0.570447 0.772767 0.653130 0.787921
0 0.664569 0.772767 0.747251 0.787921
0 0.758690 0.772767 0.841373 0.787921
0 0.852811 0.772767 0.935494 0.787921
0 0.570447 0.803073 0.653130 0.818226
0 0.664569 0.803073 0.747251 0.818226
0 0.758690 0.803073 0.841373 0.818226
0 0.852811 0.803073 0.935494 0.818226
0 0.564728 0.818226 0.657624 0.833377
0 0.658849 0.818226 0.751745 0.833377
0 0.752971 0.818226 0.845867 0.833377
0 0.847092 0.818226 0.941213 0.833377
0 0.564728 0.848528 0.657624 0.863679
0 0.658849 0.848528 0.751745 0.863679
0 0.752971 0.848528 0.845867 0.863679
0 0.847092 0.848528 0.941213 0.863679
0 0.564728 0.863679 0.657624 0.878830
0 0.658849 0.863679 0.751745 0.878830
0 0.752971 0.863679 0.845867 0.878830
0 0.847092 0.863679 0.941213 0.878830
0 0.564728 0.878830 0.657624 0.893981
0 0.658849 0.878830 0.751745 0.893981
0 0.752971 0.878830 0.845867 0.893981
0 0.847092 0.878830 0.941213 0.893981
0 0.564728 0.893981 0.657624 0.909131
0 0.658849 0.893981 0.751745 0.909131
0 0.752971 0.893981 0.845867 0.909131
0 0.847092 0.893981 0.941213 0.909131
0 0.564728 0.909131 0.657624 0.924282
0 0.658849 0.909131 0.751745 0.924282
0 0.752971 0.909131 0.845867 0.924282
0 0.847092 0.909131 0.941213 0.924282
0 0.564728 0.924282 0.657624 0.939433
0 0.658849 0.924282 0.751745 0.939433
0 0.752971 0.924282 0.845867 0.939433
0 0.847092 0.924282 0.941213 0.939433
0 0.657215 0.939433 0.658849 0.954584
0 0.751337 0.939433 0.752971 0.954584
0 0.845458 0.939433 0.847092 0.954584
0 0.939579 0.939433 0.941213 0.954584
0 0.564728 0.954584 0.657624 0.969735
0 0.658849 0.954584 0.751745 0.969735
0 0.752971 0.954584 0.845867 0.969735
0 0.847092 0.954584 0.941213 0.969735
