0 0.452305 0.075762 0.558845 0.090913
0 0.640548 0.075762 0.747088 0.090913
0 0.773233 0.075762 0.805914 0.090913
0 0.670615 0.151520 0.787041 0.166671
0 0.677151 0.181826 0.781730 0.196976
0 0.677151 0.212131 0.781730 0.227282
0 0.823562 0.227282 0.941213 0.242433
0 0.670615 0.242433 0.787041 0.257584
0 0.677151 0.272738 0.781730 0.287889
0 0.677151 0.303044 0.781730 0.318195
0 0.823562 0.318195 0.941213 0.333346
0 0.670615 0.333346 0.787041 0.348496
0 0.677151 0.348500 0.781730 0.363651
0 0.677151 0.378802 0.781730 0.393953
0 0.823562 0.393957 0.941213 0.409107
0 0.670615 0.409107 0.787041 0.424258
0 0.677151 0.439413 0.781730 0.454564
0 0.677151 0.469715 0.781730 0.484866
0 0.823562 0.484869 0.941213 0.500020
0 0.670615 0.515171 0.787041 0.530322
0 0.677151 0.530326 0.781730 0.545477
0 0.677151 0.560627 0.781730 0.575778
0 0.823562 0.575782 0.941213 0.590933
0 0.823562 0.590933 0.941213 0.606084
0 0.823562 0.606084 0.941213 0.621235
0 0.823562 0.621238 0.941213 0.636389
0 0.823562 0.636389 0.941213 0.651540
0 0.823562 0.651540 0.941213 0.666691
0 0.823562 0.666695 0.941213 0.681846
0 0.823562 0.734879 0.941213 0.750030
0 0.823562 0.780336 0.941213 0.795487
0 0.471832 0.840943 0.587033 0.856094
0 0.589484 0.840943 0.704684 0.856094
0 0.707136 0.840943 0.822336 0.856094
0 0.824787 0.840943 0.941213 0.856094
0 0.470607 0.901550 0.587033 0.916701
0 0.588258 0.901550 0.704684 0.916701
0 0.705910 0.901550 0.822336 0.916701
0 0.823562 0.901550 0.941213 0.916701
0 0.470607 0.931853 0.587033 0.947007
0 0.588258 0.931853 0.704684 0.947007
0 0.705910 0.931853 0.822336 0.947007
0 0.823562 0.931853 0.941213 0.947007
0 0.470607 0.947007 0.587033 0.962158
0 0.588258 0.947007 0.704684 0.962158
0 0.705910 0.947007 0.822336 0.962158
0 0.823562 0.947007 0.941213 0.962158
