0 0.099478 0.149627 0.113024 0.159880
0 0.099478 0.205955 0.113024 0.216208
0 0.099478 0.270011 0.113024 0.280264
0 0.099478 0.335430 0.113024 0.345683
0 0.099478 0.375583 0.113024 0.385836
0 0.099478 0.416848 0.113024 0.427101
0 0.514053 0.702655 0.653699 0.716014
0 0.655790 0.702503 0.795584 0.716064
0 0.797953 0.702503 0.937272 0.715951
0 0.514053 0.732454 0.653013 0.745813
0 0.655660 0.732252 0.795829 0.745813
0 0.797986 0.731860 0.937305 0.745813
0 0.514053 0.777999 0.653339 0.791358
0 0.655529 0.777797 0.795485 0.791358
0 0.798002 0.777696 0.936798 0.791358
0 0.514053 0.838860 0.653176 0.852219
0 0.655905 0.838658 0.795910 0.852219
0 0.798345 0.838557 0.936651 0.852219
0 0.514053 0.884505 0.652539 0.897865
0 0.655790 0.884303 0.795763 0.897865
0 0.798410 0.884202 0.936635 0.897865
0 0.514053 0.941869 0.652130 0.955228
0 0.656036 0.941667 0.795175 0.955228
0 0.798607 0.941566 0.934412 0.955228
