0 0.058824 0.118684 0.702614 0.136362
0 0.058824 0.148988 0.702614 0.166666
0 0.058824 0.179292 0.702614 0.196970
0 0.709150 0.118684 0.941176 0.136362
0 0.709150 0.161615 0.941176 0.196966
0 0.108170 0.229794 0.121242 0.239895
0 0.108170 0.244944 0.121242 0.255045
0 0.058824 0.303028 0.632026 0.318179
0 0.638562 0.303028 0.941176 0.318179
0 0.058824 0.348483 0.941176 0.363633
0 0.058824 0.439387 0.302614 0.469691
0 0.309150 0.439387 0.620261 0.454537
0 0.309150 0.454537 0.620261 0.469687
0 0.626797 0.439387 0.749673 0.469691
0 0.756209 0.439387 0.808497 0.469691
0 0.815033 0.439387 0.867320 0.469691
0 0.873856 0.439387 0.937908 0.469691
0 0.058824 0.469691 0.302614 0.499995
0 0.309150 0.469691 0.620261 0.484841
0 0.309150 0.484845 0.620261 0.499995
0 0.626797 0.469691 0.749673 0.499995
0 0.756209 0.469691 0.808497 0.499995
0 0.815033 0.469691 0.867320 0.499995
0 0.873856 0.469691 0.937908 0.499995
0 0.058824 0.499995 0.302614 0.530299
0 0.309150 0.499995 0.620261 0.515145
0 0.309150 0.515145 0.620261 0.530295
0 0.626797 0.499995 0.749673 0.530299
0 0.756209 0.499995 0.808497 0.530299
0 0.815033 0.499995 0.867320 0.530299
0 0.873856 0.499995 0.937908 0.530299
0 0.058824 0.606057 0.302614 0.621207
0 0.309150 0.606057 0.784967 0.621207
0 0.791503 0.606057 0.941176 0.621207
0 0.058824 0.621207 0.302614 0.636357
0 0.309150 0.621207 0.784967 0.636357
0 0.791503 0.621207 0.941176 0.636357
0 0.058824 0.636357 0.302614 0.651507
0 0.309150 0.636357 0.784967 0.651507
0 0.791503 0.636357 0.941176 0.651507
0 0.058824 0.712115 0.302614 0.727265
0 0.309150 0.712115 0.784967 0.727265
0 0.791503 0.712115 0.941176 0.727265
0 0.058824 0.727265 0.302614 0.742416
0 0.309150 0.727265 0.784967 0.742416
0 0.791503 0.727265 0.941176 0.742416
0 0.058824 0.742416 0.302614 0.757566
0 0.309150 0.742416 0.784967 0.757566
0 0.791503 0.742416 0.941176 0.757566
0 0.411765 0.787870 0.741176 0.803020
0 0.411765 0.818174 0.741176 0.833324
0 0.411765 0.848478 0.741176 0.863628
0 0.411765 0.878778 0.741176 0.893928
0 0.411765 0.909082 0.741176 0.924232
