0 0.058826 0.118690 0.751745 0.136369
0 0.754605 0.118690 0.941213 0.136369
0 0.600024 0.181826 0.751745 0.196976
0 0.606560 0.227282 0.746434 0.242433
0 0.606560 0.257587 0.746434 0.272738
0 0.788266 0.287889 0.941213 0.303040
0 0.788266 0.333346 0.941213 0.348496
0 0.788266 0.393957 0.941213 0.409107
0 0.788266 0.439413 0.941213 0.454564
0 0.600024 0.500020 0.751745 0.515171
0 0.600024 0.530326 0.751745 0.545477
0 0.788266 0.560627 0.941213 0.575778
0 0.788266 0.606084 0.941213 0.621235
0 0.788266 0.651540 0.941213 0.666691
0 0.788266 0.681846 0.941213 0.696997
0 0.909184 0.760132 0.922257 0.770233
0 0.392927 0.787909 0.941213 0.803060
0 0.633857 0.818215 0.941213 0.833366
0 0.117652 0.833366 0.941213 0.848517
0 0.754278 0.863671 0.941213 0.878822
