0 0.079232 0.136748 0.746448 0.151963
0 0.752984 0.136748 0.934739 0.151963
0 0.079232 0.200134 0.427121 0.213456
0 0.433658 0.200134 0.746448 0.213456
0 0.752984 0.200134 0.935475 0.213456
0 0.079232 0.215350 0.427121 0.228671
0 0.433658 0.215350 0.746448 0.228671
0 0.752984 0.215350 0.935475 0.228671
0 0.079232 0.230565 0.427121 0.243886
0 0.433658 0.230565 0.746448 0.243886
0 0.752984 0.230565 0.935475 0.243886
0 0.079232 0.245780 0.427121 0.259101
0 0.433658 0.245780 0.746448 0.259101
0 0.752984 0.245780 0.935475 0.259101
0 0.079232 0.260995 0.427121 0.274317
0 0.433658 0.260995 0.746448 0.274317
0 0.752984 0.260995 0.935475 0.274317
0 0.079232 0.276211 0.427121 0.289532
0 0.433658 0.276211 0.746448 0.289532
0 0.752984 0.276211 0.935475 0.289532
0 0.079232 0.291426 0.427121 0.304747
0 0.433658 0.291426 0.746448 0.304747
0 0.752984 0.291426 0.935475 0.304747
0 0.079232 0.306641 0.427121 0.319962
0 0.433658 0.306641 0.746448 0.319962
0 0.752984 0.306641 0.935475 0.319962
0 0.079232 0.321856 0.427121 0.335178
0 0.433658 0.321856 0.746448 0.335178
0 0.752984 0.321856 0.935475 0.335178
0 0.079232 0.337072 0.427121 0.350393
0 0.433658 0.337072 0.746448 0.350393
0 0.752984 0.337072 0.935475 0.350393
0 0.079232 0.352287 0.427121 0.365608
0 0.433658 0.352287 0.746448 0.365608
0 0.752984 0.352287 0.935475 0.365608
0 0.079232 0.367502 0.427121 0.380823
0 0.433658 0.367502 0.746448 0.380823
0 0.752984 0.367502 0.935475 0.380823
0 0.079232 0.382717 0.427121 0.396039
0 0.433658 0.382717 0.746448 0.396039
0 0.752984 0.382717 0.935475 0.396039
0 0.079232 0.397933 0.427121 0.411254
0 0.433658 0.397933 0.746448 0.411254
0 0.752984 0.397933 0.935475 0.411254
0 0.079232 0.413148 0.427121 0.426469
0 0.433658 0.413148 0.746448 0.426469
0 0.752984 0.413148 0.935475 0.426469
0 0.079232 0.428363 0.427121 0.441684
0 0.433658 0.428363 0.746448 0.441684
0 0.752984 0.428363 0.935475 0.441684
0 0.079232 0.443579 0.427121 0.456900
0 0.433658 0.443579 0.746448 0.456900
0 0.752984 0.443579 0.935475 0.456900
0 0.752984 0.474009 0.935475 0.487330
0 0.752984 0.489224 0.935475 0.502546
0 0.079232 0.580516 0.427121 0.593837
0 0.433658 0.580516 0.746448 0.593837
0 0.752984 0.580516 0.935475 0.593837
0 0.079232 0.595731 0.427121 0.609052
0 0.433658 0.595731 0.746448 0.609052
0 0.752984 0.595731 0.935475 0.609052
0 0.079232 0.610946 0.427121 0.624268
0 0.433658 0.610946 0.746448 0.624268
0 0.752984 0.610946 0.935475 0.624268
0 0.079232 0.626162 0.427121 0.639483
0 0.433658 0.626162 0.746448 0.639483
0 0.752984 0.626162 0.935475 0.639483
0 0.079232 0.641377 0.427121 0.654698
0 0.433658 0.641377 0.746448 0.654698
0 0.752984 0.641377 0.935475 0.654698
0 0.079232 0.656592 0.427121 0.669913
0 0.433658 0.656592 0.746448 0.669913
0 0.752984 0.656592 0.935475 0.669913
0 0.079232 0.671807 0.427121 0.685129
0 0.433658 0.671807 0.746448 0.685129
0 0.752984 0.671807 0.935475 0.685129
0 0.079232 0.687023 0.427121 0.700344
0 0.433658 0.687023 0.746448 0.700344
0 0.752984 0.687023 0.935475 0.700344
0 0.079232 0.702238 0.427121 0.715559
0 0.433658 0.702238 0.746448 0.715559
0 0.752984 0.702238 0.935475 0.715559
0 0.079232 0.717453 0.427121 0.730774
0 0.433658 0.717453 0.746448 0.730774
0 0.752984 0.717453 0.935475 0.730774
0 0.079232 0.732668 0.427121 0.745990
0 0.433658 0.732668 0.746448 0.745990
0 0.752984 0.732668 0.935475 0.745990
0 0.079232 0.747884 0.427121 0.761205
0 0.433658 0.747884 0.746448 0.761205
0 0.752984 0.747884 0.935475 0.761205
0 0.079232 0.763099 0.427121 0.776420
0 0.433658 0.763099 0.746448 0.776420
0 0.752984 0.763099 0.935475 0.776420
0 0.079232 0.778314 0.427121 0.791636
0 0.433658 0.778314 0.746448 0.791636
0 0.752984 0.778314 0.935475 0.791636
0 0.079232 0.793530 0.427121 0.806851
0 0.433658 0.793530 0.746448 0.806851
0 0.752984 0.793530 0.935475 0.806851
0 0.079232 0.808745 0.427121 0.822066
0 0.433658 0.808745 0.746448 0.822066
0 0.752984 0.808745 0.935475 0.822066
0 0.752984 0.839175 0.935475 0.852497
0 0.752984 0.900036 0.935475 0.913358
0 0.752984 0.915252 0.935475 0.928573
0 0.752984 0.930467 0.935475 0.943788
