0 0.058826 0.118690 0.728215 0.136369
0 0.729440 0.118690 0.941213 0.136369
0 0.058826 0.195084 0.728215 0.212131
0 0.729440 0.195084 0.941213 0.212131
0 0.924219 0.226019 0.940560 0.238646
0 0.823562 0.287889 0.941213 0.303040
0 0.670615 0.303044 0.787041 0.318195
0 0.823562 0.333346 0.941213 0.348496
0 0.670615 0.348500 0.787041 0.363651
0 0.823562 0.378802 0.941213 0.393953
0 0.823562 0.424258 0.941213 0.439409
0 0.823562 0.439413 0.941213 0.454564
0 0.823562 0.454564 0.941213 0.469715
0 0.670615 0.515171 0.741206 0.530322
0 0.751010 0.515171 0.788266 0.530322
0 0.670615 0.545477 0.741206 0.560627
0 0.751010 0.545477 0.788266 0.560627
0 0.670615 0.575782 0.787041 0.590933
0 0.670615 0.606084 0.787041 0.621235
0 0.823562 0.621238 0.941213 0.636389
0 0.823562 0.666695 0.941213 0.681846
0 0.823562 0.712151 0.941213 0.727302
0 0.823562 0.727302 0.941213 0.742453
0 0.105887 0.760132 0.118959 0.770233
0 0.105887 0.775283 0.118959 0.785384
0 0.823562 0.757608 0.941213 0.772758
