0 0.058826 0.133845 0.751745 0.151524
0 0.752971 0.133845 0.941213 0.151524
0 0.058826 0.196976 0.481146 0.227282
0 0.484006 0.196976 0.941213 0.212127
0 0.484006 0.212131 0.941213 0.227282
0 0.058826 0.227282 0.481146 0.257587
0 0.484006 0.227282 0.941213 0.242433
0 0.484006 0.242433 0.941213 0.257584
0 0.058826 0.257587 0.481146 0.287893
0 0.484006 0.257587 0.941213 0.272738
0 0.484006 0.272738 0.941213 0.287889
0 0.823562 0.318195 0.941213 0.333346
0 0.823562 0.348500 0.941213 0.363651
0 0.823562 0.363651 0.941213 0.378802
0 0.823562 0.393957 0.941213 0.409107
0 0.823562 0.409107 0.941213 0.424258
0 0.870622 0.439413 0.894153 0.454564
0 0.900035 0.439413 0.941213 0.454564
0 0.823562 0.454564 0.941213 0.469715
0 0.670615 0.469715 0.787041 0.484866
0 0.670615 0.545477 0.787041 0.560627
0 0.670615 0.575782 0.787041 0.590933
0 0.870622 0.606084 0.894153 0.621235
0 0.900035 0.606084 0.941213 0.621235
0 0.823562 0.621238 0.941213 0.636389
0 0.823562 0.651540 0.941213 0.666691
