0 0.847059 0.068182 0.941176 0.077273
0 0.847059 0.080304 0.941176 0.089395
0 0.847059 0.092423 0.941176 0.101514
0 0.847059 0.104545 0.941176 0.113636
0 0.058824 0.152727 0.500000 0.172727
0 0.511765 0.152727 0.735294 0.172727
0 0.747059 0.152727 0.941176 0.172727
0 0.058824 0.189091 0.941176 0.209091
0 0.058824 0.225455 0.500000 0.245455
0 0.511765 0.225455 0.735294 0.245455
0 0.747059 0.225455 0.941176 0.245455
0 0.058824 0.275455 0.941176 0.295455
0 0.070588 0.318182 0.517647 0.336364
0 0.058824 0.350000 0.917647 0.368182
0 0.058824 0.381818 0.741176 0.400000
0 0.752941 0.381818 0.923529 0.400000
0 0.058824 0.413636 0.923529 0.431818
0 0.058824 0.716364 0.735294 0.736364
0 0.747059 0.716364 0.941176 0.736364
0 0.058824 0.752727 0.500000 0.772727
0 0.511765 0.752727 0.941176 0.772727
