0 0.058824 0.118684 0.588235 0.136362
0 0.588235 0.118684 0.941176 0.136362
0 0.105882 0.164139 0.941176 0.212117
0 0.105882 0.231057 0.118954 0.241158
0 0.105882 0.246207 0.118954 0.256308
0 0.375562 0.287875 0.941176 0.303025
0 0.440629 0.318179 0.941176 0.333329
0 0.658824 0.333329 0.741176 0.348479
0 0.741176 0.333329 0.835294 0.348479
0 0.835294 0.333329 0.941176 0.348479
0 0.658824 0.409087 0.741176 0.424241
0 0.741176 0.409087 0.835294 0.424241
0 0.835294 0.409087 0.941176 0.424241
0 0.823529 0.439391 0.882353 0.454487
0 0.882353 0.439391 0.941176 0.454545
0 0.658824 0.484845 0.741176 0.499999
0 0.741176 0.484845 0.835294 0.499999
0 0.835294 0.484845 0.941176 0.499999
0 0.788235 0.530299 0.941176 0.545449
0 0.788235 0.545449 0.941176 0.560599
0 0.788235 0.560599 0.941176 0.575749
0 0.788235 0.590903 0.941176 0.606057
0 0.788235 0.621207 0.941176 0.636357
0 0.788235 0.651507 0.941176 0.666661
0 0.788235 0.666661 0.941176 0.681811
0 0.788235 0.696961 0.941176 0.712115
0 0.788235 0.742416 0.941176 0.757569
0 0.788235 0.787870 0.923663 0.803023
0 0.788235 0.803023 0.941176 0.818174
0 0.788235 0.818174 0.923663 0.833324
0 0.788235 0.848478 0.941176 0.863628
0 0.788235 0.878778 0.941176 0.893932
0 0.788235 0.924232 0.941176 0.939386
