0 0.505902 0.138893 0.518975 0.148995
0 0.094121 0.184350 0.107194 0.194451
0 0.094121 0.214655 0.107194 0.224757
0 0.094121 0.244957 0.107194 0.255058
0 0.058826 0.287890 0.716450 0.318195
0 0.717675 0.287890 0.941213 0.318195
0 0.058826 0.340923 0.941213 0.363651
0 0.058826 0.376278 0.457616 0.393957
0 0.462110 0.376278 0.749703 0.393957
0 0.756239 0.376278 0.941213 0.393957
0 0.058826 0.416685 0.941213 0.439413
0 0.058826 0.452040 0.455573 0.469718
0 0.460476 0.452040 0.751745 0.469718
0 0.752971 0.452040 0.941213 0.469718
0 0.058826 0.482341 0.941213 0.500020
0 0.058826 0.512647 0.457616 0.530326
0 0.460476 0.512647 0.751745 0.530326
0 0.752971 0.512647 0.941213 0.530326
0 0.058826 0.542952 0.941213 0.560631
0 0.058826 0.574517 0.941213 0.590933
0 0.421585 0.606084 0.941213 0.621235
0 0.141182 0.666695 0.941213 0.681848
