0 0.058826 0.118690 0.763510 0.136369
0 0.766370 0.118690 0.941213 0.136369
0 0.105887 0.196976 0.941213 0.212127
0 0.105887 0.212131 0.941213 0.227282
0 0.105887 0.257587 0.941213 0.272738
0 0.105887 0.272738 0.941213 0.287889
0 0.823562 0.303044 0.941213 0.318195
0 0.823562 0.333346 0.941213 0.348496
0 0.823562 0.378802 0.941213 0.393953
0 0.823562 0.409107 0.941213 0.424258
0 0.823562 0.457088 0.836634 0.467189
0 0.894153 0.457088 0.907225 0.467189
0 0.105887 0.558103 0.575268 0.575782
0 0.578127 0.558103 0.739980 0.575782
0 0.741206 0.558103 0.941213 0.575782
0 0.105887 0.588409 0.941213 0.606088
0 0.823562 0.638913 0.836634 0.649015
0 0.894153 0.638913 0.907225 0.649015
0 0.823562 0.684370 0.836634 0.694471
0 0.894153 0.684370 0.907225 0.694471
0 0.109153 0.805588 0.122225 0.815690
0 0.109153 0.835890 0.122225 0.845991
0 0.109153 0.864933 0.122225 0.875034
