0 0.131051 0.106064 0.469381 0.136369
0 0.470607 0.106064 0.811797 0.136369
0 0.811797 0.121216 0.941213 0.136369
0 0.131051 0.136369 0.469381 0.166675
0 0.470607 0.136369 0.811797 0.166675
0 0.811797 0.151521 0.941213 0.166675
0 0.131051 0.166675 0.469381 0.196980
0 0.470607 0.166675 0.811797 0.196980
0 0.811797 0.181827 0.941213 0.196980
0 0.131051 0.196980 0.469381 0.227286
0 0.470607 0.196980 0.811797 0.227286
0 0.811797 0.212132 0.941213 0.227286
0 0.131051 0.227286 0.469381 0.257591
0 0.470607 0.227286 0.811797 0.257591
0 0.811797 0.242438 0.941213 0.257591
0 0.131051 0.257591 0.469381 0.287897
0 0.470607 0.257591 0.811797 0.287897
0 0.811797 0.272743 0.941213 0.287897
0 0.131051 0.287897 0.469381 0.318202
0 0.470607 0.287897 0.811797 0.318202
0 0.811797 0.303049 0.941213 0.318202
0 0.131051 0.318202 0.469381 0.348508
0 0.470607 0.318202 0.811797 0.348508
0 0.811797 0.333354 0.941213 0.348508
0 0.131051 0.348508 0.469381 0.378813
0 0.470607 0.348508 0.811797 0.378813
0 0.811797 0.363660 0.941213 0.378813
0 0.131051 0.378813 0.469381 0.409119
0 0.470607 0.378813 0.811797 0.409119
0 0.811797 0.393965 0.941213 0.409119
0 0.131051 0.409119 0.469381 0.439424
0 0.470607 0.409119 0.811797 0.439424
0 0.811797 0.424271 0.941213 0.439424
0 0.131051 0.439424 0.469381 0.469730
0 0.470607 0.439424 0.811797 0.469730
0 0.811797 0.454576 0.941213 0.469730
0 0.131051 0.469730 0.469381 0.500035
0 0.470607 0.469730 0.811797 0.500035
0 0.811797 0.484882 0.941213 0.500035
0 0.131051 0.500035 0.469381 0.530341
0 0.470607 0.500035 0.811797 0.530341
0 0.811797 0.515188 0.941213 0.530341
0 0.131051 0.530341 0.469381 0.560646
0 0.470607 0.530341 0.811797 0.560646
0 0.811797 0.545493 0.941213 0.560646
0 0.131051 0.560646 0.469381 0.590952
0 0.470607 0.560646 0.811797 0.590952
0 0.811797 0.575799 0.941213 0.590952
0 0.131051 0.590952 0.469381 0.621257
0 0.470607 0.590952 0.811797 0.621257
0 0.811797 0.606104 0.941213 0.621257
0 0.131051 0.621257 0.469381 0.651563
0 0.470607 0.621257 0.811797 0.651563
0 0.811797 0.636410 0.941213 0.651563
0 0.131051 0.651563 0.469381 0.681868
0 0.470607 0.651563 0.811797 0.681868
0 0.811797 0.666715 0.941213 0.681868
0 0.131051 0.681868 0.469381 0.712174
0 0.470607 0.681868 0.811797 0.712174
0 0.811797 0.697021 0.941213 0.712174
0 0.131051 0.712174 0.469381 0.742480
0 0.470607 0.712174 0.811797 0.742480
0 0.811797 0.727326 0.941213 0.742480
0 0.131051 0.742480 0.469381 0.772785
0 0.470607 0.742480 0.811797 0.772785
0 0.811797 0.757632 0.941213 0.772785
0 0.131051 0.772785 0.469381 0.803091
0 0.470607 0.772785 0.811797 0.803091
0 0.811797 0.787937 0.941213 0.803091
0 0.131051 0.803091 0.469381 0.833396
0 0.470607 0.803091 0.811797 0.833396
0 0.811797 0.818243 0.941213 0.833396
0 0.131051 0.833396 0.469381 0.863702
0 0.470607 0.833396 0.811797 0.863702
0 0.811797 0.848548 0.941213 0.863702
0 0.131051 0.863702 0.469381 0.894007
0 0.470607 0.863702 0.811797 0.894007
0 0.811797 0.878854 0.941213 0.894007
