0 0.058826 0.118690 0.761468 0.136369
0 0.768004 0.118690 0.941213 0.136369
0 0.800031 0.151520 0.902650 0.166671
0 0.907552 0.151524 0.941213 0.166675
0 0.800031 0.181826 0.902650 0.196976
0 0.905918 0.181826 0.941213 0.196976
0 0.800031 0.212127 0.902650 0.227278
0 0.907552 0.212127 0.941213 0.227278
0 0.800031 0.242433 0.902650 0.257584
0 0.905918 0.242433 0.941213 0.257584
0 0.800031 0.272738 0.902650 0.287889
0 0.907552 0.272738 0.941213 0.287889
0 0.800031 0.303040 0.902650 0.318191
0 0.907552 0.303040 0.941213 0.318191
0 0.800031 0.333346 0.902650 0.348496
0 0.907552 0.333346 0.941213 0.348496
0 0.800031 0.378802 0.902650 0.393953
0 0.907552 0.378802 0.941213 0.393953
