0 0.058826 0.118690 0.763510 0.136369
0 0.764736 0.118690 0.941213 0.136369
0 0.800031 0.166675 0.904692 0.181826
0 0.905918 0.166675 0.941213 0.181826
0 0.505902 0.199501 0.518975 0.209602
0 0.576493 0.199501 0.589566 0.209602
0 0.800031 0.242433 0.904692 0.257584
0 0.905918 0.242433 0.941213 0.257584
0 0.800031 0.287889 0.904692 0.303040
0 0.905918 0.287889 0.941213 0.303040
0 0.800031 0.318195 0.904692 0.333346
0 0.905918 0.318195 0.941213 0.333346
0 0.800031 0.348500 0.904692 0.363651
0 0.905918 0.348500 0.941213 0.363651
0 0.800031 0.393957 0.904692 0.409107
0 0.905918 0.393957 0.941213 0.409107
0 0.800031 0.424258 0.904692 0.439409
0 0.905918 0.424258 0.941213 0.439409
0 0.800031 0.454564 0.904692 0.469715
0 0.905918 0.454564 0.941213 0.469715
