0 0.852321 0.064398 0.941213 0.075762
0 0.826990 0.075762 0.941213 0.087126
0 0.842924 0.087126 0.941213 0.098490
0 0.837614 0.098490 0.941213 0.109854
0 0.822908 0.109854 0.941213 0.121218
0 0.058826 0.151521 0.492911 0.196976
0 0.494137 0.151521 0.941213 0.166675
0 0.494137 0.181827 0.729440 0.196980
0 0.729440 0.181827 0.941213 0.196980
0 0.260466 0.214024 0.273539 0.224125
0 0.058826 0.242434 0.492911 0.287889
0 0.468319 0.290413 0.481391 0.300515
0 0.584010 0.227282 0.941213 0.242433
0 0.538279 0.242433 0.941213 0.257584
0 0.605252 0.257587 0.941213 0.272738
0 0.575840 0.272738 0.941213 0.287889
0 0.696104 0.290413 0.709176 0.300515
0 0.825523 0.290413 0.838595 0.300515
0 0.921606 0.290413 0.934679 0.300515
0 0.058826 0.318196 0.492911 0.363651
0 0.468319 0.366175 0.481391 0.376277
0 0.584010 0.303044 0.941213 0.318195
0 0.538279 0.318195 0.941213 0.333346
0 0.605252 0.333346 0.941213 0.348496
0 0.575840 0.348500 0.941213 0.363651
0 0.696104 0.366175 0.709176 0.376277
0 0.825523 0.366175 0.838595 0.376277
0 0.921606 0.366175 0.934679 0.376277
0 0.094121 0.419209 0.107194 0.429310
0 0.058826 0.530760 0.304669 0.545913
0 0.305894 0.530760 0.517667 0.545913
0 0.519301 0.530760 0.728215 0.545913
0 0.731074 0.530760 0.941213 0.545913
0 0.058826 0.561066 0.304669 0.576219
0 0.305894 0.561066 0.517667 0.576219
0 0.519301 0.561066 0.728215 0.576219
0 0.731074 0.561066 0.941213 0.576219
0 0.058826 0.591371 0.304669 0.606525
0 0.305894 0.591371 0.517667 0.606525
0 0.519301 0.591371 0.728215 0.606525
0 0.731074 0.591371 0.941213 0.606525
0 0.920949 0.633864 0.934022 0.643965
0 0.920949 0.696997 0.934022 0.707098
0 0.094121 0.878822 0.705910 0.909126
0 0.705910 0.878822 0.905918 0.909126
