0 0.094121 0.169199 0.107194 0.179300
0 0.924873 0.199501 0.937945 0.209602
0 0.094121 0.229806 0.107194 0.239907
0 0.258834 0.272738 0.529433 0.287889
0 0.729440 0.272738 0.941213 0.287889
0 0.058826 0.303040 0.717675 0.333346
0 0.717675 0.303040 0.941213 0.333346
0 0.058826 0.348496 0.717675 0.378802
0 0.717675 0.348496 0.941213 0.378802
0 0.058826 0.393953 0.941213 0.424258
0 0.058826 0.439409 0.941213 0.469715
0 0.058826 0.493382 0.941213 0.515171
0 0.058826 0.527798 0.529433 0.545477
0 0.529433 0.527798 0.823562 0.545477
0 0.823562 0.527798 0.941213 0.545477
0 0.058826 0.568205 0.941213 0.590933
0 0.058826 0.603560 0.529433 0.621238
0 0.529433 0.603560 0.823562 0.621238
0 0.823562 0.603560 0.941213 0.621238
0 0.058826 0.643967 0.941213 0.666695
0 0.058826 0.679322 0.529433 0.697000
0 0.529433 0.679322 0.823562 0.697000
0 0.823562 0.679322 0.941213 0.697000
0 0.470607 0.712151 0.941213 0.742457
0 0.552963 0.803064 0.941213 0.818219
