0 0.058826 0.118690 0.739980 0.136369
0 0.741206 0.118690 0.941213 0.136369
0 0.800031 0.166675 0.941213 0.181826
0 0.800031 0.181826 0.941213 0.196976
0 0.800031 0.196976 0.924873 0.212127
0 0.623554 0.227282 0.735323 0.242433
0 0.623554 0.257587 0.735323 0.272738
0 0.658849 0.272738 0.763510 0.287889
0 0.800031 0.303044 0.924873 0.318195
0 0.800031 0.348500 0.941213 0.363651
0 0.482372 0.378802 0.622328 0.393953
0 0.623554 0.378802 0.763510 0.393953
0 0.482372 0.393953 0.622328 0.409104
0 0.623554 0.393953 0.763510 0.409104
0 0.482372 0.409104 0.622328 0.424255
0 0.623554 0.409104 0.763510 0.424255
0 0.482372 0.424255 0.622328 0.439405
0 0.623554 0.424255 0.763510 0.439405
0 0.623554 0.439413 0.763510 0.454564
0 0.800031 0.454564 0.941213 0.469715
0 0.800031 0.469715 0.941213 0.484866
0 0.482372 0.484866 0.622328 0.500016
0 0.623554 0.484866 0.763510 0.500016
0 0.482372 0.500016 0.622328 0.515167
0 0.623554 0.500016 0.763510 0.515167
0 0.482372 0.515167 0.622328 0.530318
0 0.623554 0.515167 0.763510 0.530318
0 0.482372 0.530318 0.622328 0.545469
0 0.623554 0.530318 0.763510 0.545469
0 0.482372 0.545469 0.622328 0.560620
0 0.623554 0.545469 0.763510 0.560620
0 0.482372 0.560620 0.622328 0.575771
0 0.623554 0.560620 0.763510 0.575771
0 0.482372 0.575771 0.622328 0.590922
0 0.623554 0.575771 0.763510 0.590922
0 0.482372 0.590922 0.622328 0.606072
0 0.623554 0.590922 0.763510 0.606072
0 0.623554 0.606084 0.763510 0.621235
0 0.623554 0.621238 0.763510 0.636389
0 0.800031 0.636389 0.941213 0.651540
0 0.800031 0.651540 0.941213 0.666691
0 0.800031 0.666695 0.941213 0.681846
0 0.623554 0.681846 0.763510 0.696997
0 0.623554 0.696997 0.763510 0.712148
0 0.623554 0.712151 0.763510 0.727302
0 0.800031 0.727302 0.941213 0.742453
0 0.800031 0.742453 0.941213 0.757604
0 0.800031 0.757608 0.941213 0.772758
0 0.800031 0.772758 0.941213 0.787909
0 0.800031 0.803064 0.941213 0.818215
0 0.800031 0.833366 0.941213 0.848517
0 0.800031 0.848520 0.941213 0.863671
0 0.800031 0.863671 0.941213 0.878822
0 0.800031 0.878822 0.941213 0.893973
0 0.800031 0.893977 0.924873 0.909128
0 0.800031 0.909128 0.941213 0.924279
0 0.800031 0.939433 0.941213 0.954584
0 0.800031 0.954584 0.941213 0.969735
