0 0.058826 0.118690 0.623549 0.181826
0 0.623554 0.118690 0.941213 0.136369
0 0.623554 0.161623 0.941213 0.181826
0 0.058826 0.194452 0.941213 0.227282
0 0.058826 0.239909 0.941213 0.272738
0 0.470607 0.318195 0.564728 0.333348
0 0.588258 0.318195 0.682380 0.333348
0 0.705910 0.318195 0.800031 0.333348
0 0.352955 0.348500 0.447076 0.363654
0 0.470607 0.348500 0.564728 0.363654
0 0.588258 0.348500 0.682380 0.363654
0 0.211773 0.560627 0.941213 0.575778
0 0.364720 0.575782 0.941213 0.590933
0 0.105887 0.590933 0.941213 0.606084
0 0.105887 0.606084 0.941213 0.621235
0 0.105887 0.621238 0.941213 0.636389
0 0.105887 0.636389 0.941213 0.651540
0 0.435311 0.666695 0.941213 0.681846
0 0.105887 0.681846 0.941213 0.696997
0 0.105887 0.696997 0.941213 0.712148
