0 0.117652 0.133845 0.717675 0.151524
0 0.717675 0.133845 0.941213 0.151524
0 0.117652 0.164151 0.941213 0.181829
0 0.117652 0.207083 0.941213 0.227286
0 0.152947 0.229810 0.166020 0.239911
0 0.305894 0.229810 0.318967 0.239911
0 0.152947 0.244961 0.166020 0.255062
0 0.109153 0.320723 0.122225 0.330824
0 0.109153 0.335870 0.122225 0.345971
0 0.109153 0.396481 0.122225 0.406582
0 0.109153 0.411635 0.122225 0.421737
0 0.109153 0.487393 0.122225 0.497495
0 0.109153 0.502548 0.122225 0.512650
0 0.109153 0.563155 0.122225 0.573257
0 0.109153 0.578306 0.122225 0.588408
0 0.229431 0.651544 0.940472 0.666695
0 0.314733 0.666695 0.941213 0.681846
0 0.313731 0.757608 0.941213 0.772758
0 0.332371 0.772762 0.941213 0.787913
