0 0.058826 0.106064 0.941213 0.136369
0 0.058826 0.136369 0.941213 0.166675
0 0.058826 0.166675 0.941213 0.196980
0 0.058826 0.196976 0.941213 0.227282
0 0.058826 0.227282 0.941213 0.257587
0 0.058826 0.257587 0.941213 0.287893
0 0.058826 0.287889 0.941213 0.318195
0 0.058826 0.318195 0.941213 0.348500
0 0.058826 0.348500 0.941213 0.378806
0 0.611789 0.454564 0.941228 0.484869
0 0.611789 0.484869 0.941228 0.515175
0 0.611789 0.515175 0.941228 0.545480
0 0.611789 0.545480 0.941228 0.575786
0 0.611789 0.575786 0.941228 0.606091
0 0.611789 0.606091 0.941228 0.636397
0 0.611789 0.636397 0.941228 0.666702
0 0.611789 0.666702 0.941228 0.697008
0 0.611789 0.697008 0.941228 0.727314
0 0.611789 0.727314 0.941228 0.757619
0 0.611789 0.757619 0.941228 0.787924
0 0.611789 0.787924 0.941228 0.818230
0 0.611789 0.818230 0.941228 0.848536
0 0.611789 0.848536 0.941228 0.878841
0 0.611789 0.878841 0.941228 0.909147
0 0.611789 0.909147 0.941228 0.939452
