0 0.058824 0.148990 0.492892 0.166668
0 0.494118 0.148990 0.682353 0.166668
0 0.682353 0.148990 0.941176 0.166668
0 0.058824 0.179294 0.492892 0.227273
0 0.495752 0.179294 0.941176 0.227273
0 0.920913 0.244316 0.933985 0.254417
0 0.920913 0.273989 0.933985 0.284090
0 0.920913 0.335856 0.933985 0.345957
0 0.207190 0.363636 0.492892 0.378787
0 0.207190 0.378787 0.492892 0.393937
0 0.105882 0.424241 0.494118 0.439391
0 0.495752 0.392678 0.941176 0.439395
0 0.223529 0.454545 0.939217 0.469696
0 0.838560 0.487374 0.851632 0.497475
0 0.897384 0.487374 0.910456 0.497475
0 0.835294 0.500000 0.941176 0.515150
0 0.529412 0.560605 0.941176 0.575755
0 0.105882 0.575759 0.941176 0.590909
0 0.105882 0.590909 0.941176 0.606059
0 0.105882 0.606059 0.941176 0.621210
0 0.105882 0.621213 0.941176 0.636364
0 0.105882 0.636364 0.941176 0.651514
0 0.105882 0.651514 0.941176 0.666664
0 0.105882 0.666668 0.941176 0.681818
0 0.105882 0.681818 0.941176 0.696968
0 0.105882 0.696968 0.941176 0.712119
0 0.105882 0.712122 0.941176 0.727273
0 0.105882 0.727273 0.941176 0.742423
0 0.105882 0.742423 0.941176 0.757573
0 0.105882 0.757577 0.941176 0.772727
0 0.105882 0.772727 0.941176 0.787878
0 0.105882 0.787878 0.941176 0.803028
0 0.105882 0.803032 0.941176 0.818182
0 0.105882 0.818182 0.941176 0.833332
0 0.105882 0.833332 0.941176 0.848482
0 0.105882 0.848486 0.941176 0.863636
0 0.105882 0.863636 0.941176 0.878787
0 0.105882 0.878787 0.941176 0.893937
0 0.105882 0.893941 0.941176 0.909091
0 0.105882 0.909091 0.941176 0.924241
0 0.105882 0.924241 0.941176 0.939391
