0 0.058826 0.118690 0.728215 0.136369
0 0.731074 0.118690 0.941213 0.136369
0 0.411781 0.151520 0.752971 0.166671
0 0.258834 0.181826 0.941213 0.196976
0 0.105887 0.196976 0.941213 0.212127
0 0.776501 0.212131 0.941213 0.227282
0 0.105887 0.227282 0.941213 0.242433
0 0.352955 0.257587 0.941213 0.272738
0 0.105887 0.272738 0.941213 0.287889
0 0.352955 0.295466 0.372562 0.310617
0 0.388251 0.295466 0.431388 0.310617
0 0.447076 0.295466 0.584335 0.310617
0 0.682380 0.295466 0.701987 0.310617
0 0.717675 0.295466 0.784343 0.310617
0 0.800031 0.295466 0.937290 0.310617
0 0.388251 0.333346 0.623554 0.348496
0 0.388251 0.348500 0.623554 0.363651
0 0.788266 0.366175 0.801339 0.376277
0 0.847092 0.366175 0.860164 0.376277
0 0.105887 0.396481 0.118959 0.406582
0 0.105887 0.411632 0.118959 0.421733
0 0.105887 0.441937 0.118959 0.452038
0 0.105887 0.457088 0.118959 0.467189
0 0.105887 0.473501 0.118959 0.483603
0 0.105887 0.502544 0.118959 0.512646
0 0.105887 0.532850 0.118959 0.542951
0 0.105887 0.548001 0.118959 0.558102
0 0.105887 0.578306 0.118959 0.588408
0 0.105887 0.593457 0.118959 0.603558
0 0.105887 0.608608 0.118959 0.618709
0 0.105887 0.638913 0.118959 0.649015
0 0.329425 0.636389 0.447076 0.651540
0 0.105887 0.654064 0.118959 0.664166
0 0.105887 0.684370 0.118959 0.694471
0 0.352955 0.681846 0.470607 0.696997
0 0.105887 0.699521 0.118959 0.709622
0 0.352955 0.696997 0.470607 0.712148
0 0.105887 0.714675 0.118959 0.724777
0 0.176478 0.712151 0.294129 0.727302
0 0.105887 0.729826 0.118959 0.739928
