0 0.109153 0.108588 0.122225 0.118689
0 0.109153 0.123742 0.122225 0.133844
0 0.109153 0.138893 0.122225 0.148995
0 0.109153 0.154044 0.122225 0.164146
0 0.109153 0.169199 0.122225 0.179300
0 0.109153 0.184350 0.122225 0.194451
0 0.211773 0.227282 0.941213 0.242433
0 0.835327 0.257587 0.941213 0.272738
0 0.105887 0.303041 0.647084 0.333346
0 0.647084 0.303041 0.941213 0.333346
0 0.611789 0.454564 0.941228 0.484869
0 0.611789 0.484869 0.941228 0.515175
0 0.611789 0.515175 0.941228 0.545480
0 0.611789 0.545480 0.941228 0.575786
0 0.611789 0.575786 0.941228 0.606091
0 0.611789 0.606091 0.941228 0.636397
0 0.611789 0.636397 0.941228 0.666702
0 0.611789 0.666702 0.941228 0.697008
0 0.611789 0.697008 0.941228 0.727314
0 0.611789 0.727314 0.941228 0.757619
0 0.611789 0.757619 0.941228 0.787924
0 0.611789 0.787924 0.941228 0.818230
0 0.611789 0.818230 0.941228 0.848536
0 0.611789 0.848536 0.941228 0.878841
0 0.611789 0.878841 0.941228 0.909147
0 0.611789 0.909147 0.941228 0.939452
