0 0.058824 0.073231 0.682353 0.090909
0 0.682353 0.073231 0.941176 0.090909
0 0.447059 0.257577 0.505882 0.287881
0 0.598366 0.257577 0.600000 0.287881
0 0.600000 0.257577 0.729412 0.287881
0 0.745752 0.257577 0.881127 0.287881
0 0.939542 0.257577 0.941176 0.287881
0 0.447059 0.287881 0.505882 0.318186
0 0.598366 0.287881 0.600000 0.318186
0 0.600000 0.287881 0.729412 0.318186
0 0.729412 0.287881 0.881127 0.318186
0 0.939542 0.287881 0.941176 0.318186
0 0.447059 0.318186 0.505882 0.333336
0 0.598366 0.318186 0.600000 0.333336
0 0.600000 0.318186 0.729412 0.333336
0 0.729412 0.318186 0.881127 0.333336
0 0.939542 0.318186 0.941176 0.333336
0 0.447059 0.333336 0.505882 0.348486
0 0.598366 0.333336 0.600000 0.348486
0 0.600000 0.333336 0.729412 0.348486
0 0.729412 0.333336 0.881127 0.348486
0 0.939542 0.333336 0.941176 0.348486
0 0.447059 0.348486 0.505882 0.363636
0 0.598366 0.348486 0.600000 0.363636
0 0.600000 0.348486 0.729412 0.363636
0 0.729412 0.348486 0.881127 0.363636
0 0.939542 0.348486 0.941176 0.363636
0 0.447059 0.363636 0.505882 0.379742
0 0.598366 0.363636 0.600000 0.379742
0 0.600000 0.363636 0.729412 0.379742
0 0.729412 0.363636 0.881127 0.379742
0 0.939542 0.363636 0.941176 0.379742
0 0.527778 0.530304 0.529412 0.560609
0 0.529412 0.530304 0.658824 0.560609
0 0.675163 0.530304 0.881127 0.560609
0 0.939542 0.530304 0.941176 0.560609
0 0.527778 0.560609 0.529412 0.590913
0 0.529412 0.560609 0.658824 0.590913
0 0.658824 0.560609 0.881127 0.590913
0 0.882353 0.560609 0.941176 0.590913
0 0.527778 0.742427 0.529412 0.772731
0 0.529412 0.742427 0.658824 0.772731
0 0.675163 0.742427 0.881127 0.772731
0 0.939542 0.742427 0.941176 0.772731
0 0.527778 0.772731 0.529412 0.803035
0 0.529412 0.772731 0.658824 0.803035
0 0.658824 0.772731 0.881127 0.803035
0 0.882353 0.772731 0.941176 0.803035
