0 0.188243 0.090913 0.941213 0.106064
0 0.105887 0.106064 0.941213 0.121215
0 0.105887 0.121218 0.941213 0.136369
0 0.164712 0.151520 0.941213 0.166671
0 0.105887 0.166675 0.941213 0.181826
0 0.105887 0.181826 0.941213 0.196976
0 0.218832 0.272738 0.941213 0.287889
0 0.105887 0.287889 0.941213 0.303040
0 0.105887 0.303044 0.941213 0.318195
0 0.105887 0.318195 0.941213 0.333346
0 0.188243 0.348500 0.423546 0.363651
0 0.430605 0.378802 0.670615 0.393953
0 0.188243 0.439413 0.941213 0.454566
0 0.105887 0.530326 0.941213 0.545479
0 0.105887 0.575782 0.941213 0.590935
