0 0.715330 0.075762 0.941213 0.090913
0 0.105887 0.106064 0.941213 0.121215
0 0.319947 0.121218 0.941213 0.136369
0 0.370603 0.136369 0.941213 0.151520
0 0.386943 0.151520 0.941213 0.166671
0 0.105887 0.166675 0.941213 0.181826
0 0.519301 0.181826 0.941213 0.196976
0 0.105887 0.196976 0.941213 0.212127
0 0.105887 0.227282 0.494137 0.242433
0 0.105887 0.242433 0.494137 0.257584
0 0.541198 0.227282 0.941213 0.242433
0 0.541198 0.242433 0.941213 0.257584
0 0.835327 0.260112 0.848399 0.270213
0 0.894153 0.260112 0.907225 0.270213
0 0.217002 0.272738 0.941213 0.287889
0 0.373871 0.287889 0.941213 0.303040
0 0.493157 0.303044 0.941213 0.318195
0 0.105887 0.318195 0.941213 0.333346
0 0.344458 0.333346 0.941213 0.348496
0 0.723558 0.348500 0.941213 0.363651
0 0.835327 0.381326 0.848399 0.391427
0 0.894153 0.381326 0.907225 0.391427
0 0.835327 0.396481 0.848399 0.406582
0 0.894153 0.396481 0.907225 0.406582
0 0.494137 0.409107 0.823562 0.424258
0 0.835327 0.411632 0.848399 0.421733
0 0.894153 0.411632 0.907225 0.421733
0 0.694145 0.424258 0.941213 0.439409
0 0.105887 0.439413 0.941213 0.454564
0 0.641855 0.454564 0.941213 0.469715
0 0.105887 0.469715 0.941213 0.484866
0 0.835327 0.487393 0.848399 0.497495
0 0.894153 0.487393 0.907225 0.497495
0 0.241513 0.500020 0.941213 0.515171
0 0.622247 0.515171 0.941213 0.530322
0 0.105887 0.530326 0.941213 0.545477
0 0.835327 0.548001 0.848399 0.558102
0 0.894153 0.548001 0.907225 0.558102
0 0.277462 0.560627 0.941213 0.575778
0 0.258834 0.575782 0.941213 0.590933
