0 0.058826 0.119953 0.539972 0.136369
0 0.541198 0.119953 0.729440 0.136369
0 0.742282 0.121218 0.941213 0.136369
0 0.294129 0.227282 0.541198 0.242433
0 0.494137 0.287889 0.682380 0.303040
0 0.752971 0.287889 0.941213 0.303040
0 0.505902 0.363647 0.552963 0.378798
0 0.552963 0.363647 0.694145 0.378798
0 0.694145 0.363647 0.834101 0.378798
0 0.835327 0.363647 0.869397 0.378798
0 0.870622 0.363647 0.941213 0.378798
0 0.505902 0.378798 0.552963 0.393949
0 0.552963 0.378798 0.694145 0.393949
0 0.694145 0.378798 0.834101 0.393949
0 0.835327 0.378798 0.869397 0.393949
0 0.870622 0.378798 0.941213 0.393949
0 0.633685 0.651536 0.635319 0.666687
0 0.635319 0.651536 0.741206 0.666687
0 0.752971 0.651536 0.845867 0.666687
0 0.847092 0.651536 0.881162 0.666687
0 0.939579 0.651536 0.941213 0.666687
0 0.633685 0.666687 0.635319 0.681838
0 0.635319 0.666687 0.741206 0.681838
0 0.741206 0.666687 0.845867 0.681838
0 0.847092 0.666687 0.881162 0.681838
0 0.939579 0.666687 0.941213 0.681838
0 0.633685 0.681838 0.635319 0.696989
0 0.635319 0.681838 0.741206 0.696989
0 0.741206 0.681838 0.845867 0.696989
0 0.847092 0.681838 0.881162 0.696989
0 0.939579 0.681838 0.941213 0.696989
0 0.588258 0.696989 0.634093 0.712140
0 0.635319 0.696989 0.741206 0.712140
0 0.741206 0.696989 0.845867 0.712140
0 0.847092 0.696989 0.881162 0.712140
0 0.939579 0.696989 0.941213 0.712140
0 0.633685 0.787902 0.635319 0.803053
0 0.635319 0.787902 0.741206 0.803053
0 0.752971 0.787902 0.845867 0.803053
0 0.847092 0.787902 0.881162 0.803053
0 0.939579 0.787902 0.941213 0.803053
0 0.633685 0.803053 0.635319 0.818204
0 0.635319 0.803053 0.741206 0.818204
0 0.741206 0.803053 0.845867 0.818204
0 0.847092 0.803053 0.881162 0.818204
0 0.939579 0.803053 0.941213 0.818204
0 0.633685 0.818204 0.635319 0.833354
0 0.635319 0.818204 0.741206 0.833354
0 0.741206 0.818204 0.845867 0.833354
0 0.847092 0.818204 0.881162 0.833354
0 0.939579 0.818204 0.941213 0.833354
0 0.633685 0.833354 0.635319 0.848505
0 0.635319 0.833354 0.741206 0.848505
0 0.741206 0.833354 0.845867 0.848505
0 0.847092 0.833354 0.881162 0.848505
0 0.939579 0.833354 0.941213 0.848505
0 0.633685 0.848505 0.635319 0.863656
0 0.635319 0.848505 0.741206 0.863656
0 0.741206 0.848505 0.845867 0.863656
0 0.847092 0.848505 0.881162 0.863656
0 0.939579 0.848505 0.941213 0.863656
0 0.633685 0.863656 0.635319 0.878807
0 0.635319 0.863656 0.741206 0.878807
0 0.741206 0.863656 0.845867 0.878807
0 0.847092 0.863656 0.881162 0.878807
0 0.939579 0.863656 0.941213 0.878807
0 0.633685 0.878807 0.635319 0.893958
0 0.635319 0.878807 0.741206 0.893958
0 0.741206 0.878807 0.845867 0.893958
0 0.847092 0.878807 0.881162 0.893958
0 0.939579 0.878807 0.941213 0.893958
0 0.633685 0.893958 0.635319 0.909109
0 0.635319 0.893958 0.741206 0.909109
0 0.741206 0.893958 0.845867 0.909109
0 0.847092 0.893958 0.881162 0.909109
0 0.939579 0.893958 0.941213 0.909109
0 0.633685 0.909109 0.635319 0.924260
0 0.635319 0.909109 0.741206 0.924260
0 0.741206 0.909109 0.845867 0.924260
0 0.847092 0.909109 0.881162 0.924260
0 0.939579 0.909109 0.941213 0.924260
