0 0.058826 0.118690 0.623554 0.136369
0 0.623554 0.118690 0.941213 0.136369
0 0.924873 0.181827 0.937945 0.191928
0 0.376485 0.212131 0.539892 0.227282
0 0.924873 0.242434 0.937945 0.252535
0 0.658849 0.272738 0.941213 0.287889
0 0.082356 0.287889 0.941213 0.303040
0 0.282364 0.318195 0.611789 0.333346
0 0.082356 0.409107 0.200008 0.424258
0 0.211773 0.409107 0.294129 0.424258
0 0.588258 0.409107 0.717675 0.424258
0 0.729440 0.409107 0.811797 0.424258
0 0.423546 0.727302 0.929448 0.742453
0 0.529433 0.909124 0.764736 0.924277
