0 0.058824 0.121211 0.539951 0.136364
0 0.541176 0.121211 0.729412 0.136364
0 0.752941 0.121213 0.941176 0.136364
0 0.529412 0.212122 0.705882 0.227273
0 0.764706 0.212122 0.941176 0.227273
0 0.411765 0.257577 0.470588 0.272727
0 0.539543 0.257577 0.541176 0.272727
0 0.541176 0.257577 0.717647 0.272727
0 0.732353 0.257577 0.845833 0.272727
0 0.847059 0.257577 0.881127 0.272727
0 0.939542 0.257577 0.941176 0.272727
0 0.411765 0.272727 0.470588 0.287878
0 0.539543 0.272727 0.541176 0.287878
0 0.541176 0.272727 0.717647 0.287878
0 0.717647 0.272727 0.845833 0.287878
0 0.847059 0.272727 0.881127 0.287878
0 0.939542 0.272727 0.941176 0.287878
0 0.411765 0.318179 0.470588 0.333332
0 0.539543 0.318179 0.541176 0.333332
0 0.541176 0.318179 0.717647 0.333332
0 0.732353 0.318179 0.845833 0.333332
0 0.847059 0.318179 0.881127 0.333332
0 0.939542 0.318179 0.941176 0.333332
0 0.411765 0.333332 0.470588 0.348482
0 0.539543 0.333332 0.541176 0.348482
0 0.541176 0.333332 0.717647 0.348482
0 0.717647 0.333332 0.845833 0.348482
0 0.847059 0.333332 0.881127 0.348482
0 0.939542 0.333332 0.941176 0.348482
0 0.411765 0.348482 0.470588 0.363633
0 0.539543 0.348482 0.541176 0.363633
0 0.541176 0.348482 0.717647 0.363633
0 0.717647 0.348482 0.845833 0.363633
0 0.847059 0.348482 0.881127 0.363633
0 0.939542 0.348482 0.941176 0.363633
0 0.411765 0.363633 0.470588 0.378783
0 0.539543 0.363633 0.541176 0.378783
0 0.541176 0.363633 0.717647 0.378783
0 0.717647 0.363633 0.845833 0.378783
0 0.847059 0.363633 0.881127 0.378783
0 0.939542 0.363633 0.941176 0.378783
0 0.923203 0.426765 0.936275 0.436866
0 0.411765 0.469700 0.470588 0.484850
0 0.539543 0.469700 0.541176 0.484850
0 0.541176 0.469700 0.705882 0.484850
0 0.411765 0.484850 0.470588 0.500000
0 0.539543 0.484850 0.541176 0.500000
0 0.541176 0.484850 0.705882 0.500000
0 0.732353 0.484850 0.845833 0.500000
0 0.847059 0.484850 0.881127 0.500000
0 0.882353 0.484850 0.941176 0.500000
0 0.411765 0.500000 0.470588 0.515150
0 0.539543 0.500000 0.541176 0.515150
0 0.541176 0.500000 0.717647 0.515150
0 0.717647 0.500000 0.845833 0.515150
0 0.847059 0.500000 0.881127 0.515150
0 0.939542 0.500000 0.941176 0.515150
0 0.411765 0.530302 0.470588 0.545455
0 0.539543 0.530302 0.541176 0.545455
0 0.541176 0.530302 0.717647 0.545455
0 0.717647 0.530302 0.845833 0.545455
0 0.847059 0.530302 0.881127 0.545455
0 0.939542 0.530302 0.941176 0.545455
0 0.411765 0.545455 0.470588 0.560605
0 0.539543 0.545455 0.541176 0.560605
0 0.541176 0.545455 0.717647 0.560605
0 0.717647 0.545455 0.845833 0.560605
0 0.847059 0.545455 0.881127 0.560605
0 0.939542 0.545455 0.941176 0.560605
0 0.923203 0.608583 0.936275 0.618684
0 0.411765 0.681818 0.470588 0.696972
0 0.539543 0.681818 0.541176 0.696972
0 0.541176 0.681818 0.705882 0.696972
0 0.411765 0.696972 0.470588 0.712122
0 0.539543 0.696972 0.541176 0.712122
0 0.541176 0.696972 0.705882 0.712122
0 0.732353 0.696972 0.845833 0.712122
0 0.847059 0.696972 0.881127 0.712122
0 0.882353 0.696972 0.941176 0.712122
0 0.411765 0.727274 0.470588 0.742427
0 0.539543 0.727274 0.541176 0.742427
0 0.541176 0.727274 0.717647 0.742427
0 0.717647 0.727274 0.845833 0.742427
0 0.847059 0.727274 0.881127 0.742427
0 0.939542 0.727274 0.941176 0.742427
0 0.411765 0.742427 0.470588 0.757577
0 0.539543 0.742427 0.541176 0.757577
0 0.541176 0.742427 0.717647 0.757577
0 0.717647 0.742427 0.845833 0.757577
0 0.847059 0.742427 0.881127 0.757577
0 0.939542 0.742427 0.941176 0.757577
0 0.411765 0.757577 0.470588 0.772727
0 0.539543 0.757577 0.541176 0.772727
0 0.541176 0.757577 0.717647 0.772727
0 0.717647 0.757577 0.845833 0.772727
0 0.847059 0.757577 0.881127 0.772727
0 0.939542 0.757577 0.941176 0.772727
0 0.411765 0.772727 0.470588 0.787878
0 0.539543 0.772727 0.541176 0.787878
0 0.541176 0.772727 0.717647 0.787878
0 0.717647 0.772727 0.845833 0.787878
0 0.847059 0.772727 0.881127 0.787878
0 0.939542 0.772727 0.941176 0.787878
