0 0.075964 0.122795 0.548531 0.138011
0 0.572160 0.122795 0.737558 0.138011
0 0.773001 0.122795 0.938400 0.138011
0 0.560346 0.153226 0.713930 0.168441
0 0.773001 0.153226 0.938400 0.168441
0 0.365616 0.183656 0.583974 0.198872
0 0.477646 0.351024 0.631231 0.366240
0 0.678487 0.351024 0.855700 0.366240
0 0.858968 0.351024 0.891143 0.366240
0 0.477646 0.442316 0.631231 0.457531
0 0.678487 0.442316 0.855700 0.457531
0 0.858968 0.442316 0.891143 0.457531
0 0.477646 0.533607 0.631231 0.548823
0 0.678487 0.533607 0.855700 0.548823
0 0.858968 0.533607 0.891143 0.548823
0 0.477646 0.564038 0.631231 0.579253
0 0.678487 0.564038 0.855700 0.579253
0 0.858968 0.564038 0.891143 0.579253
0 0.477646 0.670545 0.631231 0.685760
0 0.678487 0.670545 0.855700 0.685760
0 0.858968 0.670545 0.891143 0.685760
0 0.477646 0.701417 0.631231 0.716632
0 0.678487 0.701417 0.855700 0.716632
0 0.858968 0.701417 0.891143 0.716632
0 0.477646 0.807482 0.631231 0.822697
0 0.678487 0.807482 0.855700 0.822697
0 0.858968 0.807482 0.891143 0.822697
0 0.477646 0.837913 0.631231 0.853128
0 0.678487 0.837913 0.855700 0.853128
0 0.858968 0.837913 0.891143 0.853128
