0 0.058826 0.075759 0.647084 0.090913
0 0.695779 0.075759 0.941213 0.090913
0 0.776501 0.166675 0.941213 0.181826
0 0.776501 0.181826 0.941213 0.196976
0 0.776501 0.196976 0.941213 0.212127
0 0.776501 0.212131 0.941213 0.227282
0 0.776501 0.257587 0.941213 0.272738
0 0.776501 0.272738 0.941213 0.287889
0 0.776501 0.303044 0.941213 0.318195
0 0.776501 0.318195 0.941213 0.333346
0 0.776501 0.333346 0.941213 0.348496
0 0.776501 0.348500 0.941213 0.363651
0 0.776501 0.363651 0.941213 0.378802
0 0.776501 0.393957 0.941213 0.409107
0 0.776501 0.409107 0.941213 0.424258
0 0.776501 0.439413 0.941213 0.454564
0 0.776501 0.454564 0.941213 0.469715
0 0.776501 0.469715 0.941213 0.484866
0 0.776501 0.484869 0.941213 0.500020
0 0.776501 0.500020 0.941213 0.515171
0 0.776501 0.515171 0.941213 0.530322
0 0.776501 0.530326 0.941213 0.545477
0 0.776501 0.545477 0.941213 0.560627
0 0.776501 0.560627 0.941213 0.575778
0 0.776501 0.575782 0.941213 0.590933
0 0.165366 0.628812 0.764736 0.643963
0 0.776501 0.628812 0.941213 0.643963
0 0.165366 0.643967 0.764736 0.659118
0 0.776501 0.643967 0.941213 0.659118
0 0.165366 0.659118 0.764736 0.674268
0 0.776501 0.659118 0.941213 0.674268
0 0.776501 0.674268 0.941213 0.689419
0 0.776501 0.696999 0.941213 0.712151
0 0.109155 0.835891 0.122227 0.845993
0 0.218308 0.879768 0.231380 0.889869
0 0.109155 0.893977 0.122227 0.904078
