0 0.058826 0.118690 0.610563 0.136369
0 0.788266 0.121216 0.941213 0.136369
0 0.670615 0.196976 0.787041 0.212127
0 0.823562 0.227282 0.941213 0.242433
0 0.823562 0.242433 0.941213 0.257584
0 0.823562 0.287889 0.941213 0.303040
0 0.823562 0.318195 0.941213 0.333346
0 0.823562 0.363651 0.941213 0.378802
0 0.823562 0.409107 0.941213 0.424258
0 0.823562 0.424258 0.941213 0.439409
0 0.823562 0.439413 0.941213 0.454564
0 0.823562 0.469715 0.941213 0.484866
0 0.763429 0.501913 0.776501 0.512014
0 0.823562 0.545477 0.941213 0.560627
0 0.823562 0.606084 0.941213 0.621235
0 0.823562 0.621238 0.941213 0.636389
0 0.823562 0.651540 0.941213 0.666691
0 0.763429 0.683738 0.776501 0.693840
0 0.823562 0.727302 0.941213 0.742453
