0 0.075964 0.122795 0.697214 0.138011
0 0.713930 0.122795 0.758719 0.138011
0 0.763720 0.122795 0.935475 0.138011
0 0.075964 0.153226 0.935475 0.168441
0 0.075964 0.183656 0.697214 0.198872
0 0.721822 0.183656 0.764733 0.198872
0 0.773001 0.183656 0.935475 0.198872
0 0.429801 0.201675 0.442988 0.211877
0 0.559839 0.202811 0.572895 0.212900
0 0.229548 0.259733 0.335876 0.274948
0 0.560346 0.259733 0.643045 0.274948
0 0.867514 0.259733 0.938400 0.274948
0 0.114674 0.335809 0.580706 0.351024
0 0.595788 0.335809 0.784815 0.351024
0 0.815552 0.328688 0.848886 0.351024
0 0.886862 0.328688 0.920196 0.351024
0 0.114674 0.366240 0.580706 0.381455
0 0.595788 0.366240 0.784815 0.381455
0 0.815552 0.359118 0.848886 0.381455
0 0.886862 0.359118 0.920196 0.381455
0 0.114674 0.396670 0.580706 0.411885
0 0.595788 0.396670 0.784815 0.411885
0 0.815552 0.389549 0.848886 0.411885
0 0.886862 0.389549 0.920196 0.411885
0 0.114674 0.427101 0.580706 0.442316
0 0.595788 0.427101 0.784815 0.442316
0 0.815552 0.419979 0.848886 0.442316
0 0.886862 0.419979 0.920196 0.442316
0 0.114674 0.457531 0.580706 0.472746
0 0.595788 0.457531 0.784815 0.472746
0 0.815552 0.450410 0.848886 0.472746
0 0.886862 0.450410 0.920196 0.472746
0 0.114674 0.487962 0.580706 0.503177
0 0.595788 0.487962 0.784815 0.503177
0 0.815552 0.480840 0.848886 0.503177
0 0.886862 0.480840 0.920196 0.503177
0 0.114674 0.518392 0.580706 0.533607
0 0.595788 0.518392 0.784815 0.533607
0 0.815552 0.511271 0.848886 0.533607
0 0.886862 0.511271 0.920196 0.533607
0 0.114674 0.548823 0.580706 0.564038
0 0.595788 0.548823 0.784815 0.564038
0 0.815552 0.541701 0.848886 0.564038
0 0.886862 0.541701 0.920196 0.564038
0 0.114674 0.579253 0.580706 0.594468
0 0.595788 0.579253 0.784815 0.594468
0 0.815552 0.572132 0.848886 0.594468
0 0.886862 0.572132 0.920196 0.594468
0 0.114674 0.609684 0.580706 0.624899
0 0.595788 0.609684 0.784815 0.624899
0 0.815552 0.602562 0.848886 0.624899
0 0.886862 0.602562 0.920196 0.624899
0 0.114674 0.640114 0.580706 0.655329
0 0.595788 0.640114 0.784815 0.655329
0 0.815552 0.632993 0.848886 0.655329
0 0.886862 0.632993 0.920196 0.655329
0 0.114674 0.670545 0.580706 0.685760
0 0.595788 0.670545 0.784815 0.685760
0 0.815552 0.663423 0.848886 0.685760
0 0.886862 0.663423 0.920196 0.685760
0 0.114674 0.700975 0.580706 0.716191
0 0.595788 0.700975 0.784815 0.716191
0 0.815552 0.693854 0.848886 0.716191
0 0.886862 0.693854 0.920196 0.716191
0 0.114674 0.731406 0.580706 0.746621
0 0.595788 0.731406 0.784815 0.746621
0 0.815552 0.724284 0.848886 0.746621
0 0.886862 0.724284 0.920196 0.746621
0 0.114674 0.761836 0.580706 0.777052
0 0.595788 0.761836 0.784815 0.777052
0 0.815552 0.754715 0.848886 0.777052
0 0.886862 0.754715 0.920196 0.777052
0 0.114674 0.792267 0.580706 0.807482
0 0.595788 0.792267 0.784815 0.807482
0 0.815552 0.785145 0.848886 0.807482
0 0.886862 0.785145 0.920196 0.807482
0 0.114674 0.822697 0.580706 0.837913
0 0.595788 0.822697 0.784815 0.837913
0 0.815552 0.815576 0.848886 0.837913
0 0.886862 0.815576 0.920196 0.837913
0 0.114674 0.853128 0.580706 0.868343
0 0.595788 0.853128 0.784815 0.868343
0 0.815552 0.846006 0.848886 0.868343
0 0.886862 0.846006 0.920196 0.868343
0 0.114674 0.883558 0.580706 0.898774
0 0.595788 0.883558 0.784815 0.898774
0 0.815552 0.876437 0.848886 0.898774
0 0.886862 0.876437 0.920196 0.898774
0 0.114674 0.913989 0.580706 0.929204
0 0.595788 0.913989 0.784815 0.929204
0 0.815552 0.906867 0.848886 0.929204
0 0.886862 0.906867 0.920196 0.929204
0 0.143581 0.929204 0.185560 0.944419
