0 0.058824 0.118684 0.775245 0.136362
0 0.776471 0.118684 0.941176 0.136362
0 0.058824 0.148988 0.375245 0.166666
0 0.376471 0.148988 0.564706 0.166666
0 0.564706 0.148988 0.941176 0.166666
0 0.058824 0.179292 0.481127 0.196970
0 0.482353 0.179292 0.941176 0.196970
0 0.682353 0.257574 0.941176 0.272725
0 0.058824 0.311867 0.075163 0.324493
0 0.058824 0.387621 0.075163 0.400247
0 0.058824 0.448229 0.075163 0.460855
0 0.305882 0.515145 0.434069 0.530295
0 0.435294 0.515145 0.563480 0.530295
0 0.564706 0.515145 0.692892 0.530295
0 0.694118 0.515145 0.822304 0.530295
0 0.823529 0.515145 0.941176 0.530295
0 0.305882 0.530295 0.434069 0.545445
0 0.435294 0.530295 0.563480 0.545445
0 0.564706 0.530295 0.692892 0.545445
0 0.694118 0.530295 0.822304 0.545445
0 0.823529 0.530295 0.941176 0.545445
0 0.305882 0.560597 0.434069 0.575749
0 0.435294 0.560597 0.563480 0.575749
0 0.564706 0.560597 0.692892 0.575749
0 0.694118 0.560597 0.822304 0.575749
0 0.823529 0.560597 0.941176 0.575749
0 0.305882 0.575749 0.434069 0.590899
0 0.435294 0.575749 0.563480 0.590899
0 0.564706 0.575749 0.692892 0.590899
0 0.694118 0.575749 0.822304 0.590899
0 0.823529 0.575749 0.941176 0.590899
0 0.305882 0.606051 0.434069 0.621203
0 0.435294 0.606051 0.563480 0.621203
0 0.564706 0.606051 0.692892 0.621203
0 0.694118 0.606051 0.822304 0.621203
0 0.823529 0.606051 0.941176 0.621203
0 0.305882 0.621203 0.434069 0.636353
0 0.435294 0.621203 0.563480 0.636353
0 0.564706 0.621203 0.692892 0.636353
0 0.694118 0.621203 0.822304 0.636353
0 0.823529 0.621203 0.941176 0.636353
0 0.305882 0.636353 0.434069 0.651503
0 0.435294 0.636353 0.563480 0.651503
0 0.564706 0.636353 0.692892 0.651503
0 0.694118 0.636353 0.822304 0.651503
0 0.823529 0.636353 0.941176 0.651503
0 0.305882 0.651503 0.434069 0.666654
0 0.435294 0.651503 0.563480 0.666654
0 0.564706 0.651503 0.692892 0.666654
0 0.694118 0.651503 0.822304 0.666654
0 0.823529 0.651503 0.941176 0.666654
0 0.305882 0.666654 0.434069 0.681804
0 0.435294 0.666654 0.563480 0.681804
0 0.564706 0.666654 0.692892 0.681804
0 0.694118 0.666654 0.822304 0.681804
0 0.823529 0.666654 0.941176 0.681804
0 0.305882 0.681804 0.434069 0.696954
0 0.435294 0.681804 0.563480 0.696954
0 0.564706 0.681804 0.692892 0.696954
0 0.694118 0.681804 0.822304 0.696954
0 0.823529 0.681804 0.941176 0.696954
0 0.305882 0.696954 0.434069 0.712104
0 0.435294 0.696954 0.563480 0.712104
0 0.564706 0.696954 0.692892 0.712104
0 0.694118 0.696954 0.822304 0.712104
0 0.823529 0.696954 0.941176 0.712104
0 0.305882 0.727255 0.434069 0.742408
0 0.435294 0.727255 0.563480 0.742408
0 0.564706 0.727255 0.692892 0.742408
0 0.694118 0.727255 0.822304 0.742408
0 0.823529 0.727255 0.941176 0.742408
0 0.305882 0.742408 0.434069 0.757558
0 0.435294 0.742408 0.563480 0.757558
0 0.564706 0.742408 0.692892 0.757558
0 0.694118 0.742408 0.822304 0.757558
0 0.823529 0.742408 0.941176 0.757558
0 0.305882 0.772709 0.434069 0.787862
0 0.435294 0.772709 0.563480 0.787862
0 0.564706 0.772709 0.692892 0.787862
0 0.694118 0.772709 0.822304 0.787862
0 0.823529 0.772709 0.941176 0.787862
0 0.305882 0.787862 0.434069 0.803012
0 0.435294 0.787862 0.563480 0.803012
0 0.564706 0.787862 0.692892 0.803012
0 0.694118 0.787862 0.822304 0.803012
0 0.823529 0.787862 0.941176 0.803012
0 0.305882 0.818163 0.434069 0.833316
0 0.435294 0.818163 0.563480 0.833316
0 0.564706 0.818163 0.692892 0.833316
0 0.694118 0.818163 0.822304 0.833316
0 0.823529 0.818163 0.941176 0.833316
0 0.305882 0.833316 0.434069 0.848466
0 0.435294 0.833316 0.563480 0.848466
0 0.564706 0.833316 0.692892 0.848466
0 0.694118 0.833316 0.822304 0.848466
0 0.823529 0.833316 0.941176 0.848466
0 0.305882 0.848466 0.434069 0.863616
0 0.435294 0.848466 0.563480 0.863616
0 0.564706 0.848466 0.692892 0.863616
0 0.694118 0.848466 0.822304 0.863616
0 0.823529 0.848466 0.941176 0.863616
0 0.305882 0.863616 0.434069 0.878766
0 0.435294 0.863616 0.563480 0.878766
0 0.564706 0.863616 0.692892 0.878766
0 0.694118 0.863616 0.822304 0.878766
0 0.823529 0.863616 0.941176 0.878766
0 0.305882 0.893918 0.434069 0.909070
0 0.435294 0.893918 0.563480 0.909070
0 0.564706 0.893918 0.692892 0.909070
0 0.694118 0.893918 0.822304 0.909070
0 0.823529 0.893918 0.941176 0.909070
0 0.305882 0.924222 0.434069 0.939374
0 0.435294 0.924222 0.563480 0.939374
0 0.564706 0.924222 0.692892 0.939374
0 0.694118 0.924222 0.822304 0.939374
0 0.823529 0.924222 0.941176 0.939374
