0 0.823562 0.078286 0.836634 0.088387
0 0.882388 0.078286 0.895460 0.088387
0 0.129417 0.136369 0.316434 0.151520
0 0.317659 0.136369 0.598798 0.151520
0 0.129417 0.151520 0.316434 0.166671
0 0.317659 0.151520 0.598798 0.166671
0 0.129417 0.166671 0.316434 0.181822
0 0.317659 0.166671 0.598798 0.181822
0 0.823562 0.199501 0.836634 0.209602
0 0.882388 0.199501 0.895460 0.209602
0 0.129417 0.257584 0.316434 0.272735
0 0.317659 0.257584 0.598798 0.272735
0 0.129417 0.272735 0.316434 0.287885
0 0.317659 0.272735 0.598798 0.287885
0 0.129417 0.287885 0.316434 0.303036
0 0.317659 0.287885 0.598798 0.303036
0 0.154581 0.421734 0.398790 0.439413
0 0.798724 0.414157 0.811797 0.424258
0 0.847092 0.421734 0.941213 0.439413
0 0.247069 0.439413 0.751745 0.454564
0 0.247069 0.454564 0.751745 0.469715
0 0.823562 0.439413 0.941213 0.454564
0 0.823562 0.454564 0.941213 0.469715
