0 0.105887 0.502546 0.118959 0.512647
0 0.105887 0.517695 0.118959 0.527797
0 0.105887 0.579570 0.118959 0.589672
0 0.105887 0.608608 0.118959 0.618709
0 0.171249 0.651540 0.294129 0.666691
0 0.383022 0.651540 0.505902 0.666691
0 0.594795 0.651540 0.717675 0.666691
0 0.171249 0.666695 0.294129 0.681846
0 0.383022 0.666695 0.505902 0.681846
0 0.594795 0.666695 0.717675 0.681846
0 0.105887 0.714677 0.118959 0.724778
0 0.105887 0.729826 0.118959 0.739928
0 0.105887 0.742453 0.941213 0.757604
0 0.105887 0.772760 0.716450 0.787913
0 0.717675 0.772760 0.941213 0.787913
0 0.918337 0.804324 0.931409 0.814426
0 0.105887 0.833367 0.716450 0.848520
0 0.717675 0.833367 0.788266 0.848520
0 0.789900 0.833367 0.941213 0.848520
0 0.105887 0.863673 0.716450 0.954584
0 0.717675 0.893977 0.941213 0.909128
0 0.918337 0.939432 0.931409 0.949533
