0 0.141182 0.136369 0.576493 0.151520
0 0.764736 0.136369 0.941213 0.151520
0 0.270599 0.166675 0.941213 0.181826
0 0.294129 0.196976 0.941213 0.212127
0 0.117652 0.227282 0.564728 0.242433
0 0.705910 0.227282 0.941213 0.242433
0 0.505902 0.257587 0.647084 0.272738
0 0.108174 0.305568 0.121247 0.315669
0 0.108174 0.351024 0.121247 0.361126
0 0.108174 0.578306 0.121247 0.588408
0 0.108174 0.623763 0.121247 0.633864
0 0.108174 0.669219 0.121247 0.679320
0 0.108174 0.714675 0.121247 0.724777
0 0.108184 0.820743 0.121256 0.830844
