0 0.058826 0.075759 0.716450 0.090913
0 0.717675 0.075759 0.941213 0.090913
0 0.776501 0.151520 0.941213 0.166671
0 0.776501 0.166675 0.941213 0.181826
0 0.776501 0.181826 0.941213 0.196976
0 0.776501 0.196976 0.941213 0.212127
0 0.776501 0.227282 0.941213 0.242433
0 0.776501 0.242433 0.941213 0.257584
0 0.776501 0.272738 0.941213 0.287889
0 0.776501 0.287889 0.941213 0.303040
0 0.776501 0.303044 0.941213 0.318195
0 0.776501 0.318195 0.941213 0.333346
0 0.776501 0.333346 0.941213 0.348496
0 0.776501 0.363651 0.941213 0.378802
0 0.776501 0.378802 0.941213 0.393953
0 0.776501 0.409107 0.941213 0.424258
0 0.776501 0.424258 0.941213 0.439409
0 0.776501 0.439413 0.941213 0.454564
0 0.776501 0.454564 0.941213 0.469715
0 0.776501 0.469715 0.941213 0.484866
0 0.776501 0.484869 0.941213 0.500020
0 0.776501 0.500020 0.941213 0.515171
0 0.776501 0.515171 0.941213 0.530322
0 0.776501 0.530326 0.941213 0.545477
0 0.776501 0.545477 0.941213 0.560627
0 0.171249 0.590933 0.764736 0.606084
0 0.776501 0.590933 0.941213 0.606084
0 0.171249 0.606084 0.764736 0.621235
0 0.776501 0.606084 0.941213 0.621235
0 0.171249 0.621238 0.764736 0.636389
0 0.776501 0.621238 0.941213 0.636389
0 0.776501 0.636389 0.941213 0.651540
0 0.776501 0.651540 0.941213 0.666691
0 0.105887 0.776547 0.118959 0.786648
0 0.215039 0.820739 0.228112 0.830840
0 0.105887 0.835891 0.118959 0.845993
