0 0.058826 0.075759 0.647084 0.090913
0 0.695779 0.075759 0.941213 0.090913
0 0.673883 0.123744 0.686955 0.133845
0 0.615057 0.123744 0.628129 0.133845
0 0.105887 0.204554 0.941213 0.219705
0 0.105887 0.219705 0.941213 0.234856
0 0.105887 0.234859 0.941213 0.250010
0 0.105887 0.250010 0.941213 0.265161
0 0.107521 0.393953 0.469381 0.409104
0 0.470607 0.393953 0.704684 0.409104
0 0.705910 0.393953 0.939988 0.409104
0 0.107521 0.409104 0.469381 0.424255
0 0.470607 0.409104 0.704684 0.424255
0 0.705910 0.409104 0.939988 0.424255
0 0.107521 0.424255 0.469381 0.439405
0 0.470607 0.424255 0.704684 0.439405
0 0.705910 0.424255 0.939988 0.439405
0 0.107521 0.439405 0.469381 0.454556
0 0.470607 0.439405 0.704684 0.454556
0 0.705910 0.439405 0.939988 0.454556
0 0.107521 0.454556 0.469381 0.469707
0 0.470607 0.454556 0.704684 0.469707
0 0.705910 0.454556 0.939988 0.469707
0 0.107521 0.469707 0.469381 0.484858
0 0.470607 0.469707 0.704684 0.484858
0 0.705910 0.469707 0.939988 0.484858
0 0.107521 0.484858 0.469381 0.500009
0 0.470607 0.484858 0.704684 0.500009
0 0.705910 0.484858 0.939988 0.500009
0 0.600024 0.507598 0.741206 0.522748
0 0.776501 0.575782 0.941213 0.590933
0 0.776501 0.590933 0.941213 0.606084
0 0.776501 0.606084 0.941213 0.621235
0 0.776501 0.621238 0.941213 0.636389
0 0.776501 0.636389 0.941213 0.651540
0 0.776501 0.666692 0.941213 0.681846
0 0.776501 0.681846 0.941213 0.696997
0 0.776501 0.696997 0.941213 0.712148
0 0.776501 0.712151 0.941213 0.727302
0 0.776501 0.727302 0.941213 0.742453
0 0.776501 0.742453 0.941213 0.757604
0 0.153601 0.787909 0.764736 0.803060
0 0.776501 0.787909 0.941213 0.803060
0 0.153601 0.803064 0.764736 0.818215
0 0.776501 0.803064 0.941213 0.818215
0 0.153601 0.818215 0.764736 0.833366
0 0.776501 0.818215 0.941213 0.833366
0 0.776501 0.840942 0.941213 0.856094
