0 0.844771 0.092170 0.861111 0.104797
0 0.903595 0.092170 0.919935 0.104797
0 0.844771 0.198230 0.861111 0.210856
0 0.903595 0.198230 0.919935 0.210856
0 0.494118 0.212122 0.611765 0.227273
0 0.494118 0.227273 0.611765 0.242423
0 0.844771 0.273989 0.861111 0.286615
0 0.903595 0.273989 0.919935 0.286615
0 0.494118 0.287878 0.611765 0.303028
0 0.494118 0.303032 0.611765 0.318182
0 0.844771 0.349747 0.861111 0.362374
0 0.903595 0.349747 0.919935 0.362374
0 0.844771 0.440657 0.861111 0.453283
0 0.903595 0.440657 0.919935 0.453283
0 0.700654 0.454545 0.805229 0.469696
0 0.844771 0.501261 0.861111 0.513888
0 0.903595 0.501261 0.919935 0.513888
0 0.700654 0.515150 0.805229 0.530300
0 0.694118 0.545455 0.811765 0.560605
0 0.844771 0.577019 0.861111 0.589645
0 0.903595 0.577019 0.919935 0.589645
0 0.844771 0.607323 0.861111 0.619949
0 0.903595 0.607323 0.919935 0.619949
0 0.844771 0.637628 0.861111 0.650254
0 0.903595 0.637628 0.919935 0.650254
0 0.844771 0.667928 0.861111 0.680554
0 0.903595 0.667928 0.919935 0.680554
0 0.552941 0.696968 0.670588 0.712119
0 0.844771 0.743688 0.861111 0.756314
0 0.903595 0.743688 0.919935 0.756314
0 0.552941 0.757577 0.670588 0.772727
0 0.823529 0.803032 0.941176 0.818182
0 0.823529 0.818182 0.941176 0.833332
0 0.823529 0.833332 0.941176 0.848482
0 0.823529 0.848486 0.941176 0.863636
0 0.823529 0.863636 0.941176 0.878787
0 0.823529 0.878787 0.941176 0.893937
0 0.823529 0.909091 0.941176 0.924241
0 0.666340 0.924241 0.776471 0.938760
