0 0.823562 0.138893 0.836634 0.148995
0 0.882388 0.138893 0.895460 0.148995
0 0.800031 0.227282 0.941213 0.242433
0 0.800031 0.257587 0.941213 0.272738
0 0.800031 0.287889 0.941213 0.303040
0 0.800031 0.318195 0.941213 0.333346
0 0.058826 0.606088 0.269373 0.636393
0 0.270599 0.621240 0.492911 0.636393
0 0.494137 0.621240 0.716450 0.636393
0 0.717675 0.621240 0.941213 0.636393
0 0.058826 0.636393 0.269373 0.666699
0 0.270599 0.651545 0.492911 0.666699
0 0.494137 0.651545 0.716450 0.666699
0 0.717675 0.651545 0.941213 0.666699
0 0.058826 0.666699 0.269373 0.697004
0 0.270599 0.681851 0.492911 0.697004
0 0.494137 0.681851 0.716450 0.697004
0 0.717675 0.681851 0.941213 0.697004
0 0.058826 0.697004 0.269373 0.727310
0 0.270599 0.712156 0.492911 0.727310
0 0.494137 0.712156 0.716450 0.727310
0 0.717675 0.712156 0.941213 0.727310
0 0.058826 0.727310 0.269373 0.757615
0 0.270599 0.742462 0.492911 0.757615
0 0.494137 0.742462 0.716450 0.757615
0 0.717675 0.742462 0.941213 0.757615
0 0.058826 0.757615 0.269373 0.787921
0 0.270599 0.772767 0.492911 0.787921
0 0.494137 0.772767 0.716450 0.787921
0 0.717675 0.772767 0.941213 0.787921
0 0.058826 0.787921 0.269373 0.818226
0 0.270599 0.803073 0.492911 0.818226
0 0.494137 0.803073 0.716450 0.818226
0 0.717675 0.803073 0.941213 0.818226
