0 0.487142 0.065990 0.564728 0.081141
0 0.664498 0.065990 0.741206 0.081141
0 0.761752 0.065990 0.788266 0.081141
0 0.058826 0.118690 0.728215 0.136369
0 0.729440 0.118690 0.941213 0.136369
0 0.662853 0.151520 0.941213 0.166671
0 0.105887 0.166675 0.941213 0.181826
0 0.511963 0.181826 0.941213 0.196976
0 0.105887 0.196976 0.941213 0.212127
0 0.424456 0.212131 0.941213 0.227282
0 0.111115 0.275262 0.124188 0.285364
0 0.111115 0.290413 0.124188 0.300515
0 0.111115 0.335870 0.124188 0.345971
0 0.191083 0.333346 0.941213 0.348496
0 0.111115 0.351024 0.124188 0.361126
0 0.274689 0.348500 0.941213 0.363651
0 0.111115 0.366175 0.124188 0.376277
0 0.341190 0.378802 0.576493 0.393953
0 0.223113 0.439413 0.941213 0.454564
0 0.614055 0.469715 0.941213 0.484866
0 0.334654 0.502544 0.347726 0.512646
0 0.440540 0.502544 0.453613 0.512646
0 0.447076 0.530326 0.941213 0.545477
0 0.723558 0.560627 0.941213 0.575778
0 0.568323 0.590933 0.941213 0.606084
0 0.117652 0.712151 0.247069 0.727302
0 0.282364 0.712151 0.411781 0.727302
0 0.447076 0.712151 0.576493 0.727302
0 0.623554 0.712151 0.752971 0.727302
0 0.800031 0.712151 0.929448 0.727302
0 0.800031 0.742453 0.929448 0.757604
0 0.823562 0.790433 0.836634 0.800535
0 0.882388 0.790433 0.895460 0.800535
0 0.823562 0.835890 0.836634 0.845991
0 0.882388 0.835890 0.895460 0.845991
0 0.823562 0.881346 0.836634 0.891448
0 0.882388 0.881346 0.895460 0.891448
0 0.823562 0.926803 0.836634 0.936904
0 0.882388 0.926803 0.895460 0.936904
