0 0.058826 0.073234 0.657624 0.090913
0 0.788266 0.075759 0.941213 0.090913
0 0.922912 0.123742 0.935984 0.133844
0 0.220270 0.143947 0.529433 0.159097
0 0.801992 0.143947 0.941213 0.159097
0 0.835327 0.191296 0.848399 0.201397
0 0.894153 0.191296 0.907225 0.201397
0 0.835327 0.207078 0.848399 0.217179
0 0.894153 0.207078 0.907225 0.217179
0 0.823562 0.280316 0.941213 0.295466
0 0.823562 0.371228 0.941213 0.386379
0 0.823562 0.401530 0.941213 0.416681
0 0.823562 0.416685 0.941213 0.431836
0 0.670615 0.462141 0.787041 0.477292
0 0.670615 0.492443 0.787041 0.507594
0 0.670615 0.507598 0.787041 0.522748
0 0.670615 0.537899 0.787041 0.553050
0 0.823562 0.583356 0.941213 0.598507
0 0.823562 0.643967 0.941213 0.659118
