0 0.058824 0.118686 0.739951 0.136364
0 0.742810 0.118686 0.941176 0.136364
0 0.857516 0.212122 0.941176 0.227273
0 0.180392 0.319443 0.196732 0.332069
0 0.474510 0.319443 0.490850 0.332069
0 0.803922 0.319443 0.820261 0.332069
0 0.823529 0.380048 0.839869 0.392674
0 0.894118 0.380048 0.910458 0.392674
0 0.823529 0.455807 0.839869 0.468433
0 0.894118 0.455807 0.910458 0.468433
0 0.163072 0.606059 0.482353 0.621210
0 0.598366 0.606059 0.917647 0.621210
0 0.163072 0.636364 0.482353 0.651514
0 0.823529 0.683080 0.839869 0.695706
0 0.894118 0.683080 0.910458 0.695706
0 0.161438 0.742423 0.223529 0.757573
0 0.349673 0.742423 0.411765 0.757573
0 0.537909 0.742423 0.600000 0.757573
0 0.308497 0.833332 0.352941 0.848482
0 0.369281 0.833332 0.411765 0.848482
0 0.696732 0.833332 0.741176 0.848482
0 0.757516 0.833332 0.800000 0.848482
0 0.308497 0.848486 0.352941 0.863636
0 0.369281 0.848486 0.411765 0.863636
0 0.696732 0.848486 0.741065 0.863636
0 0.757516 0.848486 0.800000 0.863636
0 0.308497 0.863636 0.352941 0.878787
0 0.369281 0.863636 0.411765 0.878787
0 0.696732 0.863636 0.741065 0.878787
0 0.757516 0.863636 0.800000 0.878787
