0 0.823562 0.078286 0.836634 0.088387
0 0.882388 0.078286 0.895460 0.088387
0 0.823562 0.106064 0.941213 0.121215
0 0.823562 0.136369 0.941213 0.151520
0 0.823562 0.166675 0.941213 0.181826
0 0.823562 0.196976 0.941213 0.212127
0 0.823562 0.229806 0.836634 0.239907
0 0.882388 0.229806 0.895460 0.239907
0 0.142816 0.330821 0.387025 0.348500
0 0.800847 0.322928 0.813919 0.333030
0 0.835327 0.330821 0.941213 0.348500
0 0.215673 0.348500 0.751745 0.363651
0 0.229261 0.363651 0.751745 0.378802
0 0.816277 0.348500 0.941213 0.363651
0 0.816277 0.363651 0.941213 0.378802
0 0.223538 0.426782 0.236611 0.436884
0 0.564728 0.426782 0.577800 0.436884
0 0.058826 0.469718 0.387025 0.484869
0 0.389885 0.469718 0.622328 0.484869
0 0.623554 0.469718 0.800031 0.484869
0 0.825523 0.469717 0.845131 0.484869
0 0.896114 0.469717 0.915722 0.484869
0 0.058826 0.484869 0.387025 0.500020
0 0.389885 0.484869 0.622328 0.500020
0 0.623554 0.484869 0.800031 0.500020
0 0.825523 0.484868 0.845131 0.500020
0 0.896114 0.484868 0.915722 0.500020
0 0.058826 0.545477 0.387025 0.560627
0 0.389885 0.545477 0.622328 0.560627
0 0.623554 0.545477 0.870622 0.560627
0 0.896114 0.545475 0.915722 0.560627
0 0.058826 0.560627 0.387025 0.575778
0 0.389885 0.560627 0.622328 0.575778
0 0.623554 0.560627 0.870622 0.575778
0 0.896114 0.560626 0.915722 0.575778
0 0.058826 0.621235 0.151722 0.636386
0 0.154581 0.621235 0.387025 0.636386
0 0.389885 0.621235 0.492911 0.636386
0 0.494137 0.621235 0.623554 0.636386
0 0.665386 0.623759 0.678458 0.633860
0 0.717675 0.621235 0.803953 0.636386
0 0.823562 0.621235 0.921605 0.636386
0 0.058826 0.636386 0.151722 0.651536
0 0.154581 0.636386 0.387025 0.651536
0 0.389885 0.636386 0.492911 0.651536
0 0.494137 0.636386 0.623554 0.651536
0 0.665386 0.638910 0.678458 0.649011
0 0.717675 0.636386 0.803953 0.651536
0 0.823562 0.636386 0.921605 0.651536
0 0.823562 0.654064 0.836634 0.664166
0 0.882388 0.654064 0.895460 0.664166
0 0.058826 0.727302 0.387025 0.742453
0 0.389885 0.727302 0.622328 0.742453
0 0.623554 0.727302 0.764736 0.742453
0 0.764736 0.727302 0.869397 0.742453
0 0.896114 0.727301 0.915722 0.742453
0 0.058826 0.742453 0.387025 0.757604
0 0.389885 0.742453 0.622328 0.757604
0 0.623554 0.742453 0.764736 0.757604
0 0.764736 0.742453 0.869397 0.757604
0 0.896114 0.742452 0.915722 0.757604
