0 0.817025 0.108588 0.830098 0.118689
0 0.864086 0.108588 0.877159 0.118689
0 0.817025 0.138893 0.830098 0.148995
0 0.864086 0.138893 0.877159 0.148995
0 0.817025 0.169199 0.830098 0.179300
0 0.864086 0.169199 0.877159 0.179300
0 0.911147 0.169199 0.924219 0.179300
0 0.817025 0.229806 0.830098 0.239907
0 0.864086 0.229806 0.877159 0.239907
0 0.817025 0.275262 0.830098 0.285364
0 0.864086 0.275262 0.877159 0.285364
0 0.911147 0.275262 0.924219 0.285364
0 0.817025 0.320719 0.830098 0.330820
0 0.864086 0.320719 0.877159 0.330820
0 0.911147 0.320719 0.924219 0.330820
0 0.864086 0.366175 0.877159 0.376277
0 0.911147 0.366175 0.924219 0.376277
0 0.864086 0.411632 0.877159 0.421733
0 0.911147 0.411632 0.924219 0.421733
0 0.864086 0.775283 0.877159 0.785384
0 0.911147 0.775283 0.924219 0.785384
