0 0.372564 0.092177 0.458841 0.106067
0 0.372564 0.107328 0.458841 0.121218
0 0.480084 0.107328 0.501327 0.121218
0 0.529433 0.047349 0.542505 0.057451
0 0.658849 0.047349 0.671922 0.057451
0 0.058826 0.196976 0.505902 0.212127
0 0.058826 0.227282 0.505902 0.242433
0 0.060460 0.257587 0.505902 0.333349
0 0.058826 0.378802 0.505902 0.393953
0 0.060460 0.409107 0.505902 0.484869
0 0.094121 0.487393 0.107194 0.497495
0 0.113730 0.500020 0.223538 0.512646
0 0.266350 0.500020 0.494137 0.512646
0 0.176478 0.560627 0.313084 0.575778
0 0.341190 0.560627 0.477796 0.575778
0 0.176478 0.575778 0.313084 0.590929
0 0.341190 0.575778 0.477796 0.590929
0 0.176478 0.590929 0.313084 0.606080
0 0.341190 0.590929 0.477796 0.606080
0 0.176478 0.606080 0.313084 0.621231
0 0.341190 0.606080 0.477796 0.621231
0 0.239879 0.623763 0.252951 0.633864
0 0.310470 0.623763 0.323542 0.633864
0 0.329425 0.666695 0.494137 0.681846
0 0.329425 0.681846 0.494137 0.696997
0 0.329425 0.696997 0.494137 0.712148
0 0.329425 0.712151 0.494137 0.727302
0 0.334327 0.727302 0.489235 0.742453
0 0.329425 0.742453 0.494137 0.757604
0 0.329425 0.787909 0.494137 0.803060
0 0.329425 0.803064 0.494137 0.818215
0 0.505902 0.118690 0.541198 0.136369
0 0.541198 0.118690 0.728215 0.136369
0 0.505902 0.148996 0.541198 0.166675
0 0.541198 0.148996 0.728215 0.166675
0 0.505902 0.179301 0.541198 0.196980
0 0.541198 0.179301 0.728215 0.196980
0 0.505902 0.209603 0.541198 0.227282
0 0.541198 0.209603 0.728215 0.227282
0 0.505902 0.239909 0.541198 0.257587
0 0.541198 0.239909 0.728215 0.257587
0 0.505902 0.270214 0.541198 0.287893
0 0.541198 0.270214 0.728215 0.287893
0 0.505902 0.300516 0.541198 0.318195
0 0.541198 0.300516 0.728215 0.318195
0 0.505902 0.330821 0.541198 0.348500
0 0.541198 0.330821 0.728215 0.348500
0 0.505902 0.361127 0.541198 0.378806
0 0.541198 0.361127 0.728215 0.378806
0 0.505902 0.391429 0.541198 0.409107
0 0.541198 0.391429 0.728215 0.409107
0 0.505902 0.421734 0.541198 0.439413
0 0.541198 0.421734 0.728215 0.439413
0 0.505902 0.452040 0.541198 0.469718
0 0.541198 0.452040 0.728215 0.469718
0 0.505902 0.482341 0.541198 0.500020
0 0.541198 0.482341 0.728215 0.500020
0 0.505902 0.512647 0.541198 0.530326
0 0.541198 0.512647 0.728215 0.530326
0 0.505902 0.542952 0.541198 0.560631
0 0.541198 0.542952 0.728215 0.560631
0 0.505902 0.573254 0.541198 0.590933
0 0.541198 0.573113 0.728215 0.590933
0 0.505902 0.603560 0.541198 0.621238
0 0.541198 0.603560 0.728215 0.621238
0 0.505902 0.621238 0.541198 0.651544
0 0.541198 0.621238 0.728215 0.651544
0 0.505902 0.651540 0.541198 0.681846
0 0.541198 0.651540 0.728215 0.681846
0 0.505902 0.681846 0.541198 0.712151
0 0.541198 0.681846 0.728215 0.712151
0 0.505902 0.724778 0.541198 0.742457
0 0.541198 0.724778 0.728215 0.742457
0 0.505902 0.755080 0.541198 0.772758
0 0.541198 0.755080 0.728215 0.772758
0 0.505902 0.772758 0.541198 0.803064
0 0.541198 0.772758 0.728215 0.803064
0 0.505902 0.803064 0.541198 0.833370
0 0.541198 0.803064 0.728215 0.833370
0 0.505902 0.833366 0.541198 0.863671
0 0.541198 0.833366 0.728215 0.863671
0 0.505902 0.876298 0.541198 0.893977
0 0.541198 0.876298 0.728215 0.893977
0 0.505902 0.893977 0.541198 0.924282
0 0.541198 0.893977 0.728215 0.924282
0 0.505902 0.924279 0.541198 0.954584
0 0.541198 0.924279 0.728215 0.954584
0 0.729440 0.118690 0.764736 0.136369
0 0.764736 0.118690 0.938762 0.136369
0 0.729440 0.136369 0.764736 0.166675
0 0.764736 0.136369 0.938762 0.166675
0 0.729440 0.166675 0.764736 0.196980
0 0.764736 0.166675 0.938762 0.196980
0 0.729440 0.196976 0.764736 0.227282
0 0.764736 0.196976 0.938762 0.227282
0 0.918337 0.243063 0.931409 0.253164
0 0.729440 0.287892 0.764736 0.318195
0 0.764736 0.287892 0.938762 0.318195
0 0.729440 0.318195 0.764736 0.348500
0 0.764736 0.318195 0.938762 0.348500
0 0.729440 0.348500 0.764736 0.378806
0 0.764736 0.348500 0.938762 0.378806
0 0.729440 0.406581 0.764736 0.424258
0 0.764736 0.406581 0.938762 0.424258
0 0.729440 0.424258 0.764736 0.454564
0 0.764736 0.424258 0.938762 0.454564
0 0.729440 0.454564 0.764736 0.484869
0 0.764736 0.454564 0.938762 0.484869
0 0.729440 0.498072 0.764736 0.515175
0 0.764736 0.497496 0.938762 0.515175
0 0.729440 0.515171 0.764736 0.545477
0 0.764736 0.515171 0.938762 0.545477
0 0.729440 0.558103 0.764736 0.590933
0 0.764736 0.558103 0.938762 0.590933
0 0.729440 0.590933 0.764736 0.621238
0 0.764736 0.590933 0.938762 0.621238
0 0.729440 0.621238 0.764736 0.651544
0 0.764736 0.621238 0.938762 0.651544
0 0.729440 0.651540 0.764736 0.681846
0 0.764736 0.651540 0.938762 0.681846
0 0.729440 0.681846 0.764736 0.712151
0 0.764736 0.681846 0.938762 0.712151
0 0.729440 0.712151 0.764736 0.742457
0 0.764736 0.712151 0.938762 0.742457
0 0.729440 0.755080 0.764736 0.787909
0 0.764736 0.755192 0.938762 0.787909
