0 0.058826 0.118690 0.692919 0.136369
0 0.694145 0.118690 0.941213 0.136369
0 0.058826 0.148996 0.492911 0.166675
0 0.494137 0.148996 0.694145 0.166675
0 0.694145 0.148996 0.941213 0.166675
0 0.823562 0.184350 0.836634 0.194451
0 0.882388 0.184350 0.895460 0.194451
0 0.823562 0.199501 0.836634 0.209602
0 0.882388 0.199501 0.895460 0.209602
0 0.823562 0.229806 0.836634 0.239907
0 0.882345 0.229806 0.895417 0.239907
0 0.188243 0.303044 0.270599 0.318195
0 0.272233 0.303044 0.364720 0.318195
0 0.364720 0.303044 0.492911 0.318195
0 0.494137 0.303044 0.622328 0.318195
0 0.625188 0.303044 0.717675 0.318195
0 0.719309 0.303044 0.811797 0.318195
0 0.811797 0.303044 0.941213 0.318195
0 0.188243 0.318195 0.270599 0.333346
0 0.272233 0.318195 0.364720 0.333346
0 0.364720 0.318195 0.492911 0.333346
0 0.494137 0.318195 0.622328 0.333346
0 0.625188 0.318195 0.717675 0.333346
0 0.719309 0.318195 0.811797 0.333346
0 0.811797 0.318195 0.941213 0.333346
0 0.188243 0.333346 0.270599 0.348496
0 0.272233 0.333346 0.364720 0.348496
0 0.364720 0.333346 0.492911 0.348496
0 0.494137 0.333346 0.622328 0.348496
0 0.625188 0.333346 0.717675 0.348496
0 0.719309 0.333346 0.811797 0.348496
0 0.811797 0.333346 0.941213 0.348496
0 0.188243 0.348496 0.270599 0.363647
0 0.272233 0.348496 0.364720 0.363647
0 0.364720 0.348496 0.492911 0.363647
0 0.494137 0.348496 0.622328 0.363647
0 0.625188 0.348496 0.717675 0.363647
0 0.719309 0.348496 0.811797 0.363647
0 0.811797 0.348496 0.941213 0.363647
0 0.188243 0.363647 0.270599 0.378798
0 0.272233 0.363647 0.364720 0.378798
0 0.364720 0.363647 0.492911 0.378798
0 0.494137 0.363647 0.622328 0.378798
0 0.625188 0.363647 0.717675 0.378798
0 0.719309 0.363647 0.811797 0.378798
0 0.811797 0.363647 0.941213 0.378798
0 0.188243 0.378798 0.270599 0.393949
0 0.272233 0.378798 0.364720 0.393949
0 0.364720 0.378798 0.492911 0.393949
0 0.494137 0.378798 0.622328 0.393949
0 0.625188 0.378798 0.717675 0.393949
0 0.719309 0.378798 0.811797 0.393949
0 0.811797 0.378798 0.941213 0.393949
0 0.188243 0.393949 0.270599 0.409100
0 0.272233 0.393949 0.364720 0.409100
0 0.364720 0.393949 0.492911 0.409100
0 0.494137 0.393949 0.622328 0.409100
0 0.625188 0.393949 0.717675 0.409100
0 0.719309 0.393949 0.811797 0.409100
0 0.811797 0.393949 0.941213 0.409100
0 0.188243 0.409100 0.270599 0.424251
0 0.272233 0.409100 0.364720 0.424251
0 0.364720 0.409100 0.492911 0.424251
0 0.494137 0.409100 0.622328 0.424251
0 0.625188 0.409100 0.717675 0.424251
0 0.719309 0.409100 0.811797 0.424251
0 0.811797 0.409100 0.941213 0.424251
0 0.188243 0.424251 0.270599 0.439402
0 0.272233 0.424251 0.364720 0.439402
0 0.364720 0.424251 0.492911 0.439402
0 0.494137 0.424251 0.622328 0.439402
0 0.625188 0.424251 0.717675 0.439402
0 0.719309 0.424251 0.811797 0.439402
0 0.811797 0.424251 0.941213 0.439402
0 0.188243 0.439402 0.270599 0.454552
0 0.272233 0.439402 0.364720 0.454552
0 0.364720 0.439402 0.492911 0.454552
0 0.494137 0.439402 0.622328 0.454552
0 0.625188 0.439402 0.717675 0.454552
0 0.719309 0.439402 0.811797 0.454552
0 0.811797 0.439402 0.941213 0.454552
0 0.188243 0.454552 0.270599 0.469703
0 0.272233 0.454552 0.364720 0.469703
0 0.364720 0.454552 0.492911 0.469703
0 0.494137 0.454552 0.622328 0.469703
0 0.625188 0.454552 0.717675 0.469703
0 0.719309 0.454552 0.811797 0.469703
0 0.811797 0.454552 0.941213 0.469703
0 0.188243 0.469703 0.270599 0.484854
0 0.272233 0.469703 0.364720 0.484854
0 0.364720 0.469703 0.492911 0.484854
0 0.494137 0.469703 0.622328 0.484854
0 0.625188 0.469703 0.717675 0.484854
0 0.719309 0.469703 0.811797 0.484854
0 0.811797 0.469703 0.941213 0.484854
0 0.188243 0.484854 0.270599 0.500005
0 0.272233 0.484854 0.364720 0.500005
0 0.364720 0.484854 0.492911 0.500005
0 0.494137 0.484854 0.622328 0.500005
0 0.625188 0.484854 0.717675 0.500005
0 0.719309 0.484854 0.811797 0.500005
0 0.811797 0.484854 0.941213 0.500005
0 0.188243 0.500005 0.270599 0.515156
0 0.272233 0.500005 0.364720 0.515156
0 0.364720 0.500005 0.492911 0.515156
0 0.494137 0.500005 0.622328 0.515156
0 0.625188 0.500005 0.717675 0.515156
0 0.719309 0.500005 0.811797 0.515156
0 0.811797 0.500005 0.941213 0.515156
0 0.188243 0.515156 0.270599 0.530307
0 0.272233 0.515156 0.364720 0.530307
0 0.364720 0.515156 0.492911 0.530307
0 0.494137 0.515156 0.622328 0.530307
0 0.625188 0.515156 0.717675 0.530307
0 0.719309 0.515156 0.811797 0.530307
0 0.811797 0.515156 0.941213 0.530307
0 0.188243 0.530307 0.270599 0.545458
0 0.272233 0.530307 0.364720 0.545458
0 0.364720 0.530307 0.492911 0.545458
0 0.494137 0.530307 0.622328 0.545458
0 0.625188 0.530307 0.717675 0.545458
0 0.719309 0.530307 0.811797 0.545458
0 0.811797 0.530307 0.941213 0.545458
0 0.188243 0.545458 0.270599 0.560609
0 0.272233 0.545458 0.364720 0.560609
0 0.364720 0.545458 0.492911 0.560609
0 0.494137 0.545458 0.622328 0.560609
0 0.625188 0.545458 0.717675 0.560609
0 0.719309 0.545458 0.811797 0.560609
0 0.811797 0.545458 0.941213 0.560609
0 0.188243 0.560609 0.270599 0.575759
0 0.272233 0.560609 0.364720 0.575759
0 0.364720 0.560609 0.492911 0.575759
0 0.494137 0.560609 0.622328 0.575759
0 0.625188 0.560609 0.717675 0.575759
0 0.719309 0.560609 0.811797 0.575759
0 0.811797 0.560609 0.941213 0.575759
0 0.188243 0.575759 0.270599 0.590910
0 0.272233 0.575759 0.364720 0.590910
0 0.364720 0.575759 0.492911 0.590910
0 0.494137 0.575759 0.622328 0.590910
0 0.625188 0.575759 0.717675 0.590910
0 0.719309 0.575759 0.811797 0.590910
0 0.811797 0.575759 0.941213 0.590910
0 0.188243 0.590910 0.270599 0.606061
0 0.272233 0.590910 0.364720 0.606061
0 0.364720 0.590910 0.492911 0.606061
0 0.494137 0.590910 0.622328 0.606061
0 0.625188 0.590910 0.717675 0.606061
0 0.719309 0.590910 0.811797 0.606061
0 0.811797 0.590910 0.941213 0.606061
0 0.188243 0.606061 0.270599 0.621212
0 0.272233 0.606061 0.364720 0.621212
0 0.364720 0.606061 0.492911 0.621212
0 0.494137 0.606061 0.622328 0.621212
0 0.625188 0.606061 0.717675 0.621212
0 0.719309 0.606061 0.811797 0.621212
0 0.811797 0.606061 0.941213 0.621212
0 0.188243 0.621212 0.270599 0.636363
0 0.272233 0.621212 0.364720 0.636363
0 0.364720 0.621212 0.492911 0.636363
0 0.494137 0.621212 0.622328 0.636363
0 0.625188 0.621212 0.717675 0.636363
0 0.719309 0.621212 0.811797 0.636363
0 0.811797 0.621212 0.941213 0.636363
0 0.188243 0.636363 0.270599 0.651514
0 0.272233 0.636363 0.364720 0.651514
0 0.364720 0.636363 0.492911 0.651514
0 0.494137 0.636363 0.622328 0.651514
0 0.625188 0.636363 0.717675 0.651514
0 0.719309 0.636363 0.811797 0.651514
0 0.811797 0.636363 0.941213 0.651514
0 0.188243 0.651514 0.270599 0.666665
0 0.272233 0.651514 0.364720 0.666665
0 0.364720 0.651514 0.492911 0.666665
0 0.494137 0.651514 0.622328 0.666665
0 0.625188 0.651514 0.717675 0.666665
0 0.719309 0.651514 0.811797 0.666665
0 0.811797 0.651514 0.941213 0.666665
0 0.188243 0.666665 0.270599 0.681815
0 0.272233 0.666665 0.364720 0.681815
0 0.364720 0.666665 0.492911 0.681815
0 0.494137 0.666665 0.622328 0.681815
0 0.625188 0.666665 0.717675 0.681815
0 0.719309 0.666665 0.811797 0.681815
0 0.811797 0.666665 0.941213 0.681815
0 0.188243 0.681815 0.270599 0.696966
0 0.272233 0.681815 0.364720 0.696966
0 0.364720 0.681815 0.492911 0.696966
0 0.494137 0.681815 0.622328 0.696966
0 0.625188 0.681815 0.717675 0.696966
0 0.719309 0.681815 0.811797 0.696966
0 0.811797 0.681815 0.941213 0.696966
0 0.647084 0.699522 0.701335 0.712148
0 0.870622 0.699522 0.928141 0.712148
0 0.058826 0.727302 0.941213 0.742453
0 0.058826 0.742453 0.941213 0.757604
0 0.058826 0.757608 0.941213 0.772758
0 0.058826 0.772758 0.941213 0.787909
0 0.058826 0.863671 0.188243 0.878822
0 0.188243 0.863671 0.282364 0.878822
0 0.282364 0.863671 0.376485 0.878822
0 0.378119 0.863671 0.494137 0.878822
0 0.494137 0.863671 0.610563 0.878822
0 0.611789 0.863671 0.704684 0.878822
0 0.705910 0.863671 0.822336 0.878822
0 0.823562 0.863671 0.941213 0.878822
0 0.058826 0.878822 0.188243 0.893973
0 0.188243 0.878822 0.282364 0.893973
0 0.282364 0.878822 0.376485 0.893973
0 0.378119 0.878822 0.494137 0.893973
0 0.494137 0.878822 0.610563 0.893973
0 0.611789 0.878822 0.704684 0.893973
0 0.705910 0.878822 0.822336 0.893973
0 0.823562 0.878822 0.941213 0.893973
0 0.058826 0.893973 0.188243 0.909124
0 0.188243 0.893973 0.282364 0.909124
0 0.282364 0.893973 0.376485 0.909124
0 0.378119 0.893973 0.494137 0.909124
0 0.494137 0.893973 0.610563 0.909124
0 0.611789 0.893973 0.704684 0.909124
0 0.705910 0.893973 0.822336 0.909124
0 0.823562 0.893973 0.941213 0.909124
0 0.058826 0.909124 0.188243 0.924275
0 0.188243 0.909124 0.282364 0.924275
0 0.282364 0.909124 0.376485 0.924275
0 0.378119 0.909124 0.494137 0.924275
0 0.494137 0.909124 0.610563 0.924275
0 0.611789 0.909124 0.704684 0.924275
0 0.705910 0.909124 0.822336 0.924275
0 0.823562 0.909124 0.941213 0.924275
0 0.823562 0.941642 0.836634 0.951743
0 0.882388 0.941642 0.895460 0.951743
