0 0.058824 0.118686 0.739951 0.136364
0 0.742810 0.118686 0.941176 0.136364
0 0.854585 0.196968 0.941176 0.212119
0 0.168627 0.303346 0.184967 0.315972
0 0.439216 0.303346 0.455556 0.315972
0 0.698039 0.303346 0.714379 0.315972
0 0.835294 0.364898 0.851634 0.377524
0 0.894118 0.364898 0.910458 0.377524
0 0.835294 0.425503 0.851634 0.438129
0 0.894118 0.425503 0.910458 0.438129
0 0.156536 0.575759 0.482353 0.590909
0 0.591830 0.575759 0.917647 0.590909
0 0.156536 0.606059 0.482353 0.621210
0 0.835294 0.637625 0.851634 0.650251
0 0.894118 0.637625 0.910458 0.650251
0 0.164706 0.696968 0.235294 0.712119
0 0.352941 0.696968 0.423529 0.712119
0 0.541176 0.696968 0.611765 0.712119
0 0.308497 0.772727 0.352941 0.787878
0 0.367320 0.772727 0.411765 0.787878
0 0.720261 0.772727 0.764706 0.787878
0 0.779085 0.772727 0.823529 0.787878
0 0.308497 0.787878 0.352941 0.803028
0 0.367320 0.787878 0.411765 0.803028
0 0.720261 0.787878 0.764706 0.803028
0 0.779085 0.787878 0.823529 0.803028
0 0.308497 0.803032 0.352941 0.818182
0 0.367320 0.803032 0.411765 0.818182
0 0.720261 0.803032 0.764706 0.818182
0 0.779085 0.803032 0.823529 0.818182
