0 0.133838 0.078430 0.435417 0.097219
0 0.490909 0.078430 0.600000 0.097219
0 0.736364 0.078430 0.954545 0.097219
0 0.118182 0.098041 0.771780 0.116830
0 0.827273 0.098041 0.954545 0.116830
0 0.572727 0.196082 0.699053 0.215688
0 0.700000 0.196082 0.826326 0.215688
0 0.827273 0.196082 0.954545 0.215688
0 0.572727 0.215688 0.699053 0.235294
0 0.700000 0.215688 0.826326 0.235294
0 0.827273 0.215688 0.954545 0.235294
0 0.572727 0.235294 0.699053 0.254900
0 0.700000 0.235294 0.826326 0.254900
0 0.827273 0.235294 0.954545 0.254900
0 0.572727 0.254900 0.699053 0.274507
0 0.700000 0.254900 0.826326 0.274507
0 0.827273 0.254900 0.954545 0.274507
0 0.572727 0.294114 0.699053 0.313724
0 0.700000 0.294114 0.826326 0.313724
0 0.827273 0.294114 0.954545 0.313724
0 0.572727 0.372552 0.699053 0.392159
0 0.700000 0.372552 0.826326 0.392159
0 0.827273 0.372552 0.954545 0.392159
0 0.572727 0.392159 0.699053 0.411765
0 0.700000 0.392159 0.826326 0.411765
0 0.827273 0.392159 0.954545 0.411765
0 0.572727 0.411765 0.699053 0.431371
0 0.700000 0.411765 0.826326 0.431371
0 0.827273 0.411765 0.954545 0.431371
0 0.572727 0.431371 0.699053 0.450977
0 0.700000 0.431371 0.826326 0.450977
0 0.827273 0.431371 0.954545 0.450977
0 0.572727 0.450977 0.699053 0.470583
0 0.700000 0.450977 0.826326 0.470583
0 0.827273 0.450977 0.954545 0.470583
0 0.572727 0.470583 0.699053 0.490190
0 0.700000 0.470583 0.826326 0.490190
0 0.827273 0.470583 0.954545 0.490190
0 0.572727 0.490190 0.699053 0.509796
0 0.700000 0.490190 0.826326 0.509796
0 0.827273 0.490190 0.954545 0.509796
0 0.572727 0.509796 0.699053 0.529402
0 0.700000 0.509796 0.826326 0.529402
0 0.827273 0.509796 0.954545 0.529402
0 0.572727 0.549010 0.699053 0.568619
0 0.700000 0.549010 0.826326 0.568619
0 0.827273 0.549010 0.954545 0.568619
0 0.572727 0.568619 0.699053 0.588226
0 0.700000 0.568619 0.826326 0.588226
0 0.827273 0.568619 0.954545 0.588226
0 0.572727 0.588226 0.699053 0.607832
0 0.700000 0.588226 0.826326 0.607832
0 0.827273 0.588226 0.954545 0.607832
0 0.572727 0.607832 0.699053 0.627438
0 0.700000 0.607832 0.826326 0.627438
0 0.827273 0.607832 0.954545 0.627438
0 0.204293 0.627438 0.563636 0.647044
0 0.572727 0.627438 0.699053 0.647044
0 0.700000 0.627438 0.826326 0.647044
0 0.827273 0.627438 0.954545 0.647044
0 0.572727 0.686260 0.699053 0.705868
0 0.700000 0.686260 0.826326 0.705868
0 0.827273 0.686260 0.954545 0.705868
0 0.572727 0.764691 0.699053 0.784297
0 0.700000 0.764691 0.826326 0.784297
0 0.827273 0.764691 0.954545 0.784297
0 0.572727 0.784297 0.699053 0.803904
0 0.700000 0.784297 0.826326 0.803904
0 0.827273 0.784297 0.954545 0.803904
0 0.572727 0.803904 0.699053 0.823510
0 0.700000 0.803904 0.826326 0.823510
0 0.827273 0.803904 0.954545 0.823510
0 0.572727 0.823510 0.699053 0.843116
0 0.700000 0.823510 0.826326 0.843116
0 0.827273 0.823510 0.954545 0.843116
0 0.572727 0.843116 0.699053 0.862722
0 0.700000 0.843116 0.826326 0.862722
0 0.827273 0.843116 0.954545 0.862722
