0 0.045455 0.094770 0.489962 0.117647
0 0.490909 0.094770 0.600000 0.117647
0 0.600000 0.094770 0.954545 0.117647
0 0.572727 0.196082 0.699053 0.215688
0 0.700000 0.196082 0.826326 0.215688
0 0.827273 0.196082 0.954545 0.215688
0 0.572727 0.215688 0.699053 0.235294
0 0.700000 0.215688 0.826326 0.235294
0 0.827273 0.215688 0.954545 0.235294
0 0.572727 0.235294 0.699053 0.254900
0 0.700000 0.235294 0.826326 0.254900
0 0.827273 0.235294 0.954545 0.254900
0 0.572727 0.254900 0.699053 0.274507
0 0.700000 0.254900 0.826326 0.274507
0 0.827273 0.254900 0.954545 0.274507
0 0.572727 0.294114 0.699053 0.313724
0 0.700000 0.294114 0.826326 0.313724
0 0.827273 0.294114 0.954545 0.313724
0 0.572731 0.372552 0.699057 0.392159
0 0.700004 0.372552 0.826330 0.392159
0 0.827277 0.372552 0.954549 0.392159
0 0.572731 0.392159 0.699057 0.411765
0 0.700004 0.392159 0.826330 0.411765
0 0.827277 0.392159 0.954549 0.411765
0 0.572731 0.411765 0.699057 0.431371
0 0.700004 0.411765 0.826330 0.431371
0 0.827277 0.411765 0.954549 0.431371
0 0.572731 0.431371 0.699057 0.450977
0 0.700004 0.431371 0.826330 0.450977
0 0.827277 0.431371 0.954549 0.450977
0 0.572731 0.450977 0.699057 0.470583
0 0.700004 0.450977 0.826330 0.470583
0 0.827277 0.450977 0.954549 0.470583
0 0.572731 0.470583 0.699057 0.490190
0 0.700004 0.470583 0.826330 0.490190
0 0.827277 0.470583 0.954549 0.490190
0 0.572731 0.490190 0.699057 0.509796
0 0.700004 0.490190 0.826330 0.509796
0 0.827277 0.490190 0.954549 0.509796
0 0.572731 0.509796 0.699057 0.529402
0 0.700004 0.509796 0.826330 0.529402
0 0.827277 0.509796 0.954549 0.529402
0 0.572731 0.549010 0.699057 0.568619
0 0.700004 0.549010 0.826330 0.568619
0 0.827277 0.549010 0.954549 0.568619
0 0.572731 0.568619 0.699057 0.588226
0 0.700004 0.568619 0.826330 0.588226
0 0.827277 0.568619 0.954549 0.588226
0 0.572731 0.588226 0.699057 0.607832
0 0.700004 0.588226 0.826330 0.607832
0 0.827277 0.588226 0.954549 0.607832
0 0.572731 0.607832 0.699057 0.627438
0 0.700004 0.607832 0.826330 0.627438
0 0.827277 0.607832 0.954549 0.627438
0 0.204297 0.627438 0.563640 0.647044
0 0.572731 0.627438 0.699057 0.647044
0 0.700004 0.627438 0.826330 0.647044
0 0.827277 0.627438 0.954549 0.647044
0 0.572731 0.686260 0.699057 0.705868
0 0.700004 0.686260 0.826330 0.705868
0 0.827277 0.686260 0.954549 0.705868
0 0.572731 0.764691 0.699057 0.784297
0 0.700004 0.764691 0.826330 0.784297
0 0.827277 0.764691 0.954549 0.784297
0 0.572731 0.784297 0.699057 0.803904
0 0.700004 0.784297 0.826330 0.803904
0 0.827277 0.784297 0.954549 0.803904
0 0.572731 0.803904 0.699057 0.823510
0 0.700004 0.803904 0.826330 0.823510
0 0.827277 0.803904 0.954549 0.823510
0 0.572731 0.823510 0.699057 0.843116
0 0.700004 0.823510 0.826330 0.843116
0 0.827277 0.823510 0.954549 0.843116
0 0.572731 0.843116 0.699057 0.862722
0 0.700004 0.843116 0.826330 0.862722
0 0.827277 0.843116 0.954549 0.862722
