0 0.045455 0.094770 0.489962 0.117647
0 0.490909 0.094770 0.600000 0.117647
0 0.600000 0.094770 0.954545 0.117647
0 0.720707 0.192812 0.750000 0.212420
0 0.254545 0.215688 0.353598 0.235294
0 0.354545 0.215688 0.453598 0.235294
0 0.454545 0.215688 0.553599 0.235294
0 0.554545 0.215688 0.653599 0.235294
0 0.654545 0.215688 0.753598 0.235294
0 0.754545 0.215688 0.853598 0.235294
0 0.854545 0.215688 0.954545 0.235294
0 0.254545 0.235294 0.353598 0.254900
0 0.354545 0.235294 0.453598 0.254900
0 0.454545 0.235294 0.553599 0.254900
0 0.554545 0.235294 0.653599 0.254900
0 0.654545 0.235294 0.753598 0.254900
0 0.754545 0.235294 0.853598 0.254900
0 0.854545 0.235294 0.954545 0.254900
0 0.254545 0.254900 0.353598 0.274507
0 0.354545 0.254900 0.453598 0.274507
0 0.454545 0.254900 0.553599 0.274507
0 0.554545 0.254900 0.653599 0.274507
0 0.654545 0.254900 0.753598 0.274507
0 0.754545 0.254900 0.853598 0.274507
0 0.854545 0.254900 0.954545 0.274507
0 0.254545 0.294114 0.353598 0.313724
0 0.354545 0.294114 0.453598 0.313724
0 0.454545 0.294114 0.553599 0.313724
0 0.554545 0.294114 0.653599 0.313724
0 0.654545 0.294114 0.753598 0.313724
0 0.754545 0.294114 0.853598 0.313724
0 0.854545 0.294114 0.954545 0.313724
0 0.254545 0.333332 0.353598 0.352941
0 0.354545 0.333332 0.453598 0.352941
0 0.454545 0.333332 0.553599 0.352941
0 0.554545 0.333332 0.653599 0.352941
0 0.654545 0.333332 0.753598 0.352941
0 0.754545 0.333332 0.853598 0.352941
0 0.854545 0.333332 0.954545 0.352941
0 0.254545 0.352941 0.353598 0.372547
0 0.354545 0.352941 0.453598 0.372547
0 0.454545 0.352941 0.553599 0.372547
0 0.554545 0.352941 0.653599 0.372547
0 0.654545 0.352941 0.753598 0.372547
0 0.754545 0.352941 0.853598 0.372547
0 0.854545 0.352941 0.954545 0.372547
0 0.254545 0.372547 0.353598 0.392154
0 0.354545 0.372547 0.453598 0.392154
0 0.454545 0.372547 0.553599 0.392154
0 0.554545 0.372547 0.653599 0.392154
0 0.654545 0.372547 0.753598 0.392154
0 0.754545 0.372547 0.853598 0.392154
0 0.854545 0.372547 0.954545 0.392154
0 0.254545 0.392154 0.353598 0.411760
0 0.354545 0.392154 0.453598 0.411760
0 0.454545 0.392154 0.553599 0.411760
0 0.554545 0.392154 0.653599 0.411760
0 0.654545 0.392154 0.753598 0.411760
0 0.754545 0.392154 0.853598 0.411760
0 0.854545 0.392154 0.954545 0.411760
0 0.254545 0.431368 0.353598 0.450977
0 0.354545 0.431368 0.453598 0.450977
0 0.454545 0.431368 0.553599 0.450977
0 0.554545 0.431368 0.653599 0.450977
0 0.654545 0.431368 0.753598 0.450977
0 0.754545 0.431368 0.853598 0.450977
0 0.854545 0.431368 0.954545 0.450977
0 0.254545 0.470585 0.353598 0.490194
0 0.354545 0.470585 0.453598 0.490194
0 0.454545 0.470585 0.553599 0.490194
0 0.554545 0.470585 0.653599 0.490194
0 0.654545 0.470585 0.753598 0.490194
0 0.754545 0.470585 0.853598 0.490194
0 0.854545 0.470585 0.954545 0.490194
0 0.697475 0.568629 0.727273 0.584967
0 0.697475 0.588235 0.727273 0.604574
0 0.125758 0.627448 0.189646 0.647054
0 0.190909 0.627448 0.299053 0.647054
0 0.300000 0.627448 0.408144 0.647054
0 0.409091 0.627448 0.517235 0.647054
0 0.518182 0.627448 0.626326 0.647054
0 0.627273 0.627448 0.735417 0.647054
0 0.736364 0.627448 0.844508 0.647054
0 0.845455 0.627448 0.954545 0.647054
0 0.125758 0.647054 0.189646 0.666660
0 0.190909 0.647054 0.299053 0.666660
0 0.300000 0.647054 0.408144 0.666660
0 0.409091 0.647054 0.517235 0.666660
0 0.518182 0.647054 0.626326 0.666660
0 0.627273 0.647054 0.735417 0.666660
0 0.736364 0.647054 0.844508 0.666660
0 0.845455 0.647054 0.954545 0.666660
0 0.125758 0.666660 0.189646 0.686266
0 0.190909 0.666660 0.299053 0.686266
0 0.300000 0.666660 0.408144 0.686266
0 0.409091 0.666660 0.517235 0.686266
0 0.518182 0.666660 0.626326 0.686266
0 0.627273 0.666660 0.735417 0.686266
0 0.736364 0.666660 0.844508 0.686266
0 0.845455 0.666660 0.954545 0.686266
0 0.125758 0.686266 0.189646 0.705873
0 0.190909 0.686266 0.299053 0.705873
0 0.300000 0.686266 0.408144 0.705873
0 0.409091 0.686266 0.517235 0.705873
0 0.518182 0.686266 0.626326 0.705873
0 0.627273 0.686266 0.735417 0.705873
0 0.736364 0.686266 0.844508 0.705873
0 0.845455 0.686266 0.954545 0.705873
0 0.125758 0.705873 0.189646 0.725479
0 0.190909 0.705873 0.299053 0.725479
0 0.300000 0.705873 0.408144 0.725479
0 0.409091 0.705873 0.517235 0.725479
0 0.518182 0.705873 0.626326 0.725479
0 0.627273 0.705873 0.735417 0.725479
0 0.736364 0.705873 0.844508 0.725479
0 0.845455 0.705873 0.954545 0.725479
0 0.125758 0.725479 0.189646 0.745085
0 0.190909 0.725479 0.299053 0.745085
0 0.300000 0.725479 0.408144 0.745085
0 0.409091 0.725479 0.517235 0.745085
0 0.518182 0.725479 0.626326 0.745085
0 0.627273 0.725479 0.735417 0.745085
0 0.736364 0.725479 0.844508 0.745085
0 0.845455 0.725479 0.954545 0.745085
0 0.153030 0.784312 0.218182 0.803918
0 0.845455 0.784312 0.954545 0.803918
0 0.153030 0.803923 0.218182 0.823529
0 0.845455 0.803923 0.954545 0.823529
0 0.153030 0.823529 0.218182 0.843136
0 0.845455 0.823529 0.954545 0.843136
0 0.153030 0.862747 0.218182 0.882353
0 0.845455 0.862747 0.954545 0.882353
0 0.153030 0.882353 0.218182 0.901959
0 0.845455 0.882353 0.954545 0.901959
0 0.153030 0.901959 0.218182 0.921565
0 0.845455 0.901959 0.954545 0.921565
