0 0.058826 0.136370 0.692919 0.151524
0 0.058826 0.166672 0.692919 0.181826
0 0.058826 0.196978 0.692919 0.212131
0 0.695779 0.136370 0.941213 0.151524
0 0.695779 0.166672 0.941213 0.181826
0 0.695779 0.196978 0.941213 0.212131
0 0.058826 0.227283 0.692919 0.242437
0 0.800031 0.227282 0.941213 0.242433
0 0.058826 0.272740 0.692919 0.287893
0 0.058826 0.303041 0.692919 0.318195
0 0.058826 0.333347 0.692919 0.348500
0 0.695779 0.272740 0.941213 0.287893
0 0.695779 0.303041 0.941213 0.318195
0 0.695779 0.333347 0.941213 0.348500
0 0.823562 0.348500 0.941213 0.363651
0 0.823562 0.366175 0.836634 0.376277
0 0.882388 0.366175 0.895460 0.376277
0 0.058826 0.393954 0.341190 0.409107
0 0.517667 0.393957 0.634093 0.409107
0 0.823562 0.381326 0.836634 0.391427
0 0.664732 0.396481 0.677804 0.406582
0 0.781730 0.396481 0.794802 0.406582
0 0.847092 0.393957 0.941213 0.409107
0 0.823562 0.426151 0.836634 0.436252
0 0.882388 0.426151 0.895460 0.436252
0 0.823562 0.441937 0.836634 0.452038
0 0.882388 0.441937 0.895460 0.452038
0 0.058826 0.469716 0.339964 0.484869
0 0.342824 0.469716 0.634093 0.484869
0 0.636953 0.469716 0.941213 0.484869
0 0.541198 0.530326 0.739980 0.545477
