0 0.058826 0.118690 0.752971 0.136369
0 0.752971 0.118690 0.941213 0.136369
0 0.058826 0.148996 0.564728 0.166675
0 0.564728 0.148996 0.752971 0.166675
0 0.752971 0.148996 0.941213 0.166675
0 0.058826 0.227282 0.351729 0.257587
0 0.352955 0.242434 0.470607 0.257587
0 0.470607 0.242434 0.587033 0.257587
0 0.588258 0.242434 0.704684 0.257587
0 0.705910 0.242434 0.822336 0.257587
0 0.823562 0.242434 0.941213 0.257587
0 0.058826 0.257587 0.351729 0.287893
0 0.352955 0.272740 0.470607 0.287893
0 0.470607 0.272740 0.587033 0.287893
0 0.588258 0.272740 0.704684 0.287893
0 0.705910 0.272740 0.822336 0.287893
0 0.823562 0.272740 0.941213 0.287893
0 0.058826 0.287893 0.351729 0.318198
0 0.352955 0.303045 0.470607 0.318198
0 0.470607 0.303045 0.587033 0.318198
0 0.588258 0.303045 0.704684 0.318198
0 0.705910 0.303045 0.822336 0.318198
0 0.823562 0.303045 0.941213 0.318198
0 0.058826 0.378802 0.351729 0.409107
0 0.352955 0.393954 0.470607 0.409107
0 0.470607 0.393954 0.587033 0.409107
0 0.588258 0.393954 0.704684 0.409107
0 0.705910 0.393954 0.822336 0.409107
0 0.823562 0.393954 0.941213 0.409107
0 0.058826 0.409107 0.351729 0.439413
0 0.352955 0.424260 0.470607 0.439413
0 0.470607 0.424260 0.587033 0.439413
0 0.588258 0.424260 0.704684 0.439413
0 0.705910 0.424260 0.822336 0.439413
0 0.823562 0.424260 0.941213 0.439413
0 0.058826 0.439413 0.351729 0.469718
0 0.352955 0.454565 0.470607 0.469718
0 0.470607 0.454565 0.587033 0.469718
0 0.588258 0.454565 0.704684 0.469718
0 0.705910 0.454565 0.822336 0.469718
0 0.823562 0.454565 0.941213 0.469718
0 0.058826 0.530326 0.351729 0.560631
0 0.352955 0.545478 0.470607 0.560631
0 0.470607 0.545478 0.587033 0.560631
0 0.588258 0.545478 0.704684 0.560631
0 0.705910 0.545478 0.822336 0.560631
0 0.823562 0.545478 0.941213 0.560631
0 0.058826 0.560631 0.351729 0.590937
0 0.352955 0.575783 0.470607 0.590937
0 0.470607 0.575783 0.587033 0.590937
0 0.588258 0.575783 0.704684 0.590937
0 0.705910 0.575783 0.822336 0.590937
0 0.823562 0.575783 0.941213 0.590937
0 0.058826 0.590937 0.351729 0.621242
0 0.352955 0.606089 0.470607 0.621242
0 0.470607 0.606089 0.587033 0.621242
0 0.588258 0.606089 0.704684 0.621242
0 0.705910 0.606089 0.822336 0.621242
0 0.823562 0.606089 0.941213 0.621242
0 0.058826 0.651541 0.941213 0.666695
0 0.058826 0.681847 0.941213 0.697000
0 0.058826 0.712149 0.941213 0.727302
0 0.058826 0.742454 0.941213 0.757608
0 0.058826 0.772760 0.941213 0.787913
0 0.058826 0.803061 0.941213 0.818215
0 0.058826 0.833367 0.941213 0.848520
0 0.058826 0.863673 0.941213 0.878826
0 0.058826 0.893974 0.941213 0.909128
0 0.058826 0.924280 0.941213 0.939433
