0 0.045455 0.173204 0.771780 0.196082
0 0.772727 0.173204 0.954545 0.196082
0 0.045455 0.212417 0.562689 0.235294
0 0.574495 0.203430 0.584596 0.216502
0 0.654545 0.212417 0.772727 0.235294
0 0.772727 0.212417 0.954545 0.235294
0 0.045455 0.251634 0.562689 0.274511
0 0.574495 0.242647 0.584596 0.255719
0 0.663636 0.255310 0.673737 0.268382
0 0.852020 0.255310 0.862121 0.268382
0 0.072727 0.431373 0.118182 0.450982
0 0.119129 0.431373 0.245455 0.450982
0 0.245455 0.431373 0.300000 0.450982
0 0.322222 0.424837 0.332323 0.437908
0 0.376768 0.424837 0.386869 0.437908
0 0.409091 0.431373 0.499053 0.450982
0 0.500000 0.431373 0.589962 0.450982
0 0.590909 0.431373 0.680871 0.450982
0 0.704040 0.424837 0.714141 0.437908
0 0.758586 0.424837 0.768687 0.437908
0 0.813131 0.424837 0.823232 0.437908
0 0.867677 0.424837 0.877778 0.437908
0 0.922222 0.424837 0.932323 0.437908
0 0.072727 0.470590 0.118182 0.490199
0 0.119129 0.470590 0.245455 0.490199
0 0.245455 0.470590 0.300000 0.490199
0 0.322222 0.464054 0.332323 0.477126
0 0.376768 0.464054 0.386869 0.477126
0 0.409091 0.470590 0.499053 0.490199
0 0.500000 0.470590 0.589962 0.490199
0 0.590909 0.470590 0.680871 0.490199
0 0.704040 0.464054 0.714141 0.477126
0 0.758586 0.464054 0.768687 0.477126
0 0.813131 0.464054 0.823232 0.477126
0 0.867677 0.464054 0.877778 0.477126
0 0.922222 0.464054 0.932323 0.477126
0 0.072727 0.509807 0.118182 0.529417
0 0.119129 0.509807 0.245455 0.529417
0 0.245455 0.509807 0.300000 0.529417
0 0.322222 0.503271 0.332323 0.516343
0 0.376768 0.503271 0.386869 0.516343
0 0.409091 0.509807 0.499053 0.529417
0 0.500000 0.509807 0.589962 0.529417
0 0.590909 0.509807 0.680871 0.529417
0 0.704040 0.503271 0.714141 0.516343
0 0.758586 0.503271 0.768687 0.516343
0 0.813131 0.503271 0.823232 0.516343
0 0.867677 0.503271 0.877778 0.516343
0 0.922222 0.503271 0.932323 0.516343
0 0.072727 0.549024 0.118182 0.568634
0 0.119129 0.549024 0.245455 0.568634
0 0.245455 0.549024 0.300000 0.568634
0 0.322222 0.542489 0.332323 0.555560
0 0.376768 0.542489 0.386869 0.555560
0 0.409091 0.549024 0.499053 0.568634
0 0.500000 0.549024 0.589962 0.568634
0 0.590909 0.549024 0.680871 0.568634
0 0.704040 0.542489 0.714141 0.555560
0 0.758586 0.542489 0.768687 0.555560
0 0.813131 0.542489 0.823232 0.555560
0 0.867677 0.542489 0.877778 0.555560
0 0.922222 0.542489 0.932323 0.555560
0 0.072727 0.568634 0.118182 0.627458
0 0.119129 0.599250 0.245455 0.627458
0 0.245455 0.588242 0.300000 0.627458
0 0.322222 0.591510 0.332323 0.604582
0 0.376768 0.591510 0.386869 0.604582
0 0.409091 0.607850 0.499053 0.627458
0 0.500000 0.607850 0.589962 0.627458
0 0.590909 0.607850 0.680871 0.627458
0 0.704040 0.591510 0.714141 0.604582
0 0.758586 0.591510 0.768687 0.604582
0 0.813131 0.591510 0.823232 0.604582
0 0.867677 0.591510 0.877778 0.604582
0 0.922222 0.591510 0.932323 0.604582
0 0.863636 0.650325 0.873737 0.663397
0 0.918182 0.650325 0.928283 0.663397
0 0.090909 0.745100 0.262689 0.764706
0 0.263636 0.745100 0.435417 0.764706
0 0.436364 0.745100 0.608144 0.764706
0 0.609091 0.745100 0.780871 0.764706
0 0.781818 0.745100 0.954545 0.764706
0 0.090909 0.764706 0.262689 0.784312
0 0.263636 0.764706 0.435417 0.784312
0 0.436364 0.764706 0.608144 0.784312
0 0.609091 0.764706 0.780871 0.784312
0 0.781818 0.764706 0.954545 0.784312
0 0.090909 0.784312 0.262689 0.803918
0 0.263636 0.784312 0.435417 0.803918
0 0.436364 0.784312 0.608144 0.803918
0 0.609091 0.784312 0.780871 0.803918
0 0.781818 0.784312 0.954545 0.803918
0 0.090909 0.803918 0.262689 0.823525
0 0.263636 0.803918 0.435417 0.823525
0 0.436364 0.803918 0.608144 0.823525
0 0.609091 0.803918 0.780871 0.823525
0 0.781818 0.803918 0.954545 0.823525
0 0.090909 0.823525 0.262689 0.843131
0 0.263636 0.823525 0.435417 0.843131
0 0.436364 0.823525 0.608144 0.843131
0 0.609091 0.823525 0.780871 0.843131
0 0.781818 0.823525 0.954545 0.843131
