0 0.133838 0.078430 0.435417 0.097219
0 0.490909 0.078430 0.600000 0.097219
0 0.736364 0.078430 0.954545 0.097219
0 0.118182 0.098041 0.771780 0.116830
0 0.827273 0.098041 0.954545 0.116830
0 0.054545 0.161765 0.064646 0.174837
0 0.054545 0.181371 0.064646 0.194443
0 0.054545 0.200977 0.064646 0.214049
0 0.272727 0.161765 0.282828 0.174837
0 0.272727 0.181371 0.282828 0.194443
0 0.272727 0.200977 0.282828 0.214049
0 0.490909 0.161765 0.501010 0.174837
0 0.490909 0.181371 0.501010 0.194443
0 0.490909 0.200977 0.501010 0.214049
0 0.709091 0.161765 0.719192 0.174837
0 0.709091 0.181371 0.719192 0.194443
0 0.709154 0.200977 0.719255 0.214049
0 0.720707 0.310459 0.750000 0.330067
0 0.072727 0.352941 0.253283 0.372547
0 0.254545 0.352941 0.353598 0.372547
0 0.354545 0.352941 0.453598 0.372547
0 0.454545 0.352941 0.553599 0.372547
0 0.554545 0.352941 0.653599 0.372547
0 0.654545 0.352941 0.753598 0.372547
0 0.754545 0.352941 0.853598 0.372547
0 0.854545 0.352941 0.954545 0.372547
0 0.072727 0.372547 0.253283 0.392154
0 0.254545 0.372547 0.353598 0.392154
0 0.354545 0.372547 0.453598 0.392154
0 0.454545 0.372547 0.553599 0.392154
0 0.554545 0.372547 0.653599 0.392154
0 0.654545 0.372547 0.753598 0.392154
0 0.754545 0.372547 0.853598 0.392154
0 0.854545 0.372547 0.954545 0.392154
0 0.072727 0.392154 0.253283 0.411760
0 0.254545 0.392154 0.353598 0.411760
0 0.354545 0.392154 0.453598 0.411760
0 0.454545 0.392154 0.553599 0.411760
0 0.554545 0.392154 0.653599 0.411760
0 0.654545 0.392154 0.753598 0.411760
0 0.754545 0.392154 0.853598 0.411760
0 0.854545 0.392154 0.954545 0.411760
0 0.072727 0.431366 0.253283 0.450972
0 0.254545 0.431366 0.353598 0.450972
0 0.354545 0.431366 0.453598 0.450972
0 0.454545 0.431366 0.553599 0.450972
0 0.554545 0.431366 0.653599 0.450972
0 0.654545 0.431366 0.753598 0.450972
0 0.754545 0.431366 0.853598 0.450972
0 0.854545 0.431366 0.954545 0.450972
0 0.072727 0.450972 0.253283 0.470578
0 0.254545 0.450972 0.353598 0.470578
0 0.354545 0.450972 0.453598 0.470578
0 0.454545 0.450972 0.553599 0.470578
0 0.554545 0.450972 0.653599 0.470578
0 0.654545 0.450972 0.753598 0.470578
0 0.754545 0.450972 0.853598 0.470578
0 0.854545 0.450972 0.954545 0.470578
0 0.072727 0.470578 0.253283 0.490185
0 0.254545 0.470578 0.353598 0.490185
0 0.354545 0.470578 0.453598 0.490185
0 0.454545 0.470578 0.553599 0.490185
0 0.554545 0.470578 0.653599 0.490185
0 0.654545 0.470578 0.753598 0.490185
0 0.754545 0.470578 0.853598 0.490185
0 0.854545 0.470578 0.954545 0.490185
0 0.072727 0.509791 0.253283 0.529397
0 0.254545 0.509791 0.353598 0.529397
0 0.354545 0.509791 0.453598 0.529397
0 0.454545 0.509791 0.553599 0.529397
0 0.554545 0.509791 0.653599 0.529397
0 0.654545 0.509791 0.753598 0.529397
0 0.754545 0.509791 0.853598 0.529397
0 0.854545 0.509791 0.954545 0.529397
0 0.072727 0.529397 0.253283 0.549003
0 0.254545 0.529397 0.353598 0.549003
0 0.354545 0.529397 0.453598 0.549003
0 0.454545 0.529397 0.553599 0.549003
0 0.554545 0.529397 0.653599 0.549003
0 0.654545 0.529397 0.753598 0.549003
0 0.754545 0.529397 0.853598 0.549003
0 0.854545 0.529397 0.954545 0.549003
0 0.072727 0.549003 0.253283 0.568609
0 0.254545 0.549003 0.353598 0.568609
0 0.354545 0.549003 0.453598 0.568609
0 0.454545 0.549003 0.553599 0.568609
0 0.554545 0.549003 0.653599 0.568609
0 0.654545 0.549003 0.753598 0.568609
0 0.754545 0.549003 0.853598 0.568609
0 0.854545 0.549003 0.954545 0.568609
0 0.072727 0.588216 0.253283 0.607822
0 0.254545 0.588216 0.353598 0.607822
0 0.354545 0.588216 0.453598 0.607822
0 0.454545 0.588216 0.553599 0.607822
0 0.554545 0.588216 0.653599 0.607822
0 0.654545 0.588216 0.753598 0.607822
0 0.754545 0.588216 0.853598 0.607822
0 0.854545 0.588216 0.954545 0.607822
0 0.072727 0.607822 0.253283 0.627428
0 0.254545 0.607822 0.353598 0.627428
0 0.354545 0.607822 0.453598 0.627428
0 0.454545 0.607822 0.553599 0.627428
0 0.554545 0.607822 0.653599 0.627428
0 0.654545 0.607822 0.753598 0.627428
0 0.754545 0.607822 0.853598 0.627428
0 0.854545 0.607822 0.954545 0.627428
0 0.072727 0.627428 0.253283 0.647034
0 0.254545 0.627428 0.353598 0.647034
0 0.354545 0.627428 0.453598 0.647034
0 0.454545 0.627428 0.553599 0.647034
0 0.554545 0.627428 0.653599 0.647034
0 0.654545 0.627428 0.753598 0.647034
0 0.754545 0.627428 0.853598 0.647034
0 0.854545 0.627428 0.954545 0.647034
0 0.254545 0.647034 0.353598 0.666641
0 0.354545 0.647034 0.453598 0.666641
0 0.454545 0.647034 0.553599 0.666641
0 0.554545 0.647034 0.653599 0.666641
0 0.654545 0.647034 0.753598 0.666641
0 0.754545 0.647034 0.853598 0.666641
0 0.854545 0.647034 0.954545 0.666641
0 0.072727 0.686247 0.253283 0.705853
0 0.254545 0.686247 0.353598 0.705853
0 0.354545 0.686247 0.453598 0.705853
0 0.454545 0.686247 0.553599 0.705853
0 0.554545 0.686247 0.653599 0.705853
0 0.654545 0.686247 0.753598 0.705853
0 0.754545 0.686247 0.853598 0.705853
0 0.854545 0.686247 0.954545 0.705853
0 0.072727 0.705853 0.253283 0.725459
0 0.254545 0.705853 0.353598 0.725459
0 0.354545 0.705853 0.453598 0.725459
0 0.454545 0.705853 0.553599 0.725459
0 0.554545 0.705853 0.653599 0.725459
0 0.654545 0.705853 0.753598 0.725459
0 0.754545 0.705853 0.853598 0.725459
0 0.854545 0.705853 0.954545 0.725459
0 0.072727 0.725459 0.253283 0.745065
0 0.254545 0.725459 0.353598 0.745065
0 0.354545 0.725459 0.453598 0.745065
0 0.454545 0.725459 0.553599 0.745065
0 0.554545 0.725459 0.653599 0.745065
0 0.654545 0.725459 0.753598 0.745065
0 0.754545 0.725459 0.853598 0.745065
0 0.854545 0.725459 0.954545 0.745065
0 0.072727 0.784283 0.253283 0.803889
0 0.254545 0.784283 0.353598 0.803889
0 0.354545 0.784283 0.453598 0.803889
0 0.454545 0.784283 0.553599 0.803889
0 0.554545 0.784283 0.653599 0.803889
0 0.654545 0.784283 0.753598 0.803889
0 0.754545 0.784283 0.853598 0.803889
0 0.854545 0.784283 0.954545 0.803889
0 0.072727 0.803889 0.253283 0.823495
0 0.254545 0.803889 0.353598 0.823495
0 0.354545 0.803889 0.453598 0.823495
0 0.454545 0.803889 0.553599 0.823495
0 0.554545 0.803889 0.653599 0.823495
0 0.654545 0.803889 0.753598 0.823495
0 0.754545 0.803889 0.853598 0.823495
0 0.854545 0.803889 0.954545 0.823495
0 0.072727 0.823495 0.253283 0.843101
0 0.254545 0.823495 0.353598 0.843101
0 0.354545 0.823495 0.453598 0.843101
0 0.454545 0.823495 0.553599 0.843101
0 0.554545 0.823495 0.653599 0.843101
0 0.654545 0.823495 0.753598 0.843101
0 0.754545 0.823495 0.853598 0.843101
0 0.854545 0.823495 0.954545 0.843101
