0 0.298046 0.106059 0.494118 0.121210
0 0.574258 0.106059 0.776471 0.121210
0 0.131046 0.133840 0.692892 0.151518
0 0.131046 0.164140 0.692892 0.181818
0 0.131046 0.194444 0.692892 0.212122
0 0.694118 0.136364 0.941176 0.151514
0 0.729412 0.169192 0.742484 0.179293
0 0.729412 0.184342 0.742484 0.194443
0 0.729412 0.199492 0.742484 0.209593
0 0.835294 0.169192 0.848366 0.179293
0 0.835294 0.184342 0.848366 0.194443
0 0.058824 0.255049 0.739951 0.272727
0 0.741176 0.255049 0.941176 0.272727
0 0.483317 0.333332 0.517647 0.348482
0 0.537255 0.333332 0.576471 0.348482
0 0.600964 0.333332 0.635294 0.348482
0 0.654902 0.333332 0.694118 0.348482
0 0.718611 0.333332 0.752941 0.348482
0 0.772534 0.333332 0.811765 0.348482
0 0.811765 0.363638 0.941176 0.378787
0 0.458824 0.363638 0.575245 0.378790
0 0.576471 0.363638 0.692892 0.378790
0 0.694118 0.363638 0.810539 0.378790
0 0.458824 0.469696 0.575245 0.484846
0 0.576471 0.469696 0.692892 0.484846
0 0.694118 0.469696 0.810539 0.484846
0 0.811765 0.469696 0.941176 0.484846
0 0.458824 0.500001 0.575245 0.515154
0 0.576471 0.500001 0.692892 0.515154
0 0.694118 0.500001 0.810539 0.515154
0 0.811765 0.500001 0.941176 0.515150
0 0.458824 0.530302 0.575245 0.545455
0 0.576471 0.530302 0.692892 0.545455
0 0.694118 0.530302 0.810539 0.545455
0 0.811765 0.530302 0.941176 0.545451
0 0.458824 0.606061 0.575245 0.621213
0 0.576471 0.606061 0.692892 0.621213
0 0.694118 0.606061 0.810539 0.621213
0 0.811765 0.606061 0.941176 0.621213
0 0.458824 0.651516 0.575245 0.666668
0 0.576471 0.651516 0.692892 0.666668
0 0.694118 0.651516 0.810539 0.666668
0 0.811765 0.651516 0.941176 0.666668
0 0.458824 0.681819 0.575245 0.696972
0 0.576471 0.681819 0.692892 0.696972
0 0.694118 0.681819 0.810539 0.696972
0 0.811765 0.681819 0.941176 0.696972
0 0.458824 0.712120 0.575245 0.727273
0 0.576471 0.712120 0.692892 0.727273
0 0.694118 0.712120 0.810539 0.727273
0 0.811765 0.712120 0.941176 0.727273
0 0.811765 0.742423 0.941176 0.757573
0 0.811765 0.772727 0.941176 0.787878
0 0.131046 0.906567 0.398775 0.924245
0 0.768627 0.896465 0.781699 0.906566
0 0.811765 0.906567 0.941176 0.924245
0 0.235294 0.924241 0.716422 0.939391
0 0.235294 0.939395 0.716422 0.954545
0 0.800000 0.924241 0.941176 0.939391
0 0.800000 0.939395 0.941176 0.954545
