0 0.331059 0.106064 0.447076 0.121215
0 0.560643 0.106064 0.670615 0.121215
0 0.696759 0.106064 0.741206 0.121215
0 0.058826 0.133845 0.551737 0.151524
0 0.552963 0.133845 0.941213 0.151524
0 0.058826 0.166672 0.457616 0.196976
0 0.507535 0.167936 0.520607 0.178037
0 0.578126 0.167936 0.591198 0.178037
0 0.648717 0.167936 0.661789 0.178037
0 0.719308 0.167936 0.732380 0.178037
0 0.612282 0.181826 0.682380 0.196976
0 0.707126 0.181826 0.741206 0.196976
0 0.811682 0.181826 0.882388 0.196976
0 0.907134 0.181826 0.941213 0.196976
0 0.332358 0.196976 0.458841 0.212127
0 0.659831 0.196976 0.764736 0.212127
0 0.815378 0.196976 0.941213 0.212127
0 0.137260 0.227282 0.598798 0.242433
0 0.634330 0.227282 0.941213 0.242433
0 0.150333 0.242433 0.941213 0.257584
0 0.923566 0.259638 0.936638 0.269739
0 0.058826 0.318195 0.304669 0.333346
0 0.307528 0.318195 0.563502 0.333346
0 0.564728 0.318195 0.694145 0.333346
0 0.725519 0.318193 0.745127 0.333346
0 0.807875 0.318193 0.827483 0.333346
0 0.890231 0.318193 0.909840 0.333346
0 0.058826 0.333346 0.304669 0.348496
0 0.307528 0.333346 0.563502 0.348496
0 0.564728 0.333346 0.694145 0.348496
0 0.725519 0.333344 0.745127 0.348496
0 0.807875 0.333344 0.827483 0.348496
0 0.890231 0.333344 0.909840 0.348496
0 0.058826 0.363652 0.563502 0.439413
0 0.564728 0.363652 0.941213 0.378806
0 0.564728 0.393954 0.941213 0.409107
0 0.566362 0.424258 0.941213 0.439413
0 0.058826 0.469717 0.211773 0.484869
0 0.213407 0.469717 0.351729 0.484869
0 0.352955 0.469717 0.517667 0.484869
0 0.519301 0.469717 0.657624 0.484869
0 0.660483 0.469717 0.810571 0.484869
0 0.813431 0.469717 0.941213 0.484869
0 0.058826 0.530326 0.528207 0.560627
0 0.552963 0.517695 0.566035 0.527797
0 0.658849 0.517695 0.671922 0.527797
0 0.764736 0.517695 0.777808 0.527797
0 0.552963 0.542952 0.941213 0.560631
0 0.058826 0.590933 0.528207 0.621235
0 0.531067 0.590932 0.941213 0.621235
0 0.823562 0.638913 0.836634 0.649015
0 0.882388 0.638913 0.895460 0.649015
0 0.835327 0.651540 0.941213 0.666691
0 0.823562 0.669219 0.836634 0.679320
0 0.882388 0.669219 0.895460 0.679320
0 0.823562 0.684370 0.836634 0.694471
0 0.882388 0.684370 0.895460 0.694471
0 0.823562 0.712151 0.941213 0.727302
0 0.664732 0.727302 0.941213 0.742453
0 0.823562 0.775283 0.836634 0.785384
0 0.882388 0.775283 0.895460 0.785384
0 0.823562 0.805588 0.836634 0.815690
0 0.882388 0.805588 0.895460 0.815690
0 0.823562 0.851044 0.836634 0.861146
0 0.882388 0.851044 0.895460 0.861146
