0 0.338575 0.090913 0.470607 0.106064
0 0.501654 0.090913 0.529433 0.106064
0 0.670615 0.166675 0.941213 0.181826
0 0.826503 0.196976 0.941213 0.212127
0 0.811797 0.227282 0.941213 0.242433
0 0.105887 0.272738 0.941213 0.287889
0 0.105887 0.287889 0.941213 0.303040
0 0.105887 0.303044 0.941213 0.318195
0 0.105887 0.318195 0.941213 0.333346
0 0.105887 0.333346 0.941213 0.348496
0 0.105887 0.348500 0.941213 0.363651
0 0.105887 0.363651 0.941213 0.378802
0 0.105887 0.378802 0.941213 0.393953
0 0.105887 0.393957 0.941213 0.409107
0 0.105887 0.409107 0.941213 0.424258
0 0.105887 0.424258 0.941213 0.439409
0 0.105887 0.439413 0.941213 0.454564
