0 0.045455 0.173201 0.489962 0.196077
0 0.490909 0.173201 0.600000 0.196077
0 0.600000 0.173201 0.954545 0.196077
0 0.908586 0.228755 0.918687 0.241827
0 0.935859 0.228755 0.945960 0.241827
0 0.908586 0.248361 0.918687 0.261433
0 0.935859 0.248361 0.945960 0.261433
0 0.908586 0.267967 0.918687 0.281039
0 0.935859 0.267967 0.945960 0.281039
0 0.908586 0.287574 0.918687 0.300645
0 0.935859 0.287574 0.945960 0.300645
0 0.908586 0.307180 0.918687 0.320252
0 0.935859 0.307180 0.945960 0.320252
0 0.908586 0.326786 0.918687 0.339858
0 0.935859 0.326786 0.945960 0.339858
0 0.908586 0.346392 0.918687 0.359464
0 0.935859 0.346392 0.945960 0.359464
0 0.908586 0.365998 0.918687 0.379070
0 0.935859 0.365998 0.945960 0.379070
0 0.046717 0.426471 0.056818 0.439542
0 0.046717 0.446077 0.056818 0.459149
0 0.046717 0.465683 0.056818 0.478755
0 0.272727 0.426471 0.282828 0.439542
0 0.272727 0.446077 0.282828 0.459149
0 0.272727 0.465683 0.282828 0.478755
0 0.500000 0.426471 0.510101 0.439542
0 0.500000 0.446077 0.510101 0.459149
0 0.500000 0.465683 0.510101 0.478755
0 0.727273 0.426471 0.737374 0.439542
0 0.727273 0.446077 0.737374 0.459149
0 0.727336 0.465683 0.737437 0.478755
0 0.720707 0.575165 0.750000 0.594773
0 0.072727 0.617647 0.253283 0.637253
0 0.254545 0.617647 0.353598 0.637253
0 0.354545 0.617647 0.453598 0.637253
0 0.454545 0.617647 0.553599 0.637253
0 0.554545 0.617647 0.653599 0.637253
0 0.654545 0.617647 0.753598 0.637253
0 0.754545 0.617647 0.853598 0.637253
0 0.854545 0.617647 0.954545 0.637253
0 0.072727 0.637253 0.253283 0.656859
0 0.254545 0.637253 0.353598 0.656859
0 0.354545 0.637253 0.453598 0.656859
0 0.454545 0.637253 0.553599 0.656859
0 0.554545 0.637253 0.653599 0.656859
0 0.654545 0.637253 0.753598 0.656859
0 0.754545 0.637253 0.853598 0.656859
0 0.854545 0.637253 0.954545 0.656859
0 0.072727 0.656859 0.253283 0.676466
0 0.254545 0.656859 0.353598 0.676466
0 0.354545 0.656859 0.453598 0.676466
0 0.454545 0.656859 0.553599 0.676466
0 0.554545 0.656859 0.653599 0.676466
0 0.654545 0.656859 0.753598 0.676466
0 0.754545 0.656859 0.853598 0.676466
0 0.854545 0.656859 0.954545 0.676466
0 0.072727 0.696072 0.253283 0.715678
0 0.254545 0.696072 0.353598 0.715678
0 0.354545 0.696072 0.453598 0.715678
0 0.454545 0.696072 0.553599 0.715678
0 0.554545 0.696072 0.653599 0.715678
0 0.654545 0.696072 0.753598 0.715678
0 0.754545 0.696072 0.853598 0.715678
0 0.854545 0.696072 0.954545 0.715678
0 0.072727 0.715678 0.253283 0.735284
0 0.254545 0.715678 0.353598 0.735284
0 0.354545 0.715678 0.453598 0.735284
0 0.454545 0.715678 0.553599 0.735284
0 0.554545 0.715678 0.653599 0.735284
0 0.654545 0.715678 0.753598 0.735284
0 0.754545 0.715678 0.853598 0.735284
0 0.854545 0.715678 0.954545 0.735284
0 0.072727 0.735284 0.253283 0.754890
0 0.254545 0.735284 0.353598 0.754890
0 0.354545 0.735284 0.453598 0.754890
0 0.454545 0.735284 0.553599 0.754890
0 0.554545 0.735284 0.653599 0.754890
0 0.654545 0.735284 0.753598 0.754890
0 0.754545 0.735284 0.853598 0.754890
0 0.854545 0.735284 0.954545 0.754890
0 0.072727 0.774497 0.253283 0.794103
0 0.254545 0.774497 0.353598 0.794103
0 0.354545 0.774497 0.453598 0.794103
0 0.454545 0.774497 0.553599 0.794103
0 0.554545 0.774497 0.653599 0.794103
0 0.654545 0.774497 0.753598 0.794103
0 0.754545 0.774497 0.853598 0.794103
0 0.854545 0.774497 0.954545 0.794103
0 0.072727 0.794103 0.253283 0.813709
0 0.254545 0.794103 0.353598 0.813709
0 0.354545 0.794103 0.453598 0.813709
0 0.454545 0.794103 0.553599 0.813709
0 0.554545 0.794103 0.653599 0.813709
0 0.654545 0.794103 0.753598 0.813709
0 0.754545 0.794103 0.853598 0.813709
0 0.854545 0.794103 0.954545 0.813709
0 0.072727 0.813709 0.253283 0.833315
0 0.254545 0.813709 0.353598 0.833315
0 0.354545 0.813709 0.453598 0.833315
0 0.454545 0.813709 0.553599 0.833315
0 0.554545 0.813709 0.653599 0.833315
0 0.654545 0.813709 0.753598 0.833315
0 0.754545 0.813709 0.853598 0.833315
0 0.854545 0.813709 0.954545 0.833315
0 0.072727 0.852922 0.253283 0.872528
0 0.254545 0.852922 0.353598 0.872528
0 0.354545 0.852922 0.453598 0.872528
0 0.454545 0.852922 0.553599 0.872528
0 0.554545 0.852922 0.653599 0.872528
0 0.654545 0.852922 0.753598 0.872528
0 0.754545 0.852922 0.853598 0.872528
0 0.854545 0.852922 0.954545 0.872528
0 0.072727 0.872528 0.253283 0.892134
0 0.254545 0.872528 0.353598 0.892134
0 0.354545 0.872528 0.453598 0.892134
0 0.454545 0.872528 0.553599 0.892134
0 0.554545 0.872528 0.653599 0.892134
0 0.654545 0.872528 0.753598 0.892134
0 0.754545 0.872528 0.853598 0.892134
0 0.854545 0.872528 0.954545 0.892134
0 0.072727 0.892134 0.253283 0.911740
0 0.254545 0.892134 0.353598 0.911740
0 0.354545 0.892134 0.453598 0.911740
0 0.454545 0.892134 0.553599 0.911740
0 0.554545 0.892134 0.653599 0.911740
0 0.654545 0.892134 0.753598 0.911740
0 0.754545 0.892134 0.853598 0.911740
0 0.854545 0.892134 0.954545 0.911740
