0 0.305894 0.181823 0.481146 0.196976
0 0.482372 0.181823 0.634093 0.196976
0 0.635319 0.181823 0.787041 0.196976
0 0.788266 0.181823 0.941213 0.196976
0 0.305894 0.212129 0.481146 0.227282
0 0.482372 0.212129 0.634093 0.227282
0 0.635319 0.212129 0.787041 0.227282
0 0.788266 0.212129 0.941213 0.227282
0 0.305894 0.272738 0.481146 0.287889
0 0.482372 0.272738 0.634093 0.287889
0 0.635319 0.272738 0.787041 0.287889
0 0.788266 0.272738 0.941213 0.287889
0 0.305894 0.287889 0.481146 0.303040
0 0.482372 0.287889 0.634093 0.303040
0 0.635319 0.287889 0.787041 0.303040
0 0.788266 0.287889 0.941213 0.303040
0 0.305894 0.318192 0.481146 0.333346
0 0.482372 0.318192 0.634093 0.333346
0 0.635319 0.318192 0.787041 0.333346
0 0.788266 0.318192 0.941213 0.333346
0 0.305894 0.333346 0.481146 0.348496
0 0.482372 0.333346 0.634093 0.348496
0 0.635319 0.333346 0.787041 0.348496
0 0.788266 0.333346 0.941213 0.348496
0 0.305894 0.348496 0.481146 0.363647
0 0.482372 0.348496 0.634093 0.363647
0 0.635319 0.348496 0.787041 0.363647
0 0.788266 0.348496 0.941213 0.363647
0 0.305894 0.378799 0.481146 0.393953
0 0.482372 0.378799 0.634093 0.393953
0 0.635319 0.378799 0.787041 0.393953
0 0.788266 0.378799 0.941213 0.393953
0 0.305894 0.409105 0.481146 0.424258
0 0.482372 0.409105 0.634093 0.424258
0 0.635319 0.409105 0.787041 0.424258
0 0.788266 0.409105 0.941213 0.424258
0 0.305894 0.439410 0.481146 0.454564
0 0.482372 0.439410 0.634093 0.454564
0 0.635319 0.439410 0.787041 0.454564
0 0.788266 0.439410 0.941213 0.454564
0 0.305894 0.469716 0.481146 0.484869
0 0.482372 0.469716 0.634093 0.484869
0 0.635319 0.469716 0.787041 0.484869
0 0.788266 0.469716 0.941213 0.484869
0 0.305894 0.500021 0.481146 0.515175
0 0.482372 0.500021 0.634093 0.515175
0 0.635319 0.500021 0.787041 0.515175
0 0.788266 0.500021 0.941213 0.515175
0 0.305894 0.560631 0.481146 0.575782
0 0.482372 0.560631 0.634093 0.575782
0 0.635319 0.560631 0.787041 0.575782
0 0.788266 0.560631 0.941213 0.575782
0 0.305894 0.575782 0.481146 0.590933
0 0.482372 0.575782 0.634093 0.590933
0 0.635319 0.575782 0.787041 0.590933
0 0.788266 0.575782 0.941213 0.590933
0 0.305894 0.606085 0.481146 0.621238
0 0.482372 0.606085 0.634093 0.621238
0 0.635319 0.606085 0.787041 0.621238
0 0.788266 0.606085 0.941213 0.621238
0 0.305894 0.621238 0.481146 0.636389
0 0.482372 0.621238 0.634093 0.636389
0 0.635319 0.621238 0.787041 0.636389
0 0.788266 0.621238 0.941213 0.636389
0 0.305894 0.636389 0.481146 0.651540
0 0.482372 0.636389 0.634093 0.651540
0 0.635319 0.636389 0.787041 0.651540
0 0.788266 0.636389 0.941213 0.651540
0 0.305894 0.666692 0.481146 0.681846
0 0.482372 0.666692 0.634093 0.681846
0 0.635319 0.666692 0.787041 0.681846
0 0.788266 0.666692 0.941213 0.681846
0 0.305894 0.696998 0.481146 0.712151
0 0.482372 0.696998 0.634093 0.712151
0 0.635319 0.696998 0.787041 0.712151
0 0.788266 0.696998 0.941213 0.712151
0 0.305894 0.757608 0.481146 0.772758
0 0.482372 0.757608 0.634093 0.772758
0 0.635319 0.757608 0.787041 0.772758
0 0.788266 0.757608 0.941213 0.772758
0 0.305894 0.818215 0.481146 0.833366
0 0.482372 0.818215 0.634093 0.833366
0 0.635319 0.818215 0.787041 0.833366
0 0.788266 0.818215 0.941213 0.833366
