0 0.133838 0.078430 0.435417 0.097219
0 0.490909 0.078430 0.600000 0.097219
0 0.736364 0.078430 0.954545 0.097219
0 0.118182 0.098041 0.771780 0.116830
0 0.827273 0.098041 0.954545 0.116830
0 0.072727 0.215688 0.344508 0.235294
0 0.345455 0.215688 0.454545 0.235294
0 0.455492 0.215688 0.735417 0.235294
0 0.736364 0.215688 0.845455 0.235294
0 0.845455 0.215688 0.954545 0.235294
0 0.072727 0.235294 0.344508 0.254900
0 0.345455 0.235294 0.454545 0.254900
0 0.455492 0.235294 0.735417 0.254900
0 0.736364 0.235294 0.845455 0.254900
0 0.845455 0.235294 0.954545 0.254900
0 0.072727 0.254900 0.344508 0.274507
0 0.345455 0.254900 0.454545 0.274507
0 0.455492 0.254900 0.735417 0.274507
0 0.736364 0.254900 0.845455 0.274507
0 0.845455 0.254900 0.954545 0.274507
0 0.072727 0.274507 0.344508 0.294113
0 0.345455 0.274507 0.454545 0.294113
0 0.455492 0.274507 0.735417 0.294113
0 0.736364 0.274507 0.845455 0.294113
0 0.845455 0.274507 0.954545 0.294113
0 0.072727 0.294113 0.344508 0.313719
0 0.345455 0.294113 0.454545 0.313719
0 0.455492 0.294113 0.735417 0.313719
0 0.736364 0.294113 0.845455 0.313719
0 0.845455 0.294113 0.954545 0.313719
0 0.072727 0.313719 0.344508 0.333325
0 0.345455 0.313719 0.454545 0.333325
0 0.455492 0.313719 0.735417 0.333325
0 0.736364 0.313719 0.845455 0.333325
0 0.845455 0.313719 0.954545 0.333325
0 0.072727 0.333325 0.344508 0.352931
0 0.345455 0.333325 0.454545 0.352931
0 0.455492 0.333325 0.735417 0.352931
0 0.736364 0.333325 0.845455 0.352931
0 0.845455 0.333325 0.954545 0.352931
0 0.072727 0.352931 0.344508 0.372538
0 0.345455 0.352931 0.454545 0.372538
0 0.455492 0.352931 0.735417 0.372538
0 0.736364 0.352931 0.845455 0.372538
0 0.845455 0.352931 0.954545 0.372538
0 0.072727 0.372538 0.344508 0.392144
0 0.345455 0.372538 0.454545 0.392144
0 0.455492 0.372538 0.735417 0.392144
0 0.736364 0.372538 0.845455 0.392144
0 0.845455 0.372538 0.954545 0.392144
0 0.072727 0.392144 0.344508 0.411750
0 0.345455 0.392144 0.454545 0.411750
0 0.455492 0.392144 0.735417 0.411750
0 0.736364 0.392144 0.845455 0.411750
0 0.845455 0.392144 0.954545 0.411750
0 0.072727 0.411750 0.344508 0.431356
0 0.345455 0.411750 0.454545 0.431356
0 0.455492 0.411750 0.735417 0.431356
0 0.736364 0.411750 0.845455 0.431356
0 0.845455 0.411750 0.954545 0.431356
0 0.072727 0.431356 0.344508 0.450962
0 0.345455 0.431356 0.454545 0.450962
0 0.455492 0.431356 0.735417 0.450962
0 0.736364 0.431356 0.845455 0.450962
0 0.845455 0.431356 0.954545 0.450962
0 0.072727 0.656864 0.317235 0.676471
0 0.318182 0.656864 0.427273 0.676471
0 0.427273 0.656864 0.545455 0.676471
0 0.545455 0.656864 0.663636 0.676471
0 0.694950 0.660131 0.705051 0.673203
0 0.767677 0.660131 0.777778 0.673203
0 0.840404 0.660131 0.850505 0.673203
0 0.913131 0.660131 0.923232 0.673203
0 0.072727 0.676471 0.317235 0.696077
0 0.318182 0.676471 0.427273 0.696077
0 0.427273 0.676471 0.545455 0.696077
0 0.545455 0.676471 0.663636 0.696077
0 0.694950 0.679737 0.705051 0.692809
0 0.767677 0.679737 0.777778 0.692809
0 0.840404 0.679737 0.850505 0.692809
0 0.913131 0.679737 0.923232 0.692809
0 0.072727 0.696077 0.317235 0.715683
0 0.318182 0.696077 0.427273 0.715683
0 0.427273 0.696077 0.545455 0.715683
0 0.545455 0.696077 0.663636 0.715683
0 0.694950 0.699343 0.705051 0.712415
0 0.767677 0.699343 0.777778 0.712415
0 0.840404 0.699343 0.850505 0.712415
0 0.913131 0.699343 0.923232 0.712415
0 0.072727 0.715683 0.317235 0.735289
0 0.318182 0.715683 0.427273 0.735289
0 0.427273 0.715683 0.545455 0.735289
0 0.545455 0.715683 0.663636 0.735289
0 0.694950 0.718949 0.705051 0.732021
0 0.767677 0.718949 0.777778 0.732021
0 0.840404 0.718949 0.850505 0.732021
0 0.913131 0.718949 0.923232 0.732021
0 0.072727 0.735289 0.317235 0.754895
0 0.318182 0.735289 0.427273 0.754895
0 0.427273 0.735289 0.545455 0.754895
0 0.545455 0.735289 0.663636 0.754895
0 0.694950 0.738556 0.705051 0.751627
0 0.767677 0.738556 0.777778 0.751627
0 0.840404 0.738556 0.850505 0.751627
0 0.913131 0.738556 0.923232 0.751627
0 0.072727 0.754895 0.317235 0.774502
0 0.318182 0.754895 0.427273 0.774502
0 0.427273 0.754895 0.545455 0.774502
0 0.545455 0.754895 0.663636 0.774502
0 0.694950 0.758162 0.705051 0.771234
0 0.767677 0.758162 0.777778 0.771234
0 0.840404 0.758162 0.850505 0.771234
0 0.913131 0.758162 0.923232 0.771234
0 0.072727 0.774502 0.317235 0.794108
0 0.318182 0.774502 0.427273 0.794108
0 0.427273 0.774502 0.545455 0.794108
0 0.545455 0.774502 0.663636 0.794108
0 0.694950 0.777768 0.705051 0.790840
0 0.767677 0.777768 0.777778 0.790840
0 0.840404 0.777768 0.850505 0.790840
0 0.913131 0.777768 0.923232 0.790840
0 0.072727 0.794108 0.317235 0.813714
0 0.318182 0.794108 0.427273 0.813714
0 0.427273 0.794108 0.545455 0.813714
0 0.545455 0.794108 0.663636 0.813714
0 0.694950 0.797374 0.705051 0.810446
0 0.767677 0.797374 0.777778 0.810446
0 0.840404 0.797374 0.850505 0.810446
0 0.913131 0.797374 0.923232 0.810446
0 0.072727 0.813714 0.317235 0.833320
0 0.318182 0.813714 0.427273 0.833320
0 0.427273 0.813714 0.545455 0.833320
0 0.545455 0.813714 0.663636 0.833320
0 0.694950 0.816980 0.705051 0.830052
0 0.767677 0.816980 0.777778 0.830052
0 0.840404 0.816980 0.850505 0.830052
0 0.913131 0.816980 0.923232 0.830052
0 0.072727 0.833320 0.317235 0.852926
0 0.318182 0.833320 0.427273 0.852926
0 0.427273 0.833320 0.545455 0.852926
0 0.545455 0.833320 0.663636 0.852926
0 0.694950 0.836587 0.705051 0.849658
0 0.767677 0.836587 0.777778 0.849658
0 0.840404 0.836587 0.850505 0.849658
0 0.913131 0.836587 0.923232 0.849658
0 0.072727 0.852926 0.317235 0.872533
0 0.318182 0.852926 0.427273 0.872533
0 0.427273 0.852926 0.545455 0.872533
0 0.545455 0.852926 0.663636 0.872533
0 0.694950 0.856193 0.705051 0.869265
0 0.767677 0.856193 0.777778 0.869265
0 0.840404 0.856193 0.850505 0.869265
0 0.913131 0.856193 0.923232 0.869265
0 0.072727 0.872533 0.317235 0.892139
0 0.318182 0.872533 0.427273 0.892139
0 0.427273 0.872533 0.545455 0.892139
0 0.545455 0.872533 0.663636 0.892139
0 0.694950 0.875799 0.705051 0.888871
0 0.767677 0.875799 0.777778 0.888871
0 0.840404 0.875799 0.850505 0.888871
0 0.913131 0.875799 0.923232 0.888871
