0 0.045455 0.094770 0.489962 0.117647
0 0.490909 0.094770 0.600000 0.117647
0 0.600000 0.094770 0.954545 0.117647
0 0.720707 0.192812 0.750000 0.212420
0 0.254545 0.215688 0.353598 0.235294
0 0.354545 0.215688 0.453598 0.235294
0 0.454545 0.215688 0.553599 0.235294
0 0.554545 0.215688 0.653599 0.235294
0 0.654545 0.215688 0.753598 0.235294
0 0.754545 0.215688 0.853598 0.235294
0 0.854545 0.215688 0.954545 0.235294
0 0.254545 0.254902 0.353598 0.274511
0 0.354545 0.254902 0.453598 0.274511
0 0.454545 0.254902 0.553599 0.274511
0 0.554545 0.254902 0.653599 0.274511
0 0.654545 0.254902 0.753598 0.274511
0 0.754545 0.254902 0.853598 0.274511
0 0.854545 0.254902 0.954545 0.274511
0 0.254545 0.274511 0.353598 0.294118
0 0.354545 0.274511 0.453598 0.294118
0 0.454545 0.274511 0.553599 0.294118
0 0.554545 0.274511 0.653599 0.294118
0 0.654545 0.274511 0.753598 0.294118
0 0.754545 0.274511 0.853598 0.294118
0 0.854545 0.274511 0.954545 0.294118
0 0.254545 0.294118 0.353598 0.313724
0 0.354545 0.294118 0.453598 0.313724
0 0.454545 0.294118 0.553599 0.313724
0 0.554545 0.294118 0.653599 0.313724
0 0.654545 0.294118 0.753598 0.313724
0 0.754545 0.294118 0.853598 0.313724
0 0.854545 0.294118 0.954545 0.313724
0 0.254545 0.313724 0.353598 0.333330
0 0.354545 0.313724 0.453598 0.333330
0 0.454545 0.313724 0.553599 0.333330
0 0.554545 0.313724 0.653599 0.333330
0 0.654545 0.313724 0.753598 0.333330
0 0.754545 0.313724 0.853598 0.333330
0 0.854545 0.313724 0.954545 0.333330
0 0.254545 0.333330 0.353598 0.352936
0 0.354545 0.333330 0.453598 0.352936
0 0.454545 0.333330 0.553599 0.352936
0 0.554545 0.333330 0.653599 0.352936
0 0.654545 0.333330 0.753598 0.352936
0 0.754545 0.333330 0.853598 0.352936
0 0.854545 0.333330 0.954545 0.352936
0 0.254545 0.352936 0.353598 0.372542
0 0.354545 0.352936 0.453598 0.372542
0 0.454545 0.352936 0.553599 0.372542
0 0.554545 0.352936 0.653599 0.372542
0 0.654545 0.352936 0.753598 0.372542
0 0.754545 0.352936 0.853598 0.372542
0 0.854545 0.352936 0.954545 0.372542
0 0.125758 0.392149 0.190909 0.411755
0 0.254545 0.392149 0.353598 0.411760
0 0.354545 0.392149 0.453598 0.411760
0 0.454545 0.392149 0.553599 0.411760
0 0.554545 0.392149 0.653599 0.411760
0 0.654545 0.392149 0.753598 0.411760
0 0.754545 0.392149 0.853598 0.411760
0 0.854545 0.392149 0.954545 0.411760
0 0.125758 0.411760 0.190909 0.431366
0 0.254545 0.411760 0.353598 0.431366
0 0.354545 0.411760 0.453598 0.431366
0 0.454545 0.411760 0.553599 0.431366
0 0.554545 0.411760 0.653599 0.431366
0 0.654545 0.411760 0.753598 0.431366
0 0.754545 0.411760 0.853598 0.431366
0 0.854545 0.411760 0.954545 0.431366
0 0.125758 0.431366 0.190909 0.450972
0 0.254545 0.431366 0.353598 0.450972
0 0.354545 0.431366 0.453598 0.450972
0 0.454545 0.431366 0.553599 0.450972
0 0.554545 0.431366 0.653599 0.450972
0 0.654545 0.431366 0.753598 0.450972
0 0.754545 0.431366 0.853598 0.450972
0 0.854545 0.431366 0.954545 0.450972
0 0.254545 0.470580 0.353598 0.490190
0 0.354545 0.470580 0.453598 0.490190
0 0.454545 0.470580 0.553599 0.490190
0 0.554545 0.470580 0.653599 0.490190
0 0.654545 0.470580 0.753598 0.490190
0 0.754545 0.470580 0.853598 0.490190
0 0.854545 0.470580 0.954545 0.490190
0 0.254545 0.509797 0.353598 0.529407
0 0.354545 0.509797 0.453598 0.529407
0 0.454545 0.509797 0.553599 0.529407
0 0.554545 0.509797 0.653599 0.529407
0 0.654545 0.509797 0.753598 0.529407
0 0.754545 0.509797 0.853598 0.529407
0 0.854545 0.509797 0.954545 0.529407
0 0.254545 0.568623 0.353598 0.588230
0 0.354545 0.568623 0.453598 0.588230
0 0.454545 0.568623 0.553599 0.588230
0 0.554545 0.568623 0.653599 0.588230
0 0.654545 0.568623 0.753598 0.588230
0 0.754545 0.568623 0.853598 0.588230
0 0.854545 0.568623 0.954545 0.588230
0 0.254545 0.627446 0.353598 0.647054
0 0.354545 0.627446 0.453598 0.647054
0 0.454545 0.627446 0.553599 0.647054
0 0.554545 0.627446 0.653599 0.647054
0 0.654545 0.627446 0.753598 0.647054
0 0.754545 0.627446 0.853598 0.647054
0 0.854545 0.627446 0.954545 0.647054
0 0.254545 0.666662 0.353598 0.686271
0 0.354545 0.666662 0.453598 0.686271
0 0.454545 0.666662 0.553599 0.686271
0 0.554545 0.666662 0.653599 0.686271
0 0.654545 0.666662 0.753598 0.686271
0 0.754545 0.666662 0.853598 0.686271
0 0.854545 0.666662 0.954545 0.686271
0 0.254545 0.686271 0.353598 0.705877
0 0.354545 0.686271 0.453598 0.705877
0 0.454545 0.686271 0.553599 0.705877
0 0.554545 0.686271 0.653599 0.705877
0 0.654545 0.686271 0.753598 0.705877
0 0.754545 0.686271 0.853598 0.705877
0 0.854545 0.686271 0.954545 0.705877
0 0.254545 0.725485 0.353598 0.745095
0 0.354545 0.725485 0.453598 0.745095
0 0.454545 0.725485 0.553599 0.745095
0 0.554545 0.725485 0.653599 0.745095
0 0.654545 0.725485 0.753598 0.745095
0 0.754545 0.725485 0.853598 0.745095
0 0.854545 0.725485 0.954545 0.745095
0 0.254545 0.784310 0.353598 0.803918
0 0.354545 0.784310 0.453598 0.803918
0 0.454545 0.784310 0.553599 0.803918
0 0.554545 0.784310 0.653599 0.803918
0 0.654545 0.784310 0.753598 0.803918
0 0.754545 0.784310 0.853598 0.803918
0 0.854545 0.784310 0.954545 0.803918
0 0.254545 0.803918 0.353598 0.823525
0 0.354545 0.803918 0.453598 0.823525
0 0.454545 0.803918 0.553599 0.823525
0 0.554545 0.803918 0.653599 0.823525
0 0.654545 0.803918 0.753598 0.823525
0 0.754545 0.803918 0.853598 0.823525
0 0.854545 0.803918 0.954545 0.823525
0 0.254545 0.823525 0.353598 0.843131
0 0.354545 0.823525 0.453598 0.843131
0 0.454545 0.823525 0.553599 0.843131
0 0.554545 0.823525 0.653599 0.843131
0 0.654545 0.823525 0.753598 0.843131
0 0.754545 0.823525 0.853598 0.843131
0 0.854545 0.823525 0.954545 0.843131
0 0.254545 0.843131 0.353598 0.862737
0 0.354545 0.843131 0.453598 0.862737
0 0.454545 0.843131 0.553599 0.862737
0 0.554545 0.843131 0.653599 0.862737
0 0.654545 0.843131 0.753598 0.862737
0 0.754545 0.843131 0.853598 0.862737
0 0.854545 0.843131 0.954545 0.862737
0 0.254545 0.882345 0.353598 0.901954
0 0.354545 0.882345 0.453598 0.901954
0 0.454545 0.882345 0.553599 0.901954
0 0.554545 0.882345 0.653599 0.901954
0 0.654545 0.882345 0.753598 0.901954
0 0.754545 0.882345 0.853598 0.901954
0 0.854545 0.882345 0.954545 0.901954
0 0.254545 0.921562 0.353598 0.941172
0 0.354545 0.921562 0.453598 0.941172
0 0.454545 0.921562 0.553599 0.941172
0 0.554545 0.921562 0.653599 0.941172
0 0.654545 0.921562 0.753598 0.941172
0 0.754545 0.921562 0.853598 0.941172
0 0.854545 0.921562 0.954545 0.941172
