0 0.133838 0.078430 0.435417 0.097219
0 0.490909 0.078430 0.600000 0.097219
0 0.736364 0.078430 0.954545 0.097219
0 0.118182 0.098041 0.771780 0.116830
0 0.827273 0.098041 0.954545 0.116830
0 0.072727 0.294118 0.254545 0.313724
0 0.254545 0.294118 0.363636 0.313724
0 0.363636 0.294118 0.480871 0.313724
0 0.481818 0.294118 0.599053 0.313724
0 0.600000 0.294118 0.717235 0.313724
0 0.718182 0.294118 0.835417 0.313724
0 0.836364 0.294118 0.954545 0.313724
0 0.072727 0.313724 0.254545 0.333330
0 0.254545 0.313724 0.363636 0.333330
0 0.363636 0.313724 0.480871 0.333330
0 0.481818 0.313724 0.599053 0.333330
0 0.600000 0.313724 0.717235 0.333330
0 0.718182 0.313724 0.835417 0.333330
0 0.836364 0.313724 0.954545 0.333330
0 0.072727 0.333330 0.254545 0.352936
0 0.254545 0.333330 0.363636 0.352936
0 0.363636 0.333330 0.480871 0.352936
0 0.481818 0.333330 0.599053 0.352936
0 0.600000 0.333330 0.717235 0.352936
0 0.718182 0.333330 0.835417 0.352936
0 0.836364 0.333330 0.954545 0.352936
0 0.072727 0.352936 0.254545 0.372542
0 0.254545 0.352936 0.363636 0.372542
0 0.363636 0.352936 0.480871 0.372542
0 0.481818 0.352936 0.599053 0.372542
0 0.600000 0.352936 0.717235 0.372542
0 0.718182 0.352936 0.835417 0.372542
0 0.836364 0.352936 0.954545 0.372542
0 0.072727 0.372542 0.254545 0.392149
0 0.254545 0.372542 0.363636 0.392149
0 0.363636 0.372542 0.480871 0.392149
0 0.481818 0.372542 0.599053 0.392149
0 0.600000 0.372542 0.717235 0.392149
0 0.718182 0.372542 0.835417 0.392149
0 0.836364 0.372542 0.954545 0.392149
0 0.072727 0.392149 0.254545 0.411755
0 0.254545 0.392149 0.363636 0.411755
0 0.363636 0.392149 0.480871 0.411755
0 0.481818 0.392149 0.599053 0.411755
0 0.600000 0.392149 0.717235 0.411755
0 0.718182 0.392149 0.835417 0.411755
0 0.836364 0.392149 0.954545 0.411755
0 0.072727 0.411755 0.254545 0.431361
0 0.254545 0.411755 0.363636 0.431361
0 0.363636 0.411755 0.480871 0.431361
0 0.481818 0.411755 0.599053 0.431361
0 0.600000 0.411755 0.717235 0.431361
0 0.718182 0.411755 0.835417 0.431361
0 0.836364 0.411755 0.954545 0.431361
0 0.072727 0.431361 0.254545 0.450967
0 0.254545 0.431361 0.363636 0.450967
0 0.363636 0.431361 0.480871 0.450967
0 0.481818 0.431361 0.599053 0.450967
0 0.600000 0.431361 0.717235 0.450967
0 0.718182 0.431361 0.835417 0.450967
0 0.836364 0.431361 0.954545 0.450967
0 0.072727 0.450967 0.254545 0.470574
0 0.254545 0.450967 0.363636 0.470574
0 0.363636 0.450967 0.480871 0.470574
0 0.481818 0.450967 0.599053 0.470574
0 0.600000 0.450967 0.717235 0.470574
0 0.718182 0.450967 0.835417 0.470574
0 0.836364 0.450967 0.954545 0.470574
0 0.072727 0.470574 0.254545 0.490180
0 0.254545 0.470574 0.363636 0.490180
0 0.363636 0.470574 0.480871 0.490180
0 0.481818 0.470574 0.599053 0.490180
0 0.600000 0.470574 0.717235 0.490180
0 0.718182 0.470574 0.835417 0.490180
0 0.836364 0.470574 0.954545 0.490180
0 0.072727 0.490180 0.254545 0.509786
0 0.254545 0.490180 0.363636 0.509786
0 0.363636 0.490180 0.480871 0.509786
0 0.481818 0.490180 0.599053 0.509786
0 0.600000 0.490180 0.717235 0.509786
0 0.718182 0.490180 0.835417 0.509786
0 0.836364 0.490180 0.954545 0.509786
0 0.072727 0.509786 0.254545 0.529392
0 0.254545 0.509786 0.363636 0.529392
0 0.363636 0.509786 0.480871 0.529392
0 0.481818 0.509786 0.599053 0.529392
0 0.600000 0.509786 0.717235 0.529392
0 0.718182 0.509786 0.835417 0.529392
0 0.836364 0.509786 0.954545 0.529392
0 0.072727 0.686276 0.189962 0.705882
0 0.190909 0.686276 0.290909 0.705882
0 0.290909 0.686276 0.408144 0.705882
0 0.409091 0.686276 0.526326 0.705882
0 0.527273 0.686276 0.627273 0.705882
0 0.627273 0.686276 0.735417 0.705882
0 0.736364 0.686276 0.844508 0.705882
0 0.845455 0.686276 0.954545 0.705882
0 0.072727 0.705882 0.189962 0.725489
0 0.190909 0.705882 0.290909 0.725489
0 0.290909 0.705882 0.408144 0.725489
0 0.409091 0.705882 0.526326 0.725489
0 0.527273 0.705882 0.627273 0.725489
0 0.627273 0.705882 0.735417 0.725489
0 0.736364 0.705882 0.844508 0.725489
0 0.845455 0.705882 0.954545 0.725489
0 0.072727 0.725489 0.189962 0.745095
0 0.190909 0.725489 0.290909 0.745095
0 0.290909 0.725489 0.408144 0.745095
0 0.409091 0.725489 0.526326 0.745095
0 0.527273 0.725489 0.627273 0.745095
0 0.627273 0.725489 0.735417 0.745095
0 0.736364 0.725489 0.844508 0.745095
0 0.845455 0.725489 0.954545 0.745095
0 0.072727 0.745095 0.189962 0.764701
0 0.190909 0.745095 0.290909 0.764701
0 0.290909 0.745095 0.408144 0.764701
0 0.409091 0.745095 0.526326 0.764701
0 0.527273 0.745095 0.627273 0.764701
0 0.627273 0.745095 0.735417 0.764701
0 0.736364 0.745095 0.844508 0.764701
0 0.845455 0.745095 0.954545 0.764701
0 0.072727 0.764701 0.189962 0.784307
0 0.190909 0.764701 0.290909 0.784307
0 0.290909 0.764701 0.408144 0.784307
0 0.409091 0.764701 0.526326 0.784307
0 0.527273 0.764701 0.627273 0.784307
0 0.627273 0.764701 0.735417 0.784307
0 0.736364 0.764701 0.844508 0.784307
0 0.845455 0.764701 0.954545 0.784307
0 0.072727 0.784307 0.189962 0.803913
0 0.190909 0.784307 0.290909 0.803913
0 0.290909 0.784307 0.408144 0.803913
0 0.409091 0.784307 0.526326 0.803913
0 0.527273 0.784307 0.627273 0.803913
0 0.627273 0.784307 0.735417 0.803913
0 0.736364 0.784307 0.844508 0.803913
0 0.845455 0.784307 0.954545 0.803913
0 0.072727 0.803913 0.189962 0.823520
0 0.190909 0.803913 0.290909 0.823520
0 0.290909 0.803913 0.408144 0.823520
0 0.409091 0.803913 0.526326 0.823520
0 0.527273 0.803913 0.627273 0.823520
0 0.627273 0.803913 0.735417 0.823520
0 0.736364 0.803913 0.844508 0.823520
0 0.845455 0.803913 0.954545 0.823520
0 0.072727 0.823520 0.189962 0.843126
0 0.190909 0.823520 0.290909 0.843126
0 0.290909 0.823520 0.408144 0.843126
0 0.409091 0.823520 0.526326 0.843126
0 0.527273 0.823520 0.627273 0.843126
0 0.627273 0.823520 0.735417 0.843126
0 0.736364 0.823520 0.844508 0.843126
0 0.845455 0.823520 0.954545 0.843126
0 0.072727 0.843126 0.189962 0.862732
0 0.190909 0.843126 0.290909 0.862732
0 0.290909 0.843126 0.408144 0.862732
0 0.409091 0.843126 0.526326 0.862732
0 0.527273 0.843126 0.627273 0.862732
0 0.627273 0.843126 0.735417 0.862732
0 0.736364 0.843126 0.844508 0.862732
0 0.845455 0.843126 0.954545 0.862732
0 0.072727 0.862732 0.189962 0.882338
0 0.190909 0.862732 0.290909 0.882338
0 0.290909 0.862732 0.408144 0.882338
0 0.409091 0.862732 0.526326 0.882338
0 0.527273 0.862732 0.627273 0.882338
0 0.627273 0.862732 0.735417 0.882338
0 0.736364 0.862732 0.844508 0.882338
0 0.845455 0.862732 0.954545 0.882338
0 0.072727 0.882338 0.189962 0.901944
0 0.190909 0.882338 0.290909 0.901944
0 0.290909 0.882338 0.408144 0.901944
0 0.409091 0.882338 0.526326 0.901944
0 0.527273 0.882338 0.627273 0.901944
0 0.627273 0.882338 0.735417 0.901944
0 0.736364 0.882338 0.844508 0.901944
0 0.845455 0.882338 0.954545 0.901944
0 0.072727 0.901944 0.189962 0.921551
0 0.190909 0.901944 0.290909 0.921551
0 0.290909 0.901944 0.408144 0.921551
0 0.409091 0.901944 0.526326 0.921551
0 0.527273 0.901944 0.627273 0.921551
0 0.627273 0.901944 0.735417 0.921551
0 0.736364 0.901944 0.844508 0.921551
0 0.845455 0.901944 0.954545 0.921551
