0 0.058824 0.118686 0.739951 0.136364
0 0.742810 0.118686 0.941176 0.136364
0 0.854585 0.196968 0.941176 0.212119
0 0.168627 0.303346 0.184967 0.315972
0 0.450980 0.303346 0.467320 0.315972
0 0.733333 0.303346 0.749673 0.315972
0 0.835294 0.350379 0.851634 0.363005
0 0.894118 0.350379 0.910458 0.363005
0 0.835294 0.410352 0.851634 0.422979
0 0.894118 0.410352 0.910458 0.422979
0 0.154902 0.545455 0.482353 0.560605
0 0.590196 0.545455 0.917647 0.560605
0 0.154902 0.575759 0.482353 0.590909
0 0.835294 0.607321 0.851634 0.619947
0 0.894118 0.607321 0.910458 0.619947
0 0.164706 0.666668 0.235294 0.681818
0 0.352941 0.666668 0.423529 0.681818
0 0.541176 0.666668 0.611765 0.681818
0 0.284967 0.727273 0.329412 0.742423
0 0.343791 0.727273 0.388235 0.742423
0 0.661438 0.727273 0.705882 0.742423
0 0.720261 0.727273 0.764706 0.742423
0 0.284967 0.742423 0.329412 0.757573
0 0.343791 0.742423 0.388235 0.757573
0 0.661438 0.742423 0.705882 0.757573
0 0.720261 0.742423 0.764706 0.757573
0 0.284967 0.757577 0.329412 0.772727
0 0.343791 0.757577 0.388235 0.772727
0 0.661438 0.757577 0.705882 0.772727
0 0.720261 0.757577 0.764706 0.772727
