0 0.133838 0.078430 0.435417 0.097219
0 0.490909 0.078430 0.600000 0.097219
0 0.736364 0.078430 0.954545 0.097219
0 0.118182 0.098041 0.771780 0.116830
0 0.827273 0.098041 0.954545 0.116830
0 0.720707 0.192812 0.750000 0.212420
0 0.072727 0.235294 0.253283 0.254900
0 0.254545 0.235294 0.353598 0.254900
0 0.354545 0.235294 0.453598 0.254900
0 0.454545 0.235294 0.553599 0.254900
0 0.554545 0.235294 0.653599 0.254900
0 0.654545 0.235294 0.753598 0.254900
0 0.754545 0.235294 0.853598 0.254900
0 0.854545 0.235294 0.954545 0.254900
0 0.072727 0.254900 0.253283 0.274507
0 0.254545 0.254900 0.353598 0.274507
0 0.354545 0.254900 0.453598 0.274507
0 0.454545 0.254900 0.553599 0.274507
0 0.554545 0.254900 0.653599 0.274507
0 0.654545 0.254900 0.753598 0.274507
0 0.754545 0.254900 0.853598 0.274507
0 0.854545 0.254900 0.954545 0.274507
0 0.072727 0.274507 0.253283 0.294113
0 0.254545 0.274507 0.353598 0.294113
0 0.354545 0.274507 0.453598 0.294113
0 0.454545 0.274507 0.553599 0.294113
0 0.554545 0.274507 0.653599 0.294113
0 0.654545 0.274507 0.753598 0.294113
0 0.754545 0.274507 0.853598 0.294113
0 0.854545 0.274507 0.954545 0.294113
0 0.254545 0.294113 0.353598 0.313719
0 0.354545 0.294113 0.453598 0.313719
0 0.454545 0.294113 0.553599 0.313719
0 0.554545 0.294113 0.653599 0.313719
0 0.654545 0.294113 0.753598 0.313719
0 0.754545 0.294113 0.853598 0.313719
0 0.854545 0.294113 0.954545 0.313719
0 0.072727 0.333325 0.253283 0.352931
0 0.254545 0.333325 0.353598 0.352931
0 0.354545 0.333325 0.453598 0.352931
0 0.454545 0.333325 0.553599 0.352931
0 0.554545 0.333325 0.653599 0.352931
0 0.654545 0.333325 0.753598 0.352931
0 0.754545 0.333325 0.853598 0.352931
0 0.854545 0.333325 0.954545 0.352931
0 0.072727 0.352931 0.253283 0.372538
0 0.254545 0.352931 0.353598 0.372538
0 0.354545 0.352931 0.453598 0.372538
0 0.454545 0.352931 0.553599 0.372538
0 0.554545 0.352931 0.653599 0.372538
0 0.654545 0.352931 0.753598 0.372538
0 0.754545 0.352931 0.853598 0.372538
0 0.854545 0.352931 0.954545 0.372538
0 0.072727 0.372538 0.253283 0.392144
0 0.254545 0.372538 0.353598 0.392144
0 0.354545 0.372538 0.453598 0.392144
0 0.454545 0.372538 0.553599 0.392144
0 0.554545 0.372538 0.653599 0.392144
0 0.654545 0.372538 0.753598 0.392144
0 0.754545 0.372538 0.853598 0.392144
0 0.854545 0.372538 0.954545 0.392144
0 0.072727 0.411750 0.253283 0.431356
0 0.254545 0.411750 0.353598 0.431356
0 0.354545 0.411750 0.453598 0.431356
0 0.454545 0.411750 0.553599 0.431356
0 0.554545 0.411750 0.653599 0.431356
0 0.654545 0.411750 0.753598 0.431356
0 0.754545 0.411750 0.853598 0.431356
0 0.854545 0.411750 0.954545 0.431356
0 0.072727 0.431356 0.253283 0.450962
0 0.254545 0.431356 0.353598 0.450962
0 0.354545 0.431356 0.453598 0.450962
0 0.454545 0.431356 0.553599 0.450962
0 0.554545 0.431356 0.653599 0.450962
0 0.654545 0.431356 0.753598 0.450962
0 0.754545 0.431356 0.853598 0.450962
0 0.854545 0.431356 0.954545 0.450962
0 0.072727 0.450962 0.253283 0.470569
0 0.254545 0.450962 0.353598 0.470569
0 0.354545 0.450962 0.453598 0.470569
0 0.454545 0.450962 0.553599 0.470569
0 0.554545 0.450962 0.653599 0.470569
0 0.654545 0.450962 0.753598 0.470569
0 0.754545 0.450962 0.853598 0.470569
0 0.854545 0.450962 0.954545 0.470569
0 0.072727 0.490175 0.253283 0.509781
0 0.254545 0.490175 0.353598 0.509781
0 0.354545 0.490175 0.453598 0.509781
0 0.454545 0.490175 0.553599 0.509781
0 0.554545 0.490175 0.653599 0.509781
0 0.654545 0.490175 0.753598 0.509781
0 0.754545 0.490175 0.853598 0.509781
0 0.854545 0.490175 0.954545 0.509781
0 0.072727 0.509781 0.253283 0.529387
0 0.254545 0.509781 0.353598 0.529387
0 0.354545 0.509781 0.453598 0.529387
0 0.454545 0.509781 0.553599 0.529387
0 0.554545 0.509781 0.653599 0.529387
0 0.654545 0.509781 0.753598 0.529387
0 0.754545 0.509781 0.853598 0.529387
0 0.854545 0.509781 0.954545 0.529387
0 0.072727 0.529387 0.253283 0.548993
0 0.254545 0.529387 0.353598 0.548993
0 0.354545 0.529387 0.453598 0.548993
0 0.454545 0.529387 0.553599 0.548993
0 0.554545 0.529387 0.653599 0.548993
0 0.654545 0.529387 0.753598 0.548993
0 0.754545 0.529387 0.853598 0.548993
0 0.854545 0.529387 0.954545 0.548993
0 0.072727 0.568600 0.253283 0.588206
0 0.254545 0.568600 0.353598 0.588206
0 0.354545 0.568600 0.453598 0.588206
0 0.454545 0.568600 0.553599 0.588206
0 0.554545 0.568600 0.653599 0.588206
0 0.654545 0.568600 0.753598 0.588206
0 0.754545 0.568600 0.853598 0.588206
0 0.854545 0.568600 0.954545 0.588206
0 0.072727 0.588206 0.253283 0.607812
0 0.254545 0.588206 0.353598 0.607812
0 0.354545 0.588206 0.453598 0.607812
0 0.454545 0.588206 0.553599 0.607812
0 0.554545 0.588206 0.653599 0.607812
0 0.654545 0.588206 0.753598 0.607812
0 0.754545 0.588206 0.853598 0.607812
0 0.854545 0.588206 0.954545 0.607812
0 0.072727 0.607812 0.253283 0.627418
0 0.254545 0.607812 0.353598 0.627418
0 0.354545 0.607812 0.453598 0.627418
0 0.454545 0.607812 0.553599 0.627418
0 0.554545 0.607812 0.653599 0.627418
0 0.654545 0.607812 0.753598 0.627418
0 0.754545 0.607812 0.853598 0.627418
0 0.854545 0.607812 0.954545 0.627418
0 0.072727 0.647025 0.253283 0.666631
0 0.254545 0.647025 0.353598 0.666631
0 0.354545 0.647025 0.453598 0.666631
0 0.454545 0.647025 0.553599 0.666631
0 0.554545 0.647025 0.653599 0.666631
0 0.654545 0.647025 0.753598 0.666631
0 0.754545 0.647025 0.853598 0.666631
0 0.854545 0.647025 0.954545 0.666631
0 0.072727 0.666631 0.253283 0.686237
0 0.254545 0.666631 0.353598 0.686237
0 0.354545 0.666631 0.453598 0.686237
0 0.454545 0.666631 0.553599 0.686237
0 0.554545 0.666631 0.653599 0.686237
0 0.654545 0.666631 0.753598 0.686237
0 0.754545 0.666631 0.853598 0.686237
0 0.854545 0.666631 0.954545 0.686237
0 0.072727 0.686237 0.253283 0.705843
0 0.254545 0.686237 0.353598 0.705843
0 0.354545 0.686237 0.453598 0.705843
0 0.454545 0.686237 0.553599 0.705843
0 0.554545 0.686237 0.653599 0.705843
0 0.654545 0.686237 0.753598 0.705843
0 0.754545 0.686237 0.853598 0.705843
0 0.854545 0.686237 0.954545 0.705843
0 0.072727 0.725449 0.253283 0.745056
0 0.254545 0.725449 0.353598 0.745056
0 0.354545 0.725449 0.453598 0.745056
0 0.454545 0.725449 0.553599 0.745056
0 0.554545 0.725449 0.653599 0.745056
0 0.654545 0.725449 0.753598 0.745056
0 0.754545 0.725449 0.853598 0.745056
0 0.854545 0.725449 0.954545 0.745056
0 0.072727 0.745056 0.253283 0.764662
0 0.254545 0.745056 0.353598 0.764662
0 0.354545 0.745056 0.453598 0.764662
0 0.454545 0.745056 0.553599 0.764662
0 0.554545 0.745056 0.653599 0.764662
0 0.654545 0.745056 0.753598 0.764662
0 0.754545 0.745056 0.853598 0.764662
0 0.854545 0.745056 0.954545 0.764662
0 0.072727 0.764662 0.253283 0.784268
0 0.254545 0.764662 0.353598 0.784268
0 0.354545 0.764662 0.453598 0.784268
0 0.454545 0.764662 0.553599 0.784268
0 0.554545 0.764662 0.653599 0.784268
0 0.654545 0.764662 0.753598 0.784268
0 0.754545 0.764662 0.853598 0.784268
0 0.854545 0.764662 0.954545 0.784268
