0 0.058826 0.118690 0.704684 0.136369
0 0.705910 0.118690 0.941213 0.136369
0 0.058826 0.148996 0.457616 0.166675
0 0.469299 0.142051 0.482372 0.152153
0 0.576493 0.148996 0.705910 0.166675
0 0.705910 0.148996 0.941213 0.166675
0 0.058826 0.179301 0.457616 0.196980
0 0.469299 0.172357 0.482372 0.182458
0 0.588258 0.182774 0.601331 0.192875
0 0.820294 0.182774 0.833366 0.192875
0 0.058826 0.287890 0.141182 0.303044
0 0.142816 0.287890 0.528207 0.303044
0 0.529433 0.287890 0.611789 0.303044
0 0.611789 0.287890 0.739980 0.303044
0 0.741206 0.287890 0.869397 0.303044
0 0.899382 0.284104 0.912454 0.294205
0 0.058826 0.318196 0.141182 0.333349
0 0.142816 0.318196 0.528207 0.333349
0 0.529433 0.318196 0.611789 0.333349
0 0.611789 0.318196 0.739980 0.333349
0 0.741206 0.318196 0.869397 0.333349
0 0.899382 0.314409 0.912454 0.324511
0 0.058826 0.348501 0.141182 0.363655
0 0.142816 0.348501 0.528207 0.363655
0 0.529433 0.348501 0.611789 0.363655
0 0.611789 0.348501 0.739980 0.363655
0 0.741206 0.348501 0.869397 0.363655
0 0.899382 0.344715 0.912454 0.354816
0 0.058826 0.439409 0.141182 0.454560
0 0.142816 0.439409 0.857632 0.454560
0 0.858857 0.439409 0.941213 0.454560
0 0.058826 0.454560 0.141182 0.469711
0 0.142816 0.454560 0.857632 0.469711
0 0.858857 0.454560 0.941213 0.469711
0 0.058826 0.469711 0.141182 0.484862
0 0.142816 0.469711 0.857632 0.484862
0 0.858857 0.469711 0.941213 0.484862
0 0.058826 0.560627 0.141182 0.575778
0 0.142816 0.560627 0.457616 0.575778
0 0.458841 0.560627 0.541198 0.575778
0 0.542832 0.560627 0.941213 0.575778
0 0.058826 0.575778 0.141182 0.590929
0 0.142816 0.575778 0.457616 0.590929
0 0.458841 0.575778 0.541198 0.590929
0 0.542832 0.575778 0.941213 0.590929
0 0.058826 0.590929 0.141182 0.606080
0 0.142816 0.590929 0.457616 0.606080
0 0.458841 0.590929 0.541198 0.606080
0 0.542832 0.590929 0.941213 0.606080
0 0.058826 0.681846 0.375260 0.696997
0 0.376485 0.681846 0.458841 0.696997
0 0.458841 0.681846 0.563502 0.696997
0 0.564728 0.681846 0.669389 0.696997
0 0.670615 0.681846 0.941213 0.696997
0 0.058826 0.696997 0.375260 0.712148
0 0.376485 0.696997 0.458841 0.712148
0 0.458841 0.696997 0.563502 0.712148
0 0.564728 0.696997 0.669389 0.712148
0 0.670615 0.696997 0.941213 0.712148
0 0.058826 0.712148 0.375260 0.727298
0 0.376485 0.712148 0.458841 0.727298
0 0.458841 0.712148 0.563502 0.727298
0 0.564728 0.712148 0.669389 0.727298
0 0.670615 0.712148 0.941213 0.727298
0 0.058826 0.803060 0.141182 0.818211
0 0.142816 0.803060 0.422320 0.818211
0 0.423546 0.803060 0.505902 0.818211
0 0.505902 0.803060 0.634093 0.818211
0 0.636953 0.803060 0.941213 0.818211
0 0.058826 0.818211 0.141182 0.833362
0 0.142816 0.818211 0.422320 0.833362
0 0.423546 0.818211 0.505902 0.833362
0 0.505902 0.818211 0.634093 0.833362
0 0.636953 0.818211 0.941213 0.833362
0 0.058826 0.833362 0.141182 0.848513
0 0.142816 0.833362 0.422320 0.848513
0 0.423546 0.833362 0.505902 0.848513
0 0.505902 0.833362 0.634093 0.848513
0 0.636953 0.833362 0.941213 0.848513
0 0.058826 0.878822 0.941213 0.893973
0 0.058826 0.909128 0.941213 0.924279
0 0.058826 0.939433 0.941213 0.954584
