0 0.181046 0.136364 0.482353 0.151514
0 0.616340 0.136364 0.917647 0.151514
0 0.181046 0.166668 0.482353 0.181818
0 0.188235 0.228534 0.204575 0.241160
0 0.247059 0.228534 0.263399 0.241160
0 0.447059 0.228534 0.463399 0.241160
0 0.505882 0.228534 0.522222 0.241160
0 0.705882 0.228534 0.722222 0.241160
0 0.764706 0.228534 0.781046 0.241160
0 0.188235 0.273989 0.204575 0.286615
0 0.247059 0.273989 0.263399 0.286615
0 0.447059 0.273989 0.463399 0.286615
0 0.505882 0.273989 0.522222 0.286615
0 0.705882 0.273989 0.722222 0.286615
0 0.764706 0.273989 0.781046 0.286615
0 0.163072 0.393941 0.482353 0.409091
0 0.598366 0.393941 0.917647 0.409091
0 0.163072 0.424241 0.482353 0.439391
0 0.598366 0.424241 0.917647 0.439391
0 0.308824 0.500000 0.941176 0.515150
0 0.401961 0.515150 0.941176 0.530300
0 0.477124 0.547347 0.493464 0.559973
0 0.308824 0.575759 0.941176 0.590909
0 0.401961 0.590909 0.941176 0.606059
0 0.477124 0.623106 0.493464 0.635732
0 0.308824 0.651514 0.941176 0.666664
0 0.401961 0.666668 0.941176 0.681818
0 0.477124 0.698861 0.493464 0.711487
0 0.308824 0.727273 0.941176 0.742423
0 0.401961 0.742427 0.941176 0.757577
