0 0.364706 0.060604 0.475489 0.075754
0 0.504900 0.060604 0.541176 0.075754
0 0.611765 0.060604 0.722547 0.075754
0 0.751959 0.060604 0.779668 0.075754
0 0.058824 0.133838 0.645833 0.151516
0 0.647059 0.133838 0.941176 0.151516
0 0.296078 0.213382 0.312418 0.226008
0 0.776471 0.212120 0.941176 0.227270
0 0.776471 0.227270 0.941176 0.242421
0 0.296078 0.243682 0.312418 0.256308
0 0.776471 0.257574 0.941176 0.272725
0 0.776471 0.287875 0.941176 0.303025
0 0.296078 0.304290 0.312418 0.316916
0 0.776471 0.318179 0.941176 0.333329
0 0.776471 0.348483 0.941176 0.363633
0 0.296078 0.364894 0.312418 0.377520
0 0.776471 0.363633 0.941176 0.378783
0 0.776471 0.378783 0.941176 0.393933
0 0.296078 0.395198 0.312418 0.407824
0 0.776471 0.409087 0.941176 0.424237
0 0.776471 0.439391 0.941176 0.454541
0 0.086275 0.636990 0.100980 0.648353
0 0.200000 0.636358 0.564706 0.651511
0 0.694118 0.628783 0.811765 0.651510
0 0.086275 0.689387 0.100980 0.700751
0 0.388235 0.712115 0.741176 0.727269
0 0.658824 0.772719 0.917647 0.795447
