0 0.485526 0.075762 0.564728 0.090913
0 0.676239 0.075762 0.729440 0.090913
0 0.752971 0.075762 0.788266 0.090913
0 0.058826 0.133845 0.681154 0.151524
0 0.682380 0.133845 0.941213 0.151524
0 0.058826 0.164147 0.941213 0.181826
0 0.298051 0.267685 0.311123 0.277787
0 0.823562 0.265161 0.941213 0.280312
0 0.298051 0.282840 0.311123 0.292941
0 0.823562 0.280316 0.941213 0.295466
0 0.298051 0.297991 0.311123 0.308092
0 0.823562 0.295466 0.941213 0.310617
0 0.298051 0.313141 0.311123 0.323243
0 0.823562 0.310617 0.941213 0.325768
0 0.298051 0.328296 0.311123 0.338398
0 0.823562 0.325772 0.941213 0.340923
0 0.298051 0.343447 0.311123 0.353548
0 0.823562 0.340923 0.941213 0.356074
0 0.298051 0.358598 0.311123 0.368699
0 0.823562 0.356074 0.941213 0.371225
0 0.298051 0.373753 0.311123 0.383854
0 0.823562 0.371228 0.941213 0.386379
0 0.298051 0.388903 0.311123 0.399005
0 0.823562 0.386379 0.941213 0.401530
0 0.298051 0.404054 0.311123 0.414156
0 0.823562 0.401530 0.941213 0.416681
0 0.322888 0.434360 0.335961 0.444461
0 0.581722 0.434360 0.594795 0.444461
0 0.117652 0.446987 0.505902 0.462137
0 0.552963 0.446987 0.670615 0.462137
0 0.075820 0.631336 0.088892 0.641438
0 0.176478 0.628812 0.552963 0.643965
0 0.682380 0.621238 0.800031 0.643967
0 0.075820 0.717198 0.088892 0.727300
0 0.541198 0.810638 0.800031 0.833365
