0 0.456863 0.075758 0.552941 0.090908
0 0.633333 0.075758 0.729412 0.090908
0 0.755556 0.075758 0.788235 0.090908
0 0.058824 0.133838 0.657598 0.151516
0 0.658824 0.133838 0.941176 0.151516
0 0.058824 0.164139 0.941176 0.196966
0 0.823529 0.212120 0.941176 0.227270
0 0.823529 0.227270 0.941176 0.242421
0 0.823529 0.242421 0.941176 0.257571
0 0.823529 0.257574 0.941176 0.272725
0 0.823529 0.272725 0.941176 0.287875
0 0.086275 0.515778 0.100980 0.527141
0 0.200000 0.515146 0.564706 0.530299
0 0.694118 0.507571 0.811765 0.530298
0 0.086275 0.577646 0.100980 0.589009
0 0.647059 0.704538 0.905882 0.727265
