0 0.321217 0.064398 0.341190 0.079549
0 0.456910 0.064398 0.552963 0.079549
0 0.578113 0.064398 0.600024 0.079549
0 0.644746 0.064398 0.741206 0.079549
0 0.763860 0.064398 0.788266 0.079549
0 0.058826 0.133845 0.669389 0.151524
0 0.670615 0.133845 0.941213 0.151524
0 0.835327 0.181826 0.941213 0.196976
0 0.835327 0.212131 0.941213 0.227282
0 0.835327 0.242433 0.941213 0.257584
0 0.099350 0.502544 0.112423 0.512646
0 0.211773 0.500021 0.564728 0.515174
0 0.694145 0.492445 0.811797 0.515174
0 0.099350 0.561889 0.112423 0.571990
0 0.705910 0.590933 0.941213 0.606084
0 0.682380 0.651540 0.941213 0.674267
