0 0.345358 0.090913 0.458841 0.103538
0 0.485800 0.090913 0.517667 0.103538
0 0.587516 0.090913 0.717675 0.103538
0 0.745884 0.090913 0.776501 0.103538
0 0.058826 0.133845 0.647084 0.151524
0 0.647084 0.133845 0.941213 0.151524
0 0.296090 0.243694 0.312431 0.256321
0 0.776501 0.242433 0.941213 0.257584
0 0.776501 0.257587 0.941213 0.272738
0 0.296090 0.289151 0.312431 0.301777
0 0.776501 0.287889 0.941213 0.303040
0 0.296090 0.319456 0.312431 0.332083
0 0.776501 0.318195 0.941213 0.333346
0 0.099355 0.593457 0.112428 0.603558
0 0.200008 0.590933 0.576493 0.606086
0 0.705910 0.582304 0.823562 0.605032
0 0.099355 0.643334 0.112428 0.653435
0 0.682380 0.734747 0.941213 0.757475
