0 0.834641 0.045455 0.869935 0.060605
0 0.905229 0.045455 0.940523 0.060605
0 0.062092 0.073231 0.705882 0.090909
0 0.714052 0.073231 0.941176 0.090909
0 0.062092 0.106081 0.411765 0.181818
0 0.415033 0.106081 0.764706 0.121213
0 0.415033 0.136385 0.764706 0.151518
0 0.626471 0.166668 0.764706 0.181818
0 0.779412 0.136364 0.941176 0.151514
0 0.771242 0.163766 0.941176 0.181818
0 0.062092 0.196990 0.411765 0.272727
0 0.415033 0.196990 0.764706 0.212122
0 0.415033 0.227294 0.764706 0.242427
0 0.626471 0.257577 0.764706 0.272727
0 0.779412 0.227273 0.941176 0.242423
0 0.771242 0.255069 0.941176 0.272727
0 0.062092 0.287899 0.411765 0.363636
0 0.415033 0.287899 0.764706 0.303032
0 0.415033 0.318203 0.764706 0.333336
0 0.626471 0.348486 0.764706 0.363636
0 0.779412 0.318182 0.941176 0.333332
0 0.771242 0.345585 0.941176 0.363636
0 0.062092 0.378808 0.411765 0.454545
0 0.415033 0.378808 0.764706 0.393941
0 0.415033 0.409112 0.764706 0.424245
0 0.626471 0.439395 0.764706 0.454545
0 0.779412 0.409091 0.941176 0.424241
0 0.771242 0.436494 0.941176 0.454545
0 0.062092 0.469717 0.411765 0.545455
0 0.415033 0.500021 0.764706 0.515154
0 0.415033 0.469717 0.764706 0.484850
0 0.626471 0.530304 0.764706 0.545455
0 0.779412 0.500000 0.941176 0.515150
0 0.771242 0.527403 0.941176 0.545455
0 0.062092 0.560626 0.411765 0.636364
0 0.415033 0.560626 0.764706 0.575759
0 0.415033 0.590931 0.764706 0.606063
0 0.626471 0.621213 0.764706 0.636364
0 0.779412 0.590909 0.941176 0.606059
0 0.771242 0.618312 0.941176 0.636364
0 0.062092 0.651535 0.411765 0.727273
0 0.415033 0.651535 0.764706 0.666668
0 0.415033 0.681840 0.764706 0.696972
0 0.626471 0.712122 0.764706 0.727273
0 0.779412 0.681818 0.941176 0.696968
0 0.771242 0.709221 0.941176 0.727273
0 0.062092 0.742444 0.411765 0.818182
0 0.415033 0.742444 0.764706 0.757577
0 0.415033 0.772749 0.764706 0.787881
0 0.626471 0.803032 0.764706 0.818182
0 0.779412 0.772727 0.941176 0.787878
0 0.771242 0.800130 0.941176 0.818182
0 0.062092 0.833354 0.411765 0.909091
0 0.415033 0.833354 0.764706 0.848486
0 0.415033 0.863658 0.764706 0.878790
0 0.626471 0.893941 0.764706 0.909091
0 0.779412 0.863636 0.941176 0.878787
0 0.771242 0.891472 0.941176 0.909091
0 0.779412 0.924241 0.941176 0.939391
