0 0.894153 0.075762 0.917683 0.090913
0 0.294129 0.106064 0.467925 0.121215
0 0.482372 0.106064 0.568156 0.121215
0 0.658849 0.106064 0.833725 0.121215
0 0.847092 0.106064 0.922861 0.121215
0 0.131051 0.133845 0.692919 0.151524
0 0.131051 0.164147 0.598798 0.181826
0 0.600024 0.164147 0.694145 0.181826
0 0.131051 0.194452 0.692919 0.212131
0 0.694145 0.133845 0.941213 0.151524
0 0.694145 0.164147 0.941213 0.181826
0 0.758200 0.184981 0.771272 0.195082
0 0.205237 0.214655 0.218309 0.224757
0 0.505902 0.213394 0.552963 0.227282
0 0.061114 0.229806 0.074186 0.239907
0 0.449364 0.229806 0.462436 0.239907
0 0.061114 0.244957 0.074186 0.255058
0 0.449364 0.244957 0.462436 0.255058
0 0.189877 0.348500 0.681154 0.363651
0 0.189877 0.363651 0.681154 0.378802
0 0.189877 0.378802 0.681154 0.393953
0 0.682380 0.378804 0.941213 0.393957
0 0.189877 0.393957 0.681154 0.409107
0 0.189877 0.409107 0.681154 0.424258
0 0.189877 0.424258 0.681154 0.439409
0 0.682380 0.424261 0.941213 0.439413
0 0.189877 0.439413 0.681154 0.454564
0 0.189877 0.454564 0.681154 0.469715
0 0.189877 0.469715 0.681154 0.484866
0 0.682380 0.469717 0.941213 0.484869
0 0.189877 0.484869 0.681154 0.500020
0 0.189877 0.500020 0.681154 0.515171
0 0.189877 0.515171 0.681154 0.530322
0 0.682380 0.515174 0.941213 0.530326
0 0.189877 0.530326 0.681154 0.545477
0 0.189877 0.545477 0.681154 0.560627
0 0.189877 0.560627 0.681154 0.575778
0 0.682380 0.560630 0.941213 0.575782
0 0.117652 0.666691 0.152947 0.694471
0 0.188243 0.681843 0.376485 0.696997
0 0.376485 0.681843 0.539972 0.696997
0 0.541198 0.681843 0.682380 0.696997
0 0.682380 0.681843 0.810571 0.696997
0 0.811797 0.681843 0.941213 0.696997
0 0.117652 0.696997 0.152947 0.724777
0 0.188243 0.712149 0.376485 0.727302
0 0.376485 0.712149 0.539972 0.727302
0 0.541198 0.712149 0.682380 0.727302
0 0.682380 0.712149 0.810571 0.727302
0 0.811797 0.712149 0.941213 0.727302
0 0.117652 0.727302 0.152947 0.755082
0 0.188243 0.742454 0.376485 0.757608
0 0.376485 0.742454 0.539972 0.757608
0 0.541198 0.742454 0.682380 0.757608
0 0.682380 0.742454 0.810571 0.757608
0 0.811797 0.742454 0.941213 0.757608
0 0.117652 0.757608 0.152947 0.785388
0 0.188243 0.772760 0.376485 0.787913
0 0.376485 0.772760 0.539972 0.787913
0 0.541198 0.772760 0.682380 0.787913
0 0.682380 0.772760 0.810571 0.787913
0 0.811797 0.772760 0.941213 0.787913
0 0.117652 0.787913 0.152947 0.815693
0 0.188243 0.803065 0.376485 0.818219
0 0.376485 0.803065 0.539972 0.818219
0 0.541198 0.803065 0.682380 0.818219
0 0.682380 0.803065 0.810571 0.818219
0 0.811797 0.803065 0.941213 0.818219
0 0.811797 0.833366 0.941213 0.848517
0 0.811797 0.863671 0.941213 0.878822
0 0.811797 0.909128 0.941213 0.924279
