0 0.564728 0.121216 0.941213 0.136369
0 0.058826 0.148996 0.704684 0.166675
0 0.705910 0.148996 0.941213 0.166675
0 0.058826 0.179301 0.704684 0.196980
0 0.705910 0.179301 0.941213 0.196980
0 0.166346 0.212131 0.216022 0.227282
0 0.823562 0.242433 0.941213 0.257584
0 0.823562 0.257584 0.941213 0.272735
0 0.823562 0.272738 0.941213 0.287889
0 0.823562 0.287889 0.941213 0.303040
0 0.823562 0.303040 0.941213 0.318191
0 0.085623 0.502544 0.098695 0.512646
0 0.191511 0.500020 0.541198 0.515174
0 0.729440 0.492447 0.847092 0.515175
0 0.085623 0.563152 0.098695 0.573253
0 0.085752 0.646491 0.098824 0.656592
0 0.191511 0.643967 0.541198 0.659120
0 0.729440 0.636389 0.847092 0.659118
0 0.085623 0.714675 0.098695 0.724777
0 0.670615 0.803064 0.929448 0.825792
