0 0.117652 0.151520 0.152947 0.194451
0 0.189877 0.151520 0.669389 0.166671
0 0.189877 0.166675 0.669389 0.181826
0 0.189877 0.181826 0.669389 0.196976
0 0.670615 0.181824 0.941213 0.196976
0 0.117652 0.196976 0.152947 0.239907
0 0.189877 0.196976 0.669389 0.212127
0 0.189877 0.212131 0.669389 0.227282
0 0.189877 0.227282 0.669389 0.242433
0 0.670615 0.227281 0.941213 0.242433
0 0.117795 0.242433 0.152947 0.285364
0 0.189877 0.242433 0.669389 0.257584
0 0.189877 0.257587 0.669389 0.272738
0 0.189877 0.272738 0.669389 0.287889
0 0.670615 0.272737 0.941213 0.287889
0 0.117652 0.287889 0.152947 0.330820
0 0.189877 0.287889 0.669389 0.303040
0 0.189877 0.303044 0.669389 0.318195
0 0.189877 0.318195 0.669389 0.333346
0 0.670615 0.318193 0.941213 0.333346
0 0.117652 0.333346 0.152947 0.376277
0 0.189877 0.333346 0.669389 0.348496
0 0.189877 0.348500 0.669389 0.363651
0 0.189877 0.363651 0.669389 0.378802
0 0.670615 0.363650 0.941213 0.378802
0 0.117652 0.500020 0.152947 0.542951
0 0.189877 0.500020 0.528207 0.515171
0 0.189877 0.515175 0.528207 0.530326
0 0.189877 0.530326 0.528207 0.545477
0 0.529433 0.530324 0.729440 0.545477
0 0.729440 0.530324 0.941213 0.545477
0 0.117652 0.545477 0.152947 0.588408
0 0.189877 0.545477 0.528207 0.560627
0 0.189877 0.560631 0.528207 0.575782
0 0.189877 0.575782 0.528207 0.590933
0 0.529433 0.575781 0.729440 0.590933
0 0.729440 0.575781 0.941213 0.590933
0 0.117652 0.590933 0.152947 0.633864
0 0.189877 0.590933 0.528207 0.606084
0 0.189877 0.606088 0.528207 0.621238
0 0.189877 0.621238 0.528207 0.636389
0 0.529433 0.621237 0.729440 0.636389
0 0.729440 0.621237 0.941213 0.636389
0 0.117652 0.636389 0.152947 0.679320
0 0.189877 0.636389 0.528207 0.651540
0 0.189877 0.651544 0.528207 0.666695
0 0.189877 0.666695 0.528207 0.681846
0 0.529433 0.666694 0.729440 0.681846
0 0.729440 0.666694 0.941213 0.681846
0 0.117652 0.681846 0.152947 0.724777
0 0.189877 0.681846 0.528207 0.696997
0 0.189877 0.697000 0.528207 0.712151
0 0.189877 0.712151 0.528207 0.727302
0 0.529433 0.712150 0.729440 0.727302
0 0.729440 0.712150 0.941213 0.727302
0 0.623554 0.833366 0.941213 0.848520
0 0.154581 0.876298 0.398790 0.893977
0 0.803298 0.869985 0.816370 0.880086
0 0.847092 0.876298 0.941213 0.893977
0 0.258834 0.893977 0.752971 0.909128
0 0.258834 0.909128 0.751745 0.924279
0 0.825692 0.893977 0.941213 0.909128
0 0.817313 0.909128 0.941213 0.924279
