0 0.447076 0.075762 0.541198 0.090913
0 0.623554 0.075762 0.717675 0.090913
0 0.745454 0.075762 0.788266 0.090913
0 0.058826 0.133845 0.669389 0.151524
0 0.670615 0.133845 0.941213 0.151524
0 0.835327 0.166675 0.941213 0.181826
0 0.835327 0.181826 0.941213 0.196976
0 0.835327 0.196976 0.941213 0.212127
0 0.835327 0.212131 0.941213 0.227282
0 0.835327 0.227282 0.941213 0.242433
0 0.099350 0.487393 0.112423 0.497495
0 0.211773 0.484867 0.564728 0.500019
0 0.694145 0.477291 0.811797 0.500019
0 0.099350 0.546738 0.112423 0.556839
0 0.741206 0.575782 0.941213 0.590933
0 0.682380 0.628812 0.941213 0.651539
