0 0.282353 0.123107 0.482353 0.136364
0 0.510144 0.123107 0.552941 0.136364
0 0.670588 0.123107 0.870588 0.136364
0 0.898379 0.123107 0.941176 0.136364
0 0.287255 0.153409 0.301961 0.164773
0 0.428431 0.153407 0.443137 0.164770
0 0.604902 0.153407 0.619608 0.164770
0 0.769608 0.153409 0.784314 0.164773
0 0.105882 0.181808 0.705882 0.196972
0 0.705882 0.179294 0.941176 0.196972
0 0.105882 0.209595 0.941176 0.227273
0 0.105882 0.242300 0.941176 0.257577
0 0.105882 0.272723 0.705882 0.287881
0 0.705882 0.272717 0.941176 0.287881
0 0.105882 0.303024 0.505882 0.363636
0 0.505882 0.303024 0.941176 0.363636
0 0.105882 0.378783 0.505882 0.439395
0 0.505882 0.379458 0.941176 0.439395
0 0.105882 0.454542 0.941176 0.484850
0 0.105882 0.499876 0.941176 0.515153
0 0.109804 0.547347 0.124510 0.558711
0 0.109804 0.577652 0.124510 0.589015
0 0.109804 0.607952 0.124510 0.619316
0 0.109804 0.638256 0.124510 0.649620
0 0.109804 0.668561 0.124510 0.679924
0 0.533333 0.547347 0.548039 0.558711
0 0.752941 0.545455 0.941176 0.562616
0 0.533333 0.607952 0.548039 0.619316
0 0.708260 0.636364 0.941176 0.651518
0 0.708260 0.651518 0.941176 0.666672
0 0.708260 0.666672 0.941176 0.681822
0 0.533333 0.698869 0.548039 0.710232
0 0.708260 0.727273 0.941176 0.742427
0 0.708260 0.742423 0.941176 0.757573
0 0.823529 0.787878 0.941176 0.803028
0 0.823529 0.818178 0.941176 0.833328
