0 0.058824 0.118686 0.751716 0.136364
0 0.754575 0.118686 0.941176 0.136364
0 0.085621 0.166668 0.387010 0.196972
0 0.388235 0.181819 0.517647 0.196972
0 0.517647 0.181819 0.635294 0.196972
0 0.635294 0.181819 0.763480 0.196972
0 0.764706 0.181819 0.795425 0.196972
0 0.811765 0.181819 0.941176 0.196972
0 0.058824 0.196972 0.387010 0.227277
0 0.388235 0.212124 0.517647 0.227277
0 0.517647 0.212124 0.635294 0.227277
0 0.635294 0.212124 0.763480 0.227277
0 0.764706 0.212124 0.795425 0.227277
0 0.811765 0.212124 0.941176 0.227277
0 0.058824 0.227277 0.387010 0.257581
0 0.388235 0.242428 0.517647 0.257581
0 0.517647 0.242428 0.635294 0.257581
0 0.635294 0.242428 0.763480 0.257581
0 0.764706 0.242428 0.795425 0.257581
0 0.811765 0.242428 0.941176 0.257581
0 0.058824 0.257581 0.387010 0.287885
0 0.388235 0.272732 0.517647 0.287885
0 0.517647 0.272732 0.635294 0.287885
0 0.635294 0.272732 0.763480 0.287885
0 0.764706 0.272732 0.795425 0.287885
0 0.811765 0.272732 0.941176 0.287885
0 0.058824 0.287885 0.387010 0.318189
0 0.388235 0.303037 0.517647 0.318189
0 0.517647 0.303037 0.635294 0.318189
0 0.635294 0.303037 0.763480 0.318189
0 0.764706 0.303037 0.795425 0.318189
0 0.811765 0.303037 0.941176 0.318189
0 0.058824 0.318189 0.387010 0.348494
0 0.388235 0.333341 0.517647 0.348494
0 0.517647 0.333341 0.635294 0.348494
0 0.635294 0.333341 0.763480 0.348494
0 0.764706 0.333341 0.795425 0.348494
0 0.811765 0.333341 0.941176 0.348494
0 0.811765 0.363636 0.941176 0.378787
0 0.811765 0.393941 0.941176 0.409091
