0 0.058826 0.133845 0.635319 0.151524
0 0.058826 0.164147 0.635319 0.181826
0 0.058826 0.194452 0.635319 0.212131
0 0.635319 0.133845 0.941213 0.151524
0 0.635319 0.164147 0.941213 0.181826
0 0.635319 0.194452 0.941213 0.212131
0 0.058826 0.239909 0.635319 0.257587
0 0.058826 0.270214 0.635319 0.287893
0 0.058826 0.300516 0.635319 0.318195
0 0.635319 0.239909 0.941213 0.257587
0 0.635319 0.270214 0.941213 0.287893
0 0.635319 0.300516 0.941213 0.318195
0 0.058826 0.330821 0.635319 0.348500
0 0.635319 0.330821 0.941213 0.348500
0 0.447076 0.378802 0.600024 0.393953
0 0.840556 0.411632 0.853628 0.421733
0 0.899382 0.411632 0.912454 0.421733
0 0.447076 0.439413 0.600024 0.454564
0 0.675843 0.441937 0.688916 0.452038
0 0.793495 0.441937 0.806568 0.452038
0 0.858857 0.439413 0.941213 0.454564
0 0.840556 0.487393 0.853628 0.497495
0 0.899382 0.487393 0.912454 0.497495
0 0.058826 0.512561 0.635319 0.530326
0 0.635319 0.512647 0.941213 0.530326
0 0.840556 0.548001 0.853628 0.558102
0 0.899382 0.548001 0.912454 0.558102
0 0.541198 0.636389 0.788266 0.651540
0 0.541198 0.681846 0.788266 0.696997
