0 0.541198 0.106064 0.941213 0.121215
0 0.058826 0.133845 0.704684 0.151524
0 0.705910 0.133845 0.941213 0.151524
0 0.058826 0.164147 0.704684 0.181826
0 0.705910 0.164147 0.941213 0.181826
0 0.107357 0.231700 0.120430 0.241801
0 0.823562 0.257587 0.941213 0.272738
0 0.107357 0.277156 0.120430 0.287258
0 0.823562 0.303044 0.941213 0.318195
0 0.823562 0.318195 0.941213 0.333346
0 0.085623 0.487393 0.098695 0.497495
0 0.188243 0.484869 0.541198 0.500023
0 0.729440 0.477292 0.847092 0.500020
0 0.085623 0.548001 0.098695 0.558102
0 0.085623 0.638913 0.098695 0.649015
0 0.188243 0.636389 0.541198 0.651543
0 0.729440 0.628812 0.847092 0.651540
0 0.085623 0.699521 0.098695 0.709622
0 0.670615 0.810638 0.929448 0.833366
