0 0.439233 0.106064 0.535315 0.121215
0 0.633358 0.106064 0.729440 0.121215
0 0.752317 0.106064 0.788266 0.121215
0 0.058826 0.133845 0.669389 0.151524
0 0.672249 0.133845 0.941213 0.151524
0 0.835327 0.166675 0.941213 0.181826
0 0.835327 0.181826 0.941213 0.196976
0 0.835327 0.196976 0.941213 0.212127
0 0.835327 0.212131 0.941213 0.227282
0 0.835327 0.227282 0.941213 0.242433
0 0.097388 0.487393 0.110460 0.497495
0 0.211773 0.484869 0.564728 0.500023
0 0.694145 0.484869 0.811797 0.500020
0 0.097388 0.548001 0.110460 0.558102
0 0.752971 0.590933 0.941213 0.606084
0 0.682380 0.651540 0.941213 0.666691
