0 0.058826 0.118690 0.717675 0.136369
0 0.717675 0.118690 0.941213 0.136369
0 0.920949 0.169199 0.934022 0.179300
0 0.920949 0.199501 0.934022 0.209602
0 0.920949 0.214655 0.934022 0.224757
0 0.800031 0.244959 0.813104 0.255061
0 0.870622 0.244959 0.883695 0.255061
0 0.132683 0.275262 0.145756 0.285364
0 0.132683 0.290413 0.145756 0.300515
0 0.253544 0.333346 0.494137 0.348496
0 0.680295 0.333346 0.941213 0.348561
0 0.181110 0.381326 0.194182 0.391427
0 0.428179 0.381326 0.441251 0.391427
0 0.710543 0.381326 0.723615 0.391427
0 0.145815 0.396481 0.158887 0.406582
0 0.635319 0.454564 0.752971 0.469715
0 0.752971 0.454564 0.788266 0.469715
0 0.788266 0.484869 0.905918 0.500020
0 0.905918 0.484869 0.941213 0.500020
0 0.635319 0.515171 0.752971 0.530322
0 0.752971 0.515171 0.788266 0.530322
0 0.788266 0.515175 0.905918 0.530326
0 0.905918 0.515175 0.941213 0.530326
0 0.635319 0.545477 0.752971 0.560627
0 0.752971 0.545477 0.788266 0.560627
0 0.788266 0.575782 0.905918 0.590933
0 0.905918 0.575782 0.941213 0.590933
0 0.635319 0.606084 0.752971 0.621235
0 0.752971 0.606084 0.788266 0.621235
0 0.788266 0.606088 0.905918 0.621238
0 0.905918 0.606088 0.941213 0.621238
0 0.635319 0.621238 0.752971 0.636389
0 0.752971 0.621238 0.788266 0.636389
0 0.635319 0.636389 0.752971 0.651540
0 0.752971 0.636389 0.788266 0.651540
0 0.788266 0.681846 0.905918 0.696997
0 0.905918 0.681846 0.941213 0.696997
0 0.635319 0.696997 0.752971 0.712148
0 0.752971 0.696997 0.788266 0.712148
0 0.788266 0.712151 0.905918 0.727302
0 0.905918 0.712151 0.941213 0.727302
0 0.635319 0.742453 0.752971 0.757604
0 0.752971 0.742453 0.788266 0.757604
0 0.788266 0.742457 0.905918 0.757608
0 0.905918 0.742457 0.941213 0.757608
0 0.635319 0.757608 0.752971 0.772758
0 0.752971 0.757608 0.788266 0.772758
0 0.788266 0.757608 0.905918 0.772758
0 0.905918 0.757608 0.941213 0.772758
0 0.635319 0.772758 0.752971 0.787909
0 0.752971 0.772758 0.788266 0.787909
0 0.788266 0.772758 0.905918 0.787909
0 0.905918 0.772758 0.941213 0.787909
0 0.635319 0.787909 0.752971 0.803060
0 0.752971 0.787909 0.788266 0.803060
0 0.788266 0.787909 0.905918 0.803060
0 0.905918 0.787909 0.941213 0.803060
0 0.635319 0.803064 0.752971 0.818215
0 0.752971 0.803064 0.788266 0.818215
0 0.788266 0.803064 0.905918 0.818215
0 0.905918 0.803064 0.941213 0.818215
0 0.635319 0.818215 0.752971 0.833366
0 0.752971 0.818215 0.788266 0.833366
0 0.788266 0.818215 0.905918 0.833366
0 0.905918 0.818215 0.941213 0.833366
0 0.635319 0.833366 0.752971 0.848517
0 0.752971 0.833366 0.788266 0.848517
0 0.788266 0.833366 0.905918 0.848517
0 0.905918 0.833366 0.941213 0.848517
0 0.635319 0.848520 0.752971 0.863671
0 0.752971 0.848520 0.788266 0.863671
0 0.788266 0.848520 0.905918 0.863671
0 0.905918 0.848520 0.941213 0.863671
0 0.635319 0.878822 0.752971 0.893973
0 0.752971 0.878822 0.788266 0.893973
0 0.788266 0.878826 0.905918 0.893977
0 0.905918 0.878826 0.941213 0.893977
0 0.635319 0.893977 0.752971 0.909128
0 0.752971 0.893977 0.788266 0.909128
0 0.788266 0.893977 0.905918 0.909128
0 0.905918 0.893977 0.941213 0.909128
0 0.635319 0.924279 0.752971 0.939429
0 0.752971 0.924279 0.788266 0.939429
0 0.788266 0.939433 0.905918 0.954584
0 0.905918 0.939433 0.941213 0.954584
