0 0.058826 0.118690 0.739980 0.136369
0 0.741206 0.118690 0.939988 0.136369
0 0.058826 0.148996 0.445851 0.166675
0 0.448710 0.148996 0.822336 0.166675
0 0.823562 0.148996 0.870622 0.166675
0 0.870622 0.148996 0.941213 0.166675
0 0.752971 0.181826 0.835327 0.196976
0 0.858857 0.181826 0.941213 0.196976
0 0.776501 0.196976 0.941213 0.212127
0 0.776501 0.212131 0.941213 0.227282
0 0.804664 0.229806 0.817736 0.239907
0 0.875255 0.229806 0.888327 0.239907
0 0.447076 0.244957 0.460149 0.255058
0 0.611789 0.244957 0.624861 0.255058
0 0.058826 0.272727 0.941213 0.287893
0 0.058826 0.303040 0.400016 0.318195
0 0.400016 0.303040 0.941213 0.318195
0 0.105887 0.335870 0.118959 0.345971
0 0.105887 0.351024 0.118959 0.361126
0 0.294129 0.335870 0.307202 0.345971
0 0.294129 0.351024 0.307202 0.361126
0 0.541198 0.335870 0.554270 0.345971
0 0.694145 0.393957 0.941213 0.409107
0 0.792188 0.409107 0.941213 0.424258
0 0.435311 0.457088 0.448384 0.467189
0 0.435311 0.472239 0.448384 0.482340
0 0.564728 0.457088 0.577800 0.467189
0 0.564728 0.472239 0.577800 0.482340
0 0.694145 0.457088 0.707217 0.467189
0 0.694145 0.472239 0.707217 0.482340
0 0.823562 0.457088 0.836634 0.467189
0 0.823562 0.472239 0.836634 0.482340
0 0.423546 0.484866 0.681154 0.515171
0 0.684014 0.484866 0.941213 0.515171
0 0.423546 0.530323 0.682380 0.545477
0 0.682380 0.530323 0.941213 0.545477
0 0.423546 0.560629 0.682380 0.575782
0 0.682380 0.560629 0.941213 0.575782
0 0.058826 0.636389 0.551737 0.651544
0 0.552963 0.636389 0.752971 0.651544
0 0.776501 0.636389 0.941213 0.651540
0 0.058826 0.666692 0.445851 0.681846
0 0.448710 0.666692 0.822336 0.681846
0 0.823562 0.666692 0.870622 0.681846
0 0.870622 0.666692 0.941213 0.681846
0 0.058826 0.696997 0.551737 0.712151
0 0.552963 0.696997 0.752971 0.712151
0 0.776501 0.696997 0.941213 0.712148
0 0.058826 0.727303 0.445851 0.742457
0 0.448710 0.727303 0.822336 0.742457
0 0.823562 0.727303 0.870622 0.742457
0 0.870622 0.727303 0.941213 0.742457
