0 0.058826 0.128792 0.692919 0.143943
0 0.695779 0.128792 0.941213 0.143943
0 0.788266 0.214024 0.801339 0.224125
0 0.877159 0.214024 0.890231 0.224125
0 0.823562 0.257587 0.941213 0.272738
0 0.823562 0.303044 0.941213 0.318195
0 0.823562 0.348500 0.941213 0.363651
0 0.823562 0.363651 0.941213 0.378802
0 0.823562 0.393957 0.941213 0.409107
0 0.823562 0.424258 0.941213 0.439409
0 0.823562 0.439413 0.941213 0.454564
0 0.670615 0.454564 0.787041 0.469715
0 0.670615 0.469715 0.787041 0.484866
0 0.823562 0.484869 0.941213 0.500020
0 0.823562 0.500020 0.941213 0.515171
0 0.823562 0.515171 0.941213 0.530322
0 0.823562 0.575782 0.941213 0.590933
0 0.823562 0.621238 0.941213 0.636389
0 0.823562 0.636389 0.941213 0.651540
0 0.823562 0.651540 0.941213 0.666691
0 0.823562 0.681846 0.941213 0.696997
0 0.763429 0.714674 0.776501 0.724776
0 0.823562 0.757608 0.941213 0.772758
0 0.823562 0.818215 0.941213 0.833366
0 0.823562 0.833366 0.941213 0.848517
0 0.823562 0.848520 0.941213 0.863671
0 0.823562 0.878822 0.941213 0.893973
