0 0.058826 0.136370 0.620286 0.166675
0 0.626822 0.136370 0.941213 0.166675
0 0.105887 0.183718 0.118959 0.193820
0 0.247069 0.183718 0.260141 0.193820
0 0.823562 0.169199 0.836634 0.179300
0 0.894153 0.169199 0.907225 0.179300
0 0.677353 0.181826 0.941213 0.196976
0 0.058826 0.227283 0.620286 0.257587
0 0.626822 0.227283 0.941213 0.257587
0 0.058826 0.272740 0.941213 0.303044
0 0.058826 0.318196 0.941213 0.348500
0 0.058826 0.378803 0.526164 0.454564
0 0.532701 0.378803 0.941213 0.409107
0 0.532701 0.424260 0.941213 0.454564
0 0.058826 0.484867 0.526164 0.530326
0 0.858857 0.500020 0.917683 0.515171
0 0.858857 0.515171 0.917683 0.530322
0 0.086605 0.545477 0.290861 0.575782
0 0.318640 0.545477 0.526164 0.575782
0 0.553943 0.545477 0.737937 0.575782
0 0.765716 0.545477 0.941213 0.575782
0 0.881080 0.593457 0.894153 0.603558
0 0.916376 0.593457 0.929448 0.603558
0 0.881080 0.608608 0.894153 0.618709
0 0.916376 0.608608 0.929448 0.618709
0 0.843092 0.638913 0.856164 0.649015
0 0.881080 0.638913 0.894153 0.649015
0 0.916376 0.638913 0.929448 0.649015
0 0.881080 0.661642 0.894153 0.671743
0 0.916376 0.661642 0.929448 0.671743
0 0.881080 0.684370 0.894153 0.694471
0 0.916376 0.684370 0.929448 0.694471
0 0.881080 0.699521 0.894153 0.709622
0 0.916376 0.699521 0.929448 0.709622
0 0.881080 0.714675 0.894153 0.724777
0 0.916376 0.714675 0.929448 0.724777
0 0.881080 0.729826 0.894153 0.739928
0 0.916376 0.729826 0.929448 0.739928
0 0.881080 0.744977 0.894153 0.755079
0 0.916376 0.744977 0.929448 0.755079
