0 0.189550 0.106064 0.221904 0.120583
0 0.367335 0.106064 0.552963 0.120583
0 0.582376 0.106064 0.611789 0.120583
0 0.696759 0.106064 0.882388 0.120583
0 0.911800 0.106064 0.939579 0.120583
0 0.058826 0.133845 0.704276 0.151524
0 0.707544 0.133845 0.941213 0.151524
0 0.058826 0.164147 0.941213 0.181826
0 0.058826 0.194452 0.941213 0.212131
0 0.058826 0.224758 0.941213 0.242437
0 0.106540 0.290413 0.119613 0.300515
0 0.106540 0.305568 0.119613 0.315669
0 0.106540 0.351024 0.119613 0.361126
0 0.106540 0.366175 0.119613 0.376277
0 0.106540 0.396481 0.119613 0.406582
0 0.106540 0.426782 0.119613 0.436884
0 0.541851 0.290413 0.554924 0.300515
0 0.541851 0.335870 0.554924 0.345971
0 0.541851 0.351024 0.554924 0.361126
0 0.541851 0.366175 0.554924 0.376277
0 0.541851 0.381326 0.554924 0.391427
0 0.541851 0.411632 0.554924 0.421733
0 0.541851 0.426782 0.554924 0.436884
0 0.541851 0.441937 0.554924 0.452038
0 0.106540 0.502544 0.119613 0.512646
0 0.341843 0.502544 0.354916 0.512646
0 0.541851 0.502544 0.554924 0.512646
0 0.200008 0.545477 0.941213 0.560627
0 0.058826 0.618711 0.941213 0.636389
0 0.058826 0.649016 0.941213 0.666695
0 0.058826 0.679322 0.941213 0.697000
0 0.058826 0.712151 0.941213 0.727302
0 0.058826 0.739929 0.941213 0.757608
0 0.058826 0.770234 0.941213 0.787913
0 0.058826 0.800536 0.941213 0.818215
0 0.152947 0.909128 0.623554 0.924282
0 0.635319 0.909128 0.941213 0.924282
