0 0.058826 0.118690 0.704684 0.136369
0 0.705910 0.118690 0.941213 0.136369
0 0.058826 0.148996 0.941213 0.166675
0 0.058826 0.181088 0.941213 0.196980
0 0.058826 0.209603 0.681154 0.242433
0 0.682380 0.209603 0.941213 0.242433
0 0.058826 0.255060 0.941213 0.287889
0 0.058826 0.300516 0.941213 0.318195
0 0.058826 0.330821 0.941213 0.378802
0 0.058826 0.391429 0.529433 0.409107
0 0.529433 0.391429 0.941213 0.409107
0 0.093149 0.424258 0.941213 0.439409
0 0.086278 0.457088 0.099350 0.467189
0 0.223538 0.454564 0.282364 0.469715
0 0.086278 0.472239 0.099350 0.482340
0 0.247069 0.469715 0.447076 0.484866
0 0.482372 0.469715 0.541198 0.484866
0 0.635319 0.469715 0.823562 0.484866
0 0.858857 0.469715 0.917683 0.484866
