0 0.058826 0.133845 0.739980 0.151524
0 0.742840 0.133845 0.941213 0.151524
0 0.058826 0.164147 0.492911 0.212127
0 0.495771 0.164147 0.941213 0.212127
0 0.105887 0.244957 0.118959 0.255058
0 0.105887 0.260112 0.118959 0.270213
0 0.541198 0.250010 0.647084 0.265161
0 0.105887 0.290413 0.118959 0.300515
0 0.364720 0.290413 0.377793 0.300515
0 0.552963 0.290413 0.566035 0.300515
0 0.105887 0.305568 0.118959 0.315669
0 0.364720 0.305568 0.377793 0.315669
0 0.800031 0.320719 0.813104 0.330820
0 0.882388 0.320719 0.895460 0.330820
0 0.800031 0.333346 0.941213 0.348496
0 0.800031 0.348500 0.941213 0.363651
0 0.800031 0.393957 0.941213 0.409107
0 0.800031 0.424258 0.941213 0.439409
0 0.800031 0.439413 0.941213 0.454564
0 0.800031 0.469715 0.941213 0.484866
0 0.800031 0.515171 0.941213 0.530322
0 0.800031 0.530326 0.941213 0.545477
0 0.800031 0.548001 0.813104 0.558102
0 0.882388 0.548001 0.895460 0.558102
0 0.800031 0.563152 0.813104 0.573253
0 0.882388 0.563152 0.895460 0.573253
0 0.800031 0.578306 0.813104 0.588408
0 0.882388 0.578306 0.895460 0.588408
0 0.800031 0.608608 0.813104 0.618709
0 0.882388 0.608608 0.895460 0.618709
0 0.211773 0.621238 0.941213 0.636389
0 0.800031 0.654064 0.813104 0.664166
0 0.882388 0.654064 0.895460 0.664166
0 0.211773 0.666695 0.941213 0.681846
0 0.800031 0.684370 0.813104 0.694471
0 0.882388 0.684370 0.895460 0.694471
0 0.105887 0.712151 0.941213 0.727302
0 0.105887 0.742453 0.941213 0.757604
0 0.105887 0.757608 0.941213 0.772758
0 0.105887 0.787909 0.941213 0.803060
0 0.105887 0.818215 0.941213 0.833366
0 0.105887 0.848520 0.941213 0.863671
0 0.105887 0.878822 0.941213 0.893973
