0 0.058826 0.118690 0.763510 0.136369
0 0.764736 0.118690 0.941213 0.136369
0 0.670615 0.242433 0.787041 0.257584
0 0.823562 0.272738 0.941213 0.287889
0 0.670615 0.356074 0.787041 0.371225
0 0.823562 0.386379 0.941213 0.401530
0 0.670615 0.469715 0.787041 0.484866
0 0.823562 0.500020 0.941213 0.515171
0 0.670615 0.583356 0.787041 0.598507
0 0.823562 0.613661 0.941213 0.628812
0 0.670615 0.712151 0.787041 0.727302
0 0.823562 0.742453 0.941213 0.757604
0 0.670615 0.825792 0.787041 0.840943
0 0.823562 0.856094 0.941213 0.871245
0 0.823562 0.886399 0.941213 0.901550
0 0.823562 0.931856 0.941213 0.947007
