0 0.378119 0.106064 0.517667 0.121215
0 0.519301 0.106064 0.658849 0.121215
0 0.660483 0.106064 0.800031 0.121215
0 0.801665 0.106064 0.941213 0.121215
0 0.376485 0.121215 0.517667 0.136365
0 0.517667 0.121215 0.658849 0.136365
0 0.658849 0.121215 0.800031 0.136365
0 0.800031 0.121215 0.941213 0.136365
0 0.376485 0.136365 0.517667 0.151516
0 0.517667 0.136365 0.658849 0.151516
0 0.658849 0.136365 0.800031 0.151516
0 0.800031 0.136365 0.941213 0.151516
0 0.378119 0.151516 0.517667 0.166667
0 0.519301 0.151516 0.658849 0.166667
0 0.660483 0.151516 0.800031 0.166667
0 0.801665 0.151516 0.941213 0.166667
0 0.376485 0.166667 0.517667 0.181818
0 0.517667 0.166667 0.658849 0.181818
0 0.658849 0.166667 0.800031 0.181818
0 0.800031 0.166667 0.941213 0.181818
0 0.378119 0.181818 0.517667 0.196969
0 0.519301 0.181818 0.658849 0.196969
0 0.660483 0.181818 0.800031 0.196969
0 0.801665 0.181818 0.941213 0.196969
0 0.425507 0.199493 0.438579 0.209594
0 0.425507 0.214648 0.438579 0.224749
0 0.566689 0.199493 0.579761 0.209594
0 0.566689 0.214648 0.579761 0.224749
0 0.707871 0.199493 0.720943 0.209594
0 0.707871 0.214648 0.720943 0.224749
0 0.849053 0.199493 0.862125 0.209594
0 0.849053 0.214648 0.862125 0.224749
0 0.376485 0.242426 0.494137 0.257580
0 0.517667 0.242426 0.635319 0.257580
0 0.658849 0.242426 0.776501 0.257580
0 0.800031 0.242426 0.917683 0.257580
0 0.378119 0.257580 0.517667 0.272731
0 0.519301 0.257580 0.658849 0.272731
0 0.660483 0.257580 0.800031 0.272731
0 0.801665 0.257580 0.941213 0.272731
0 0.378119 0.272731 0.517667 0.287882
0 0.519301 0.272731 0.658849 0.287882
0 0.660483 0.272731 0.800031 0.287882
0 0.801665 0.272731 0.941213 0.287882
0 0.376485 0.287882 0.517667 0.303032
0 0.517667 0.287882 0.658849 0.303032
0 0.658849 0.287882 0.800031 0.303032
0 0.800031 0.287882 0.941213 0.303032
0 0.376485 0.348496 0.517667 0.363647
0 0.517667 0.348496 0.658849 0.363647
0 0.658849 0.348496 0.800031 0.363647
0 0.800031 0.348496 0.941213 0.363647
0 0.376485 0.363647 0.517667 0.378798
0 0.517667 0.363647 0.658849 0.378798
0 0.658849 0.363647 0.800031 0.378798
0 0.800031 0.363647 0.941213 0.378798
0 0.376485 0.378798 0.517667 0.393949
0 0.517667 0.378798 0.658849 0.393949
0 0.658849 0.378798 0.800031 0.393949
0 0.800031 0.378798 0.941213 0.393949
0 0.376485 0.393949 0.516442 0.409100
0 0.517667 0.393949 0.657624 0.409100
0 0.658849 0.393949 0.798806 0.409100
0 0.800031 0.393949 0.941213 0.409100
0 0.376485 0.409100 0.516442 0.424251
0 0.517667 0.409100 0.657624 0.424251
0 0.658849 0.409100 0.798806 0.424251
0 0.800031 0.409100 0.941213 0.424251
0 0.376485 0.424251 0.516442 0.439402
0 0.517667 0.424251 0.657624 0.439402
0 0.658849 0.424251 0.798806 0.439402
0 0.800031 0.424251 0.941213 0.439402
0 0.376485 0.454554 0.516442 0.469707
0 0.517667 0.454554 0.657624 0.469707
0 0.658849 0.454554 0.798806 0.469707
0 0.800031 0.454554 0.941213 0.469707
0 0.376485 0.484859 0.517667 0.500013
0 0.517667 0.484859 0.658849 0.500013
0 0.658849 0.484859 0.800031 0.500013
0 0.800031 0.484859 0.941213 0.500013
0 0.376485 0.500013 0.516442 0.515163
0 0.517667 0.500013 0.657624 0.515163
0 0.658849 0.500013 0.798806 0.515163
0 0.800031 0.500013 0.941213 0.515163
0 0.376485 0.515163 0.494137 0.530314
0 0.517667 0.515163 0.635319 0.530314
0 0.658849 0.515163 0.776501 0.530314
0 0.800031 0.515163 0.917683 0.530314
0 0.376485 0.530314 0.516442 0.545465
0 0.517667 0.530314 0.657624 0.545465
0 0.658849 0.530314 0.798806 0.545465
0 0.800031 0.530314 0.941213 0.545465
0 0.376485 0.621236 0.516442 0.636389
0 0.517667 0.621236 0.657624 0.636389
0 0.658849 0.621236 0.798806 0.636389
0 0.800031 0.621236 0.941213 0.636389
0 0.376485 0.651541 0.516442 0.666695
0 0.517667 0.651541 0.657624 0.666695
0 0.658849 0.651541 0.798806 0.666695
0 0.800031 0.651541 0.941213 0.666695
0 0.376485 0.666695 0.516442 0.681846
0 0.517667 0.666695 0.657624 0.681846
0 0.658849 0.666695 0.798806 0.681846
0 0.800031 0.666695 0.941213 0.681846
0 0.376485 0.681846 0.516442 0.696997
0 0.517667 0.681846 0.657624 0.696997
0 0.658849 0.681846 0.798806 0.696997
0 0.800031 0.681846 0.941213 0.696997
0 0.376485 0.696997 0.516442 0.712148
0 0.517667 0.696997 0.657624 0.712148
0 0.658849 0.696997 0.798806 0.712148
0 0.800031 0.696997 0.941213 0.712148
0 0.376485 0.742452 0.516442 0.757604
0 0.517667 0.742452 0.657624 0.757604
0 0.658849 0.742452 0.798806 0.757604
0 0.800031 0.742452 0.941213 0.757604
0 0.823562 0.803064 0.941213 0.818215
0 0.823562 0.848520 0.941213 0.863671
