0 0.058824 0.118684 0.751716 0.136362
0 0.752941 0.118684 0.941176 0.136362
0 0.788235 0.136362 0.941176 0.151512
0 0.788235 0.166666 0.904657 0.181816
0 0.905882 0.166666 0.941176 0.181816
0 0.788235 0.181816 0.904657 0.196966
0 0.905882 0.181816 0.941176 0.196966
0 0.788235 0.196966 0.941176 0.212117
0 0.788235 0.212120 0.904657 0.227270
0 0.905882 0.212120 0.941176 0.227270
0 0.788235 0.227270 0.904657 0.242421
0 0.905882 0.227270 0.941176 0.242421
0 0.788235 0.257574 0.904657 0.272725
0 0.905882 0.257574 0.941176 0.272725
0 0.788235 0.287875 0.904657 0.303025
0 0.905882 0.287875 0.941176 0.303025
