0 0.058826 0.118690 0.752971 0.136369
0 0.752971 0.118690 0.941213 0.136369
0 0.058826 0.148996 0.752971 0.166675
0 0.752971 0.148996 0.941213 0.166675
0 0.059479 0.210235 0.080722 0.226649
0 0.129417 0.227282 0.258834 0.242433
0 0.294129 0.227282 0.343804 0.242433
0 0.435311 0.227282 0.576493 0.242433
0 0.611789 0.227282 0.651006 0.242433
0 0.059479 0.255691 0.080722 0.272106
0 0.059479 0.285996 0.080722 0.302411
0 0.129417 0.303044 0.258834 0.318195
0 0.294129 0.303044 0.343804 0.318195
0 0.435311 0.303044 0.564728 0.318195
0 0.600024 0.303044 0.639241 0.318195
0 0.059479 0.331453 0.080722 0.347868
0 0.388251 0.348500 0.552963 0.363651
0 0.588258 0.348500 0.627476 0.363651
0 0.823562 0.421103 0.844804 0.437518
0 0.894153 0.421103 0.915395 0.437518
0 0.823562 0.500020 0.941213 0.515171
0 0.823562 0.530326 0.941213 0.545477
0 0.823562 0.572623 0.844804 0.589038
0 0.894153 0.572623 0.915395 0.589038
0 0.811797 0.681846 0.941213 0.696997
0 0.811797 0.742453 0.941213 0.757604
0 0.811797 0.772758 0.941213 0.787909
0 0.811797 0.833366 0.941213 0.848517
0 0.811797 0.863671 0.941213 0.878822
0 0.811797 0.909128 0.941213 0.924279
