0 0.058826 0.133845 0.728215 0.151524
0 0.729440 0.133845 0.941213 0.151524
0 0.295763 0.164147 0.834101 0.181826
0 0.835327 0.164147 0.941213 0.181826
0 0.295763 0.212130 0.834101 0.227282
0 0.920949 0.215918 0.934022 0.226019
0 0.295763 0.239909 0.504677 0.257587
0 0.507536 0.239909 0.728215 0.257587
0 0.729440 0.239909 0.941213 0.257587
0 0.670615 0.272738 0.787041 0.287889
0 0.670615 0.287889 0.787041 0.303040
0 0.670615 0.318195 0.787041 0.333346
0 0.670615 0.348500 0.787041 0.363651
0 0.823562 0.363651 0.941213 0.378802
0 0.823562 0.409107 0.941213 0.424258
0 0.823562 0.439413 0.941213 0.454564
0 0.670615 0.469715 0.787041 0.484866
0 0.670615 0.484869 0.787041 0.500020
0 0.670615 0.515171 0.787041 0.530322
0 0.670615 0.545477 0.787041 0.560627
0 0.823562 0.560627 0.941213 0.575778
0 0.823562 0.606084 0.941213 0.621235
0 0.823562 0.636389 0.941213 0.651540
0 0.154581 0.724778 0.387025 0.742457
0 0.784630 0.715938 0.797703 0.726039
0 0.823562 0.724778 0.941213 0.742457
0 0.258834 0.742453 0.739980 0.757604
0 0.258834 0.757608 0.739980 0.772758
0 0.823562 0.742453 0.941213 0.757604
0 0.811797 0.757608 0.941213 0.772758
