0 0.058826 0.118690 0.716450 0.136369
0 0.717675 0.118690 0.941213 0.136369
0 0.094121 0.484869 0.398790 0.515175
0 0.400016 0.500021 0.529433 0.515175
0 0.529433 0.500021 0.611789 0.515175
0 0.611789 0.500021 0.741206 0.515175
0 0.774213 0.498759 0.790554 0.511386
0 0.823562 0.500021 0.941213 0.515175
0 0.094121 0.515175 0.398790 0.545480
0 0.400016 0.530327 0.529433 0.545480
0 0.529433 0.530327 0.611789 0.545480
0 0.611789 0.530327 0.741206 0.545480
0 0.774213 0.529064 0.790554 0.541691
0 0.823562 0.530327 0.941213 0.545480
0 0.094121 0.545480 0.398790 0.575786
0 0.400016 0.560633 0.529433 0.575786
0 0.529433 0.560633 0.611789 0.575786
0 0.611789 0.560633 0.741206 0.575786
0 0.774213 0.559370 0.790554 0.571997
0 0.823562 0.560633 0.941213 0.575786
0 0.094121 0.575786 0.398790 0.606091
0 0.400016 0.590938 0.529433 0.606091
0 0.529433 0.590938 0.611789 0.606091
0 0.611789 0.590938 0.741206 0.606091
0 0.774213 0.589675 0.790554 0.602302
0 0.823562 0.590938 0.941213 0.606091
0 0.094121 0.606091 0.398790 0.636397
0 0.400016 0.621244 0.529433 0.636397
0 0.529433 0.621244 0.611789 0.636397
0 0.611789 0.621244 0.741206 0.636397
0 0.774213 0.619981 0.790554 0.632608
0 0.823562 0.621244 0.941213 0.636397
0 0.823562 0.651540 0.941213 0.666691
0 0.786632 0.666695 0.788266 0.681846
0 0.670615 0.727302 0.787041 0.742453
0 0.823562 0.742453 0.941213 0.757604
0 0.823562 0.757608 0.941213 0.772758
0 0.823562 0.772758 0.941213 0.787909
0 0.823562 0.787909 0.941213 0.803060
0 0.823562 0.818215 0.941213 0.833366
