0 0.058826 0.118690 0.751745 0.136369
0 0.752971 0.118690 0.941213 0.136369
0 0.800031 0.166675 0.941213 0.181826
0 0.800031 0.196976 0.941213 0.212127
0 0.800031 0.212131 0.941213 0.227282
0 0.800031 0.227282 0.941213 0.242433
0 0.800031 0.257587 0.941213 0.272738
0 0.800031 0.272738 0.941213 0.287889
0 0.800031 0.287889 0.941213 0.303040
0 0.800031 0.303044 0.941213 0.318195
0 0.800031 0.318195 0.941213 0.333346
0 0.800031 0.333346 0.941213 0.348496
0 0.800031 0.348500 0.941213 0.363651
0 0.800031 0.378802 0.941213 0.393953
0 0.800031 0.424258 0.941213 0.439409
0 0.800031 0.469715 0.941213 0.484866
0 0.800031 0.484869 0.941213 0.500020
0 0.800031 0.500020 0.941213 0.515171
0 0.800031 0.515171 0.941213 0.530322
0 0.800031 0.560627 0.941213 0.575778
0 0.623554 0.606084 0.763510 0.621235
0 0.623554 0.621238 0.763510 0.636389
0 0.800031 0.636389 0.941213 0.651540
0 0.800031 0.666695 0.941213 0.681846
0 0.800031 0.712151 0.941213 0.727302
0 0.800031 0.757608 0.941213 0.772758
0 0.800031 0.803064 0.941213 0.818215
