0 0.058826 0.133845 0.692919 0.151524
0 0.695779 0.133845 0.941213 0.151524
0 0.058826 0.164151 0.692919 0.181829
0 0.695779 0.164151 0.941213 0.181829
0 0.458841 0.257589 0.575268 0.272742
0 0.576493 0.257589 0.692919 0.272742
0 0.694145 0.257589 0.822336 0.272742
0 0.823562 0.257589 0.941213 0.272742
0 0.458841 0.318200 0.575268 0.333353
0 0.576493 0.318200 0.692919 0.333353
0 0.694145 0.318200 0.822336 0.333353
0 0.823562 0.318200 0.941213 0.333353
0 0.458841 0.348505 0.575268 0.363659
0 0.576493 0.348505 0.692919 0.363659
0 0.694145 0.348505 0.822336 0.363659
0 0.823562 0.348505 0.941213 0.363659
0 0.458841 0.378811 0.575268 0.393964
0 0.576493 0.378811 0.692919 0.393964
0 0.694145 0.378811 0.822336 0.393964
0 0.823562 0.378811 0.941213 0.393964
0 0.458841 0.409116 0.575268 0.424270
0 0.576493 0.409116 0.692919 0.424270
0 0.694145 0.409116 0.822336 0.424270
0 0.823562 0.409116 0.941213 0.424270
0 0.458841 0.439422 0.575268 0.454575
0 0.576493 0.439422 0.692919 0.454575
0 0.694145 0.439422 0.822336 0.454575
0 0.823562 0.439422 0.941213 0.454575
0 0.458841 0.469727 0.575268 0.484881
0 0.576493 0.469727 0.692919 0.484881
0 0.694145 0.469727 0.822336 0.484881
0 0.823562 0.469727 0.941213 0.484881
0 0.458841 0.500033 0.575268 0.515186
0 0.576493 0.500033 0.692919 0.515186
0 0.694145 0.500033 0.822336 0.515186
0 0.823562 0.500033 0.941213 0.515186
0 0.458841 0.530338 0.575268 0.545492
0 0.576493 0.530338 0.692919 0.545492
0 0.694145 0.530338 0.822336 0.545492
0 0.823562 0.530338 0.941213 0.545492
0 0.458841 0.560644 0.575268 0.575797
0 0.576493 0.560644 0.692919 0.575797
0 0.694145 0.560644 0.822336 0.575797
0 0.823562 0.560644 0.941213 0.575797
0 0.458841 0.590949 0.575268 0.606103
0 0.576493 0.590949 0.692919 0.606103
0 0.694145 0.590949 0.822336 0.606103
0 0.823562 0.590949 0.941213 0.606103
0 0.458841 0.621255 0.575268 0.636408
0 0.576493 0.621255 0.692919 0.636408
0 0.694145 0.621255 0.822336 0.636408
0 0.823562 0.621255 0.941213 0.636408
0 0.458841 0.651560 0.575268 0.666714
0 0.576493 0.651560 0.692919 0.666714
0 0.694145 0.651560 0.822336 0.666714
0 0.823562 0.651560 0.941213 0.666714
0 0.458841 0.681866 0.575268 0.697019
0 0.576493 0.681866 0.692919 0.697019
0 0.694145 0.681866 0.822336 0.697019
0 0.823562 0.681866 0.941213 0.697019
0 0.458841 0.712171 0.575268 0.727325
0 0.576493 0.712171 0.692919 0.727325
0 0.694145 0.712171 0.822336 0.727325
0 0.823562 0.712171 0.941213 0.727325
0 0.458841 0.742477 0.575268 0.757630
0 0.576493 0.742477 0.692919 0.757630
0 0.694145 0.742477 0.822336 0.757630
0 0.823562 0.742477 0.941213 0.757630
0 0.458841 0.772783 0.575268 0.787936
0 0.576493 0.772783 0.692919 0.787936
0 0.694145 0.772783 0.822336 0.787936
0 0.823562 0.772783 0.941213 0.787936
0 0.458841 0.803088 0.575268 0.818241
0 0.576493 0.803088 0.692919 0.818241
0 0.694145 0.803088 0.822336 0.818241
0 0.823562 0.803088 0.941213 0.818241
0 0.458841 0.833393 0.575268 0.848547
0 0.576493 0.833393 0.692919 0.848547
0 0.694145 0.833393 0.822336 0.848547
0 0.823562 0.833393 0.941213 0.848547
0 0.458841 0.863699 0.575268 0.878852
0 0.576493 0.863699 0.692919 0.878852
0 0.694145 0.863699 0.822336 0.878852
0 0.823562 0.863699 0.941213 0.878852
0 0.458841 0.909157 0.575268 0.924309
0 0.576493 0.909157 0.692919 0.924309
0 0.694145 0.909157 0.822336 0.924309
0 0.823562 0.909157 0.941213 0.924309
