0 0.111115 0.108588 0.124188 0.118689
0 0.440540 0.108588 0.453613 0.118689
0 0.823562 0.106064 0.941213 0.121215
0 0.823562 0.121218 0.941213 0.136369
0 0.823562 0.151520 0.941213 0.166671
0 0.609991 0.182457 0.623064 0.192558
0 0.823562 0.204554 0.941213 0.219705
0 0.823562 0.234859 0.941213 0.250010
0 0.823562 0.265161 0.941213 0.280312
0 0.823562 0.295466 0.941213 0.310617
0 0.823562 0.325772 0.941213 0.340923
0 0.111115 0.388903 0.124188 0.399005
0 0.287593 0.388903 0.300665 0.399005
0 0.111115 0.433728 0.124188 0.443830
0 0.287593 0.433728 0.300665 0.443830
0 0.823562 0.477292 0.941213 0.492443
0 0.823562 0.515171 0.941213 0.530322
0 0.823562 0.545477 0.941213 0.560627
0 0.823562 0.560627 0.941213 0.575778
0 0.609991 0.591564 0.623064 0.601666
0 0.823562 0.613661 0.941213 0.628812
0 0.823562 0.643967 0.941213 0.659118
0 0.823562 0.659118 0.941213 0.674268
0 0.823562 0.689423 0.941213 0.704574
0 0.823562 0.719725 0.941213 0.734876
