0 0.305894 0.136370 0.481146 0.151524
0 0.482372 0.136370 0.622328 0.151524
0 0.623554 0.136370 0.763510 0.151524
0 0.764736 0.136370 0.941213 0.151524
0 0.305894 0.166676 0.481146 0.181829
0 0.482372 0.166676 0.622328 0.181829
0 0.623554 0.166676 0.763510 0.181829
0 0.764736 0.166676 0.941213 0.181829
0 0.305894 0.196981 0.481146 0.212135
0 0.482372 0.196981 0.622328 0.212135
0 0.623554 0.196981 0.763510 0.212135
0 0.764736 0.196981 0.941213 0.212135
0 0.305894 0.242439 0.481146 0.257591
0 0.482372 0.242439 0.622328 0.257591
0 0.623554 0.242439 0.763510 0.257591
0 0.764736 0.242439 0.941213 0.257591
0 0.305894 0.287895 0.481146 0.303048
0 0.482372 0.287895 0.622328 0.303048
0 0.623554 0.287895 0.763510 0.303048
0 0.764736 0.287895 0.941213 0.303048
0 0.305894 0.318200 0.481146 0.333353
0 0.482372 0.318200 0.622328 0.333353
0 0.623554 0.318200 0.763510 0.333353
0 0.764736 0.318200 0.941213 0.333353
0 0.305894 0.393962 0.481146 0.409115
0 0.482372 0.393962 0.622328 0.409115
0 0.623554 0.393962 0.763510 0.409115
0 0.764736 0.393962 0.941213 0.409115
0 0.305894 0.484871 0.481146 0.500024
0 0.482372 0.484871 0.622328 0.500024
0 0.623554 0.484871 0.763510 0.500024
0 0.764736 0.484871 0.941213 0.500024
0 0.305894 0.515176 0.481146 0.530330
0 0.482372 0.515176 0.622328 0.530330
0 0.623554 0.515176 0.763510 0.530330
0 0.764736 0.515176 0.941213 0.530330
0 0.305894 0.560634 0.481146 0.575786
0 0.482372 0.560634 0.622328 0.575786
0 0.623554 0.560634 0.763510 0.575786
0 0.764736 0.560634 0.941213 0.575786
0 0.305894 0.606090 0.481146 0.621242
0 0.482372 0.606090 0.622328 0.621242
0 0.623554 0.606090 0.763510 0.621242
0 0.764736 0.606090 0.941213 0.621242
0 0.305894 0.636394 0.481146 0.651548
0 0.482372 0.636394 0.622328 0.651548
0 0.623554 0.636394 0.763510 0.651548
0 0.764736 0.636394 0.941213 0.651548
0 0.305894 0.712156 0.481146 0.727310
0 0.482372 0.712156 0.622328 0.727310
0 0.623554 0.712156 0.763510 0.727310
0 0.764736 0.712156 0.941213 0.727310
