0 0.058826 0.133845 0.728215 0.151524
0 0.729440 0.133845 0.941213 0.151524
0 0.225172 0.164147 0.834101 0.181826
0 0.835327 0.164147 0.941213 0.181826
0 0.225172 0.209604 0.798806 0.227282
0 0.920951 0.199503 0.934023 0.209604
0 0.225172 0.238664 0.457616 0.257587
0 0.460476 0.239909 0.728215 0.257587
0 0.729440 0.239909 0.941213 0.257587
0 0.670615 0.272738 0.787041 0.287889
0 0.670615 0.287889 0.787041 0.303040
0 0.670615 0.318195 0.787041 0.333346
0 0.670615 0.333346 0.787041 0.348496
0 0.823562 0.348500 0.941213 0.363651
0 0.823562 0.401530 0.941213 0.416681
0 0.823562 0.431836 0.941213 0.446987
0 0.670615 0.462141 0.787041 0.477292
0 0.670615 0.477292 0.787041 0.492443
0 0.670615 0.507598 0.787041 0.522748
0 0.670615 0.522748 0.787041 0.537899
0 0.823562 0.537899 0.941213 0.553050
0 0.823562 0.590933 0.941213 0.606084
0 0.823562 0.621238 0.941213 0.636389
0 0.142816 0.709623 0.387025 0.727302
0 0.786307 0.700783 0.799379 0.710885
0 0.823562 0.709623 0.941213 0.727302
0 0.235303 0.727302 0.739980 0.742453
0 0.235303 0.742453 0.739980 0.757604
0 0.811797 0.727302 0.941213 0.742453
0 0.811797 0.742453 0.941213 0.757604
