0 0.058826 0.118690 0.728215 0.136369
0 0.729440 0.118690 0.941213 0.136369
0 0.670615 0.151520 0.787041 0.166671
0 0.670615 0.181826 0.787041 0.196976
0 0.670615 0.212131 0.787041 0.227282
0 0.670615 0.242433 0.787041 0.257584
0 0.670615 0.272738 0.787041 0.287889
0 0.670615 0.303044 0.787041 0.318195
0 0.670615 0.333346 0.787041 0.348496
0 0.670615 0.363651 0.787041 0.378802
0 0.670615 0.393957 0.787041 0.409107
0 0.823562 0.424258 0.941213 0.439409
0 0.670615 0.454564 0.787041 0.469715
0 0.670615 0.484869 0.787041 0.500020
0 0.670615 0.515171 0.787041 0.530322
0 0.670615 0.545477 0.787041 0.560627
0 0.670615 0.575782 0.787041 0.590933
0 0.670615 0.606084 0.787041 0.621235
0 0.670615 0.636389 0.787041 0.651540
0 0.670615 0.666695 0.787041 0.681846
0 0.670615 0.696997 0.787041 0.712148
0 0.823562 0.727302 0.941213 0.742453
0 0.823562 0.757608 0.941213 0.772758
0 0.823562 0.787909 0.941213 0.803060
0 0.823562 0.818215 0.941213 0.833366
