0 0.058826 0.133845 0.739979 0.151524
0 0.741204 0.133845 0.941212 0.151524
0 0.811795 0.181825 0.941212 0.196976
0 0.811795 0.212131 0.941212 0.227282
0 0.811795 0.257587 0.941212 0.272738
0 0.811795 0.303043 0.941212 0.318194
0 0.811795 0.333345 0.941212 0.348496
0 0.811795 0.363651 0.941212 0.378801
0 0.811795 0.469714 0.941212 0.484865
0 0.811795 0.575781 0.941212 0.590932
0 0.811795 0.606083 0.941212 0.621234
0 0.647083 0.636389 0.775274 0.651539
0 0.647083 0.651539 0.775274 0.666690
0 0.647083 0.666694 0.775274 0.681845
0 0.647083 0.681845 0.775274 0.696996
0 0.811795 0.712150 0.941212 0.727301
0 0.811795 0.742452 0.941212 0.757603
0 0.811795 0.833365 0.941212 0.848516
