0 0.223538 0.106064 0.423546 0.120583
0 0.435311 0.106064 0.529433 0.121215
0 0.611789 0.106064 0.835327 0.120583
0 0.847092 0.106064 0.941213 0.121215
0 0.082356 0.136370 0.694145 0.166675
0 0.082356 0.181827 0.941213 0.196976
0 0.082356 0.212129 0.694145 0.227282
0 0.694145 0.146472 0.941213 0.166675
0 0.082356 0.242434 0.694145 0.257584
0 0.082356 0.272740 0.694145 0.287889
0 0.694145 0.212129 0.941213 0.227282
0 0.694145 0.242434 0.941213 0.257584
0 0.694145 0.272740 0.941213 0.287889
0 0.823562 0.393957 0.941213 0.409107
0 0.623554 0.424258 0.741206 0.439413
0 0.823562 0.439413 0.941213 0.454564
0 0.823562 0.484869 0.941213 0.500020
0 0.823562 0.575782 0.941213 0.590933
0 0.823562 0.590933 0.941213 0.606084
0 0.823562 0.621238 0.941213 0.636389
0 0.623554 0.681846 0.741206 0.696997
0 0.823562 0.696997 0.941213 0.712148
0 0.823562 0.712151 0.941213 0.727302
0 0.823562 0.772758 0.941213 0.787909
0 0.823562 0.803064 0.941213 0.818215
0 0.623554 0.833366 0.741206 0.848517
0 0.823562 0.848520 0.941213 0.863671
0 0.823562 0.878822 0.941213 0.893973
0 0.823562 0.909128 0.941213 0.924279
