0 0.325830 0.090913 0.352955 0.106064
0 0.482045 0.090913 0.552963 0.106064
0 0.577474 0.090913 0.600024 0.106064
0 0.676824 0.090913 0.747088 0.106064
0 0.771599 0.090913 0.794149 0.106064
0 0.483187 0.112377 0.496260 0.122478
0 0.800031 0.108589 0.917683 0.123741
0 0.058826 0.143944 0.610563 0.159097
0 0.611789 0.143944 0.941213 0.159097
0 0.131051 0.176772 0.144123 0.186874
0 0.366354 0.176772 0.379427 0.186874
0 0.554597 0.176772 0.567669 0.186874
0 0.742840 0.176772 0.755912 0.186874
0 0.178438 0.242433 0.682380 0.257584
0 0.747088 0.242433 0.941213 0.257584
0 0.800031 0.272738 0.941213 0.287889
0 0.816372 0.287889 0.941213 0.303040
0 0.800031 0.303044 0.941213 0.318195
0 0.816372 0.318195 0.941213 0.333346
0 0.815065 0.335870 0.828137 0.345971
0 0.885656 0.335870 0.898728 0.345971
0 0.800031 0.363651 0.941213 0.378802
0 0.816372 0.378802 0.941213 0.393953
0 0.815065 0.396481 0.828137 0.406582
0 0.885656 0.396481 0.898728 0.406582
0 0.448384 0.454564 0.598798 0.469715
0 0.601249 0.454564 0.775276 0.469715
0 0.777727 0.454564 0.941213 0.469715
0 0.448384 0.469715 0.598798 0.484866
0 0.601249 0.469715 0.775276 0.484866
0 0.777727 0.469715 0.941213 0.484866
0 0.448384 0.484866 0.598798 0.500016
0 0.601249 0.484866 0.775276 0.500016
0 0.777727 0.484866 0.941213 0.500016
0 0.448384 0.500016 0.598798 0.515167
0 0.601249 0.500016 0.775276 0.515167
0 0.777727 0.500016 0.941213 0.515167
0 0.448384 0.515167 0.598798 0.530318
0 0.601249 0.515167 0.775276 0.530318
0 0.777727 0.515167 0.941213 0.530318
0 0.448384 0.530318 0.598798 0.545469
0 0.601249 0.530318 0.775276 0.545469
0 0.777727 0.530318 0.941213 0.545469
0 0.448384 0.545469 0.598798 0.560620
0 0.601249 0.545469 0.775276 0.560620
0 0.777727 0.545469 0.941213 0.560620
0 0.448384 0.560620 0.598798 0.575771
0 0.601249 0.560620 0.775276 0.575771
0 0.777727 0.560620 0.941213 0.575771
0 0.448384 0.575771 0.598798 0.590922
0 0.601249 0.575771 0.775276 0.590922
0 0.777727 0.575771 0.941213 0.590922
0 0.448384 0.590922 0.598798 0.606072
0 0.601249 0.590922 0.775276 0.606072
0 0.777727 0.590922 0.941213 0.606072
0 0.448384 0.606072 0.598798 0.621223
0 0.601249 0.606072 0.775276 0.621223
0 0.777727 0.606072 0.941213 0.621223
0 0.448384 0.621223 0.598798 0.636374
0 0.601249 0.621223 0.775276 0.636374
0 0.777727 0.621223 0.941213 0.636374
0 0.448384 0.636374 0.598798 0.651525
0 0.601249 0.636374 0.775276 0.651525
0 0.777727 0.636374 0.941213 0.651525
0 0.448384 0.651525 0.598798 0.666676
0 0.601249 0.651525 0.775276 0.666676
0 0.777727 0.651525 0.941213 0.666676
0 0.263409 0.712151 0.329425 0.727302
0 0.569303 0.712151 0.647084 0.727302
0 0.875198 0.712151 0.941213 0.727302
0 0.263409 0.727302 0.329425 0.742453
0 0.569303 0.727302 0.647084 0.742453
