0 0.670615 0.106064 0.787041 0.121215
0 0.823562 0.121218 0.941213 0.136369
0 0.111115 0.199501 0.124188 0.209602
0 0.141182 0.212131 0.258834 0.227282
0 0.364720 0.212131 0.447076 0.227282
0 0.670615 0.212131 0.787041 0.227282
0 0.111115 0.229806 0.124188 0.239907
0 0.141182 0.242433 0.258834 0.257584
0 0.364720 0.242433 0.447076 0.257584
0 0.670615 0.242433 0.787041 0.257584
0 0.823562 0.272738 0.941213 0.287889
0 0.111115 0.335870 0.124188 0.345971
0 0.141182 0.348500 0.258834 0.363651
0 0.364720 0.348500 0.447076 0.363651
0 0.670615 0.348500 0.787041 0.363651
0 0.111115 0.366175 0.124188 0.376277
0 0.141182 0.378802 0.258834 0.393953
0 0.364720 0.378802 0.447076 0.393953
0 0.670615 0.378802 0.787041 0.393953
0 0.823562 0.409107 0.941213 0.424258
0 0.111115 0.457088 0.124188 0.467189
0 0.141182 0.469715 0.258834 0.484866
0 0.364720 0.469715 0.447076 0.484866
0 0.670615 0.469715 0.787041 0.484866
0 0.111115 0.487393 0.124188 0.497495
0 0.141182 0.500020 0.258834 0.515171
0 0.364720 0.500020 0.447076 0.515171
0 0.670615 0.500020 0.787041 0.515171
0 0.823562 0.530326 0.941213 0.545477
0 0.670615 0.659118 0.788266 0.674268
0 0.670615 0.674268 0.787041 0.689419
0 0.823562 0.704574 0.941213 0.719725
0 0.670615 0.810638 0.788266 0.825788
0 0.670615 0.825788 0.787041 0.840939
0 0.823562 0.856094 0.941213 0.871245
