0 0.107515 0.093433 0.120587 0.103534
0 0.107515 0.108583 0.120587 0.118684
0 0.107515 0.146465 0.120587 0.156566
0 0.107515 0.161615 0.120587 0.171716
0 0.107515 0.199492 0.120587 0.209593
0 0.107515 0.214646 0.120587 0.224747
0 0.107515 0.252524 0.120587 0.262625
0 0.107515 0.267678 0.120587 0.277779
0 0.764706 0.303028 0.941176 0.318178
0 0.764706 0.333332 0.941176 0.348482
0 0.764706 0.363636 0.765933 0.378787
0 0.764706 0.409091 0.941176 0.424241
0 0.107515 0.472220 0.120587 0.482321
0 0.107515 0.487370 0.120587 0.497471
0 0.107515 0.540401 0.120587 0.550503
0 0.107515 0.555552 0.120587 0.565653
0 0.107515 0.608583 0.120587 0.618684
0 0.107515 0.623734 0.120587 0.633835
0 0.764706 0.659091 0.941176 0.674241
0 0.764706 0.689391 0.941176 0.704542
0 0.764706 0.719696 0.941176 0.734846
0 0.764706 0.750000 0.941176 0.765150
0 0.764706 0.780300 0.941176 0.795451
0 0.764706 0.810605 0.941176 0.825755
0 0.764706 0.848482 0.941176 0.863633
0 0.764706 0.886364 0.941176 0.901514
