0 0.282364 0.108588 0.295436 0.118689
0 0.282364 0.123742 0.295436 0.133844
0 0.541198 0.121216 0.941213 0.136369
0 0.282364 0.138893 0.295436 0.148995
0 0.564728 0.138893 0.577800 0.148995
0 0.282364 0.153728 0.295436 0.163830
0 0.564728 0.153728 0.577800 0.163830
0 0.816372 0.166675 0.941213 0.181826
0 0.815065 0.184350 0.828137 0.194451
0 0.885656 0.184352 0.898728 0.194454
0 0.105887 0.242435 0.352955 0.257587
0 0.352955 0.242435 0.600024 0.257587
0 0.601658 0.242435 0.941213 0.257587
0 0.105887 0.272740 0.539972 0.287893
0 0.576493 0.272738 0.639491 0.287889
0 0.647084 0.272738 0.710082 0.287889
0 0.717675 0.272738 0.745377 0.287889
0 0.752971 0.272738 0.788266 0.287889
0 0.105887 0.303041 0.941213 0.318195
0 0.105887 0.333347 0.941213 0.348500
0 0.105887 0.393954 0.539972 0.409107
0 0.541198 0.393954 0.941213 0.409107
0 0.779115 0.424258 0.941213 0.439409
0 0.779115 0.439413 0.941213 0.454564
0 0.105887 0.457088 0.118959 0.467189
0 0.482372 0.457088 0.495444 0.467189
0 0.105887 0.487393 0.118959 0.497495
0 0.270599 0.487393 0.283671 0.497495
0 0.482372 0.487393 0.495444 0.497495
0 0.705910 0.487393 0.718982 0.497495
0 0.816372 0.500020 0.941213 0.515171
0 0.815065 0.517695 0.828137 0.527797
0 0.885656 0.517695 0.898728 0.527797
0 0.105887 0.575781 0.351729 0.590933
0 0.352955 0.575781 0.600024 0.590933
0 0.601658 0.575781 0.941213 0.590933
0 0.105887 0.621236 0.539972 0.636389
0 0.576493 0.621235 0.639491 0.636386
0 0.647084 0.621235 0.710082 0.636386
0 0.717675 0.621235 0.745377 0.636386
0 0.752971 0.621235 0.788266 0.636386
0 0.297397 0.638913 0.310470 0.649015
0 0.450344 0.638913 0.463417 0.649015
0 0.603292 0.638913 0.616364 0.649015
0 0.709178 0.638913 0.722251 0.649015
0 0.105887 0.666692 0.941213 0.681846
0 0.105887 0.696998 0.941213 0.712151
0 0.313411 0.772758 0.941213 0.787913
0 0.297397 0.790433 0.310470 0.800535
0 0.379753 0.790433 0.392826 0.800535
0 0.132685 0.820739 0.145757 0.830840
0 0.285632 0.820739 0.298705 0.830840
0 0.450349 0.820739 0.463422 0.830840
0 0.615057 0.820739 0.628129 0.830840
0 0.732708 0.820739 0.745781 0.830840
0 0.356223 0.835890 0.369296 0.845991
0 0.473875 0.835890 0.486947 0.845991
0 0.105887 0.863673 0.941213 0.878826
0 0.105887 0.893974 0.941213 0.909128
