0 0.058826 0.118690 0.763510 0.136369
0 0.764736 0.118690 0.941213 0.136369
0 0.924873 0.176141 0.937945 0.186242
0 0.924873 0.191296 0.937945 0.201397
0 0.924873 0.221597 0.937945 0.231699
0 0.924873 0.251903 0.937945 0.262004
0 0.924873 0.282208 0.937945 0.292310
0 0.924873 0.297359 0.937945 0.307461
0 0.924873 0.312510 0.937945 0.322612
0 0.924873 0.327665 0.937945 0.337766
0 0.411781 0.356074 0.941213 0.371225
0 0.435311 0.371228 0.941213 0.386379
0 0.541198 0.386379 0.941213 0.401530
0 0.351648 0.416685 0.941213 0.431836
0 0.105887 0.431836 0.941213 0.446987
0 0.105887 0.446987 0.941213 0.462137
0 0.352955 0.469715 0.372562 0.484866
0 0.388251 0.469715 0.431388 0.484866
0 0.447076 0.469715 0.584335 0.484866
0 0.682380 0.469715 0.701987 0.484866
0 0.717675 0.469715 0.784343 0.484866
0 0.800031 0.469715 0.937290 0.484866
0 0.388251 0.500020 0.494137 0.515171
0 0.376485 0.515171 0.494137 0.530322
0 0.564728 0.530326 0.682380 0.545477
0 0.670615 0.666695 0.788266 0.681846
0 0.670615 0.681846 0.787041 0.696997
0 0.823562 0.712151 0.941213 0.727302
0 0.670615 0.803064 0.788266 0.818215
0 0.670615 0.818215 0.787041 0.833366
0 0.823562 0.848520 0.941213 0.863671
0 0.670615 0.924279 0.788266 0.939429
