0 0.670615 0.166675 0.788266 0.181826
0 0.670615 0.181826 0.787041 0.196976
0 0.823562 0.196976 0.941213 0.212127
0 0.111115 0.290413 0.124188 0.300515
0 0.458841 0.303044 0.576493 0.318195
0 0.670615 0.303044 0.787041 0.318195
0 0.111115 0.320719 0.124188 0.330820
0 0.458841 0.333346 0.576493 0.348496
0 0.670615 0.333346 0.787041 0.348496
0 0.823562 0.363651 0.941213 0.378802
0 0.111115 0.441937 0.124188 0.452038
0 0.458841 0.454564 0.576493 0.469715
0 0.670615 0.454564 0.787041 0.469715
0 0.111115 0.472239 0.124188 0.482340
0 0.458841 0.484869 0.576493 0.500020
0 0.670615 0.484869 0.787041 0.500020
0 0.823562 0.515171 0.941213 0.530322
0 0.111115 0.578306 0.124188 0.588408
0 0.458841 0.590933 0.576493 0.606084
0 0.670615 0.590933 0.787041 0.606084
0 0.111115 0.608608 0.124188 0.618709
0 0.458841 0.621238 0.576493 0.636389
0 0.670615 0.621238 0.787041 0.636389
0 0.823562 0.651540 0.941213 0.666691
0 0.111115 0.775286 0.124188 0.785388
0 0.458841 0.787913 0.576493 0.803064
0 0.670615 0.787913 0.787041 0.803064
0 0.111115 0.805588 0.124188 0.815690
0 0.458841 0.818219 0.576493 0.833370
0 0.670615 0.818219 0.787041 0.833370
0 0.823562 0.848520 0.941213 0.863671
