0 0.058824 0.118686 0.563072 0.136364
0 0.566340 0.118686 0.680719 0.136364
0 0.683987 0.118686 0.941176 0.136364
0 0.058824 0.148990 0.680719 0.166668
0 0.683987 0.148990 0.941176 0.166668
0 0.106536 0.305556 0.119608 0.315657
0 0.106536 0.335860 0.119608 0.345961
0 0.282353 0.363636 0.517647 0.378790
0 0.670588 0.363636 0.941176 0.378787
0 0.106536 0.396465 0.119608 0.406566
0 0.106536 0.441919 0.119608 0.452020
0 0.195752 0.469696 0.482353 0.484846
0 0.745752 0.469696 0.941176 0.484846
0 0.106536 0.502524 0.119608 0.512625
0 0.541176 0.500000 0.682353 0.515150
0 0.776471 0.500000 0.941176 0.515150
0 0.106536 0.578283 0.119608 0.588384
0 0.106536 0.623737 0.119608 0.633838
0 0.106536 0.654038 0.119608 0.664139
0 0.105882 0.681818 0.917647 0.712122
0 0.105882 0.712122 0.917647 0.742427
0 0.105882 0.742423 0.917647 0.772727
0 0.105882 0.772727 0.917647 0.803032
0 0.105882 0.803032 0.917647 0.833336
0 0.105882 0.833332 0.917647 0.863636
0 0.105882 0.863636 0.917647 0.893941
0 0.105882 0.893941 0.917647 0.924245
