0 0.058826 0.073234 0.587032 0.090913
0 0.588257 0.073234 0.941212 0.090913
0 0.082356 0.259480 0.095428 0.269581
0 0.082356 0.274631 0.095428 0.284732
0 0.082356 0.289782 0.095428 0.299883
0 0.058826 0.393952 0.282364 0.424258
0 0.282364 0.409104 0.364720 0.424258
0 0.364720 0.409104 0.447076 0.424258
0 0.447076 0.409104 0.551736 0.424258
0 0.552962 0.409104 0.657623 0.424258
0 0.658848 0.409104 0.729439 0.424258
0 0.729439 0.409104 0.834100 0.424258
0 0.835326 0.409104 0.941212 0.424258
0 0.058826 0.424258 0.282364 0.454563
0 0.282364 0.439410 0.364720 0.454563
0 0.364720 0.439410 0.447076 0.454563
0 0.447076 0.439410 0.551736 0.454563
0 0.552962 0.439410 0.657623 0.454563
0 0.658848 0.439410 0.729439 0.454563
0 0.729439 0.439410 0.834100 0.454563
0 0.835326 0.439410 0.941212 0.454563
0 0.058826 0.454563 0.282364 0.484869
0 0.282364 0.469715 0.364720 0.484869
0 0.364720 0.469715 0.447076 0.484869
0 0.447076 0.469715 0.551736 0.484869
0 0.552962 0.469715 0.657623 0.484869
0 0.658848 0.469715 0.729439 0.484869
0 0.729439 0.469715 0.834100 0.484869
0 0.835326 0.469715 0.941212 0.484869
0 0.058826 0.484869 0.282364 0.515174
0 0.282364 0.500021 0.364720 0.515174
0 0.364720 0.500021 0.447076 0.515174
0 0.447076 0.500021 0.551736 0.515174
0 0.552962 0.500021 0.657623 0.515174
0 0.658848 0.500021 0.729439 0.515174
0 0.729439 0.500021 0.834100 0.515174
0 0.835326 0.500021 0.941212 0.515174
0 0.058826 0.515174 0.282364 0.545480
0 0.282364 0.530326 0.364720 0.545480
0 0.364720 0.530326 0.447076 0.545480
0 0.447076 0.530326 0.551736 0.545480
0 0.552962 0.530326 0.657623 0.545480
0 0.658848 0.530326 0.729439 0.545480
0 0.729439 0.530326 0.834100 0.545480
0 0.835326 0.530326 0.941212 0.545480
0 0.058826 0.545480 0.282364 0.575785
0 0.282364 0.560632 0.364720 0.575785
0 0.364720 0.560632 0.447076 0.575785
0 0.447076 0.560632 0.551736 0.575785
0 0.552962 0.560632 0.657623 0.575785
0 0.658848 0.560632 0.729439 0.575785
0 0.729439 0.560632 0.834100 0.575785
0 0.835326 0.560632 0.941212 0.575785
0 0.058826 0.575785 0.282364 0.606091
0 0.282364 0.590937 0.364720 0.606091
0 0.364720 0.590937 0.447076 0.606091
0 0.447076 0.590937 0.551736 0.606091
0 0.552962 0.590937 0.657623 0.606091
0 0.658848 0.590937 0.729439 0.606091
0 0.729439 0.590937 0.834100 0.606091
0 0.835326 0.590937 0.941212 0.606091
0 0.058826 0.606091 0.282364 0.636396
0 0.282364 0.621243 0.364720 0.636396
0 0.364720 0.621243 0.447076 0.636396
0 0.447076 0.621243 0.551736 0.636396
0 0.552962 0.621243 0.657623 0.636396
0 0.658848 0.621243 0.729439 0.636396
0 0.729439 0.621243 0.834100 0.636396
0 0.835326 0.621243 0.941212 0.636396
0 0.058826 0.636396 0.282364 0.666702
0 0.282364 0.651548 0.364720 0.666702
0 0.364720 0.651548 0.447076 0.666702
0 0.447076 0.651548 0.551736 0.666702
0 0.552962 0.651548 0.657623 0.666702
0 0.658848 0.651548 0.729439 0.666702
0 0.729439 0.651548 0.834100 0.666702
0 0.835326 0.651548 0.941212 0.666702
0 0.058826 0.666702 0.282364 0.697007
0 0.282364 0.681854 0.364720 0.697007
0 0.364720 0.681854 0.447076 0.697007
0 0.447076 0.681854 0.551736 0.697007
0 0.552962 0.681854 0.657623 0.697007
0 0.658848 0.681854 0.729439 0.697007
0 0.729439 0.681854 0.834100 0.697007
0 0.835326 0.681854 0.941212 0.697007
0 0.058826 0.697007 0.282364 0.727313
0 0.282364 0.712159 0.364720 0.727313
0 0.364720 0.712159 0.447076 0.727313
0 0.447076 0.712159 0.551736 0.727313
0 0.552962 0.712159 0.657623 0.727313
0 0.658848 0.712159 0.729439 0.727313
0 0.729439 0.712159 0.834100 0.727313
0 0.835326 0.712159 0.941212 0.727313
0 0.058826 0.727313 0.282364 0.757618
0 0.282364 0.742465 0.364720 0.757618
0 0.364720 0.742465 0.447076 0.757618
0 0.447076 0.742465 0.551736 0.757618
0 0.552962 0.742465 0.657623 0.757618
0 0.658848 0.742465 0.729439 0.757618
0 0.729439 0.742465 0.834100 0.757618
0 0.835326 0.742465 0.941212 0.757618
0 0.058826 0.757618 0.282364 0.787924
0 0.282364 0.772770 0.364720 0.787924
0 0.364720 0.772770 0.447076 0.787924
0 0.447076 0.772770 0.551736 0.787924
0 0.552962 0.772770 0.657623 0.787924
0 0.658848 0.772770 0.729439 0.787924
0 0.729439 0.772770 0.834100 0.787924
0 0.835326 0.772770 0.941212 0.787924
0 0.058826 0.787924 0.282364 0.818229
0 0.282364 0.803076 0.364720 0.818229
0 0.364720 0.803076 0.447076 0.818229
0 0.447076 0.803076 0.551736 0.818229
0 0.552962 0.803076 0.657623 0.818229
0 0.658848 0.803076 0.729439 0.818229
0 0.729439 0.803076 0.834100 0.818229
0 0.835326 0.803076 0.941212 0.818229
0 0.447076 0.863670 0.551736 0.878821
0 0.552962 0.863670 0.657623 0.878821
0 0.658848 0.863670 0.729439 0.878821
0 0.729439 0.863670 0.834100 0.878821
0 0.835326 0.863670 0.941212 0.878821
