0 0.060460 0.151520 0.941213 0.174248
0 0.060460 0.196976 0.458841 0.219705
0 0.484006 0.196976 0.647084 0.219705
0 0.670615 0.196976 0.741206 0.219705
0 0.764736 0.196976 0.858857 0.219705
0 0.870622 0.196976 0.941213 0.219705
0 0.060460 0.242433 0.411781 0.265161
0 0.436945 0.242433 0.694145 0.265161
0 0.717675 0.242433 0.941213 0.265161
0 0.058826 0.287889 0.329425 0.310617
0 0.352955 0.287889 0.517667 0.310617
0 0.541198 0.287889 0.705910 0.310617
0 0.729440 0.287889 0.941213 0.310617
0 0.690824 0.363651 0.707165 0.376278
0 0.062030 0.409107 0.942784 0.431836
0 0.062030 0.462141 0.413351 0.484869
0 0.438516 0.462141 0.648655 0.484869
0 0.672185 0.462141 0.742776 0.484869
0 0.766306 0.462141 0.848662 0.484869
0 0.860427 0.462141 0.942784 0.484869
0 0.060396 0.507598 0.307465 0.530326
0 0.436881 0.507598 0.648655 0.530326
0 0.060396 0.780336 0.425116 0.803064
0 0.448647 0.779649 0.801602 0.803064
0 0.155787 0.909124 0.861697 0.954580
