0 0.058826 0.118690 0.410555 0.151520
0 0.413415 0.118690 0.763510 0.151520
0 0.764736 0.136369 0.941213 0.151520
0 0.058826 0.164147 0.410555 0.196976
0 0.413415 0.164147 0.763510 0.196976
0 0.764736 0.181826 0.941213 0.196976
0 0.635319 0.250010 0.670615 0.265161
0 0.682380 0.250010 0.705910 0.265161
0 0.717675 0.250010 0.755175 0.265161
0 0.811587 0.250010 0.846883 0.265161
0 0.858648 0.250010 0.882178 0.265161
0 0.893944 0.250010 0.931443 0.265161
0 0.058826 0.287890 0.410555 0.303044
0 0.411781 0.287890 0.587033 0.303044
0 0.588258 0.287890 0.763510 0.303044
0 0.764736 0.287890 0.941213 0.303044
0 0.058826 0.303044 0.410555 0.333349
0 0.411781 0.318196 0.587033 0.333349
0 0.588258 0.318196 0.763510 0.333349
0 0.764736 0.318196 0.941213 0.333349
0 0.058826 0.333349 0.410555 0.363655
0 0.411781 0.348501 0.587033 0.363655
0 0.588258 0.348501 0.763510 0.363655
0 0.764736 0.348501 0.941213 0.363655
0 0.058826 0.363655 0.410555 0.393960
0 0.411781 0.378807 0.587033 0.393960
0 0.588258 0.378807 0.763510 0.393960
0 0.764736 0.378807 0.941213 0.393960
0 0.058826 0.393960 0.410555 0.424266
0 0.411781 0.409113 0.587033 0.424266
0 0.588258 0.409113 0.763510 0.424266
0 0.764736 0.409113 0.941213 0.424266
0 0.058826 0.439418 0.410555 0.454571
0 0.411781 0.439418 0.587033 0.454571
0 0.588258 0.439418 0.763510 0.454571
0 0.764736 0.439418 0.941213 0.454571
0 0.058826 0.454571 0.410555 0.484877
0 0.411781 0.469724 0.587033 0.484877
0 0.588258 0.469724 0.763510 0.484877
0 0.764736 0.469724 0.941213 0.484877
0 0.058826 0.484877 0.410555 0.515182
0 0.411781 0.500029 0.587033 0.515182
0 0.588258 0.500029 0.763510 0.515182
0 0.764736 0.500029 0.941213 0.515182
0 0.058826 0.530335 0.410555 0.545488
0 0.411781 0.530335 0.587033 0.545488
0 0.588258 0.530335 0.763510 0.545488
0 0.764736 0.530335 0.941213 0.545488
0 0.058826 0.545488 0.410555 0.575793
0 0.411781 0.560640 0.587033 0.575793
0 0.588258 0.560640 0.763510 0.575793
0 0.764736 0.560640 0.941213 0.575793
0 0.058826 0.575793 0.410555 0.606099
0 0.411781 0.590946 0.587033 0.606099
0 0.588258 0.590946 0.763510 0.606099
0 0.764736 0.590946 0.941213 0.606099
0 0.058826 0.621251 0.410555 0.636405
0 0.411781 0.621251 0.587033 0.636405
0 0.588258 0.621251 0.763510 0.636405
0 0.764736 0.621251 0.941213 0.636405
0 0.058826 0.651557 0.410555 0.666710
0 0.411781 0.651557 0.587033 0.666710
0 0.588258 0.651557 0.763510 0.666710
0 0.764736 0.651557 0.941213 0.666710
0 0.058826 0.666710 0.410555 0.697016
0 0.411781 0.681862 0.587033 0.697016
0 0.588258 0.681862 0.763510 0.697016
0 0.764736 0.681862 0.941213 0.697016
0 0.058826 0.697016 0.410555 0.727321
0 0.411781 0.712168 0.587033 0.727321
0 0.588258 0.712168 0.763510 0.727321
0 0.764736 0.712168 0.941213 0.727321
0 0.058826 0.742473 0.410555 0.757627
0 0.411781 0.742473 0.587033 0.757627
0 0.588258 0.742473 0.763510 0.757627
0 0.764736 0.742473 0.941213 0.757627
0 0.058826 0.757627 0.410555 0.787932
0 0.411781 0.772779 0.587033 0.787932
0 0.588258 0.772779 0.763510 0.787932
0 0.764736 0.772779 0.941213 0.787932
0 0.058826 0.803084 0.410555 0.818238
0 0.411781 0.803084 0.587033 0.818238
0 0.588258 0.803084 0.763510 0.818238
0 0.764736 0.803084 0.941213 0.818238
0 0.058826 0.818238 0.410555 0.848543
0 0.411781 0.833390 0.587033 0.848543
0 0.588258 0.833390 0.763510 0.848543
0 0.764736 0.833390 0.941213 0.848543
0 0.058826 0.863695 0.410555 0.878849
0 0.411781 0.863695 0.587033 0.878849
0 0.588258 0.863695 0.763510 0.878849
0 0.764736 0.863695 0.941213 0.878849
0 0.058826 0.878849 0.410555 0.909154
0 0.411781 0.894001 0.587033 0.909154
0 0.588258 0.894001 0.763510 0.909154
0 0.764736 0.894001 0.941213 0.909154
0 0.058826 0.909154 0.410555 0.939460
0 0.411781 0.924306 0.587033 0.939460
0 0.588258 0.924306 0.763510 0.939460
0 0.764736 0.924306 0.941213 0.939460
