0 0.058826 0.118690 0.728215 0.136369
0 0.729440 0.118690 0.941213 0.136369
0 0.670615 0.166675 0.787041 0.181826
0 0.670615 0.181826 0.787041 0.196976
0 0.670615 0.196976 0.787041 0.212127
0 0.670615 0.212131 0.787041 0.227282
0 0.670615 0.272738 0.787041 0.287889
0 0.823562 0.287889 0.941213 0.303040
0 0.823562 0.318195 0.941213 0.333346
0 0.670615 0.363651 0.787041 0.378802
0 0.670615 0.424258 0.787041 0.439409
0 0.670615 0.439413 0.787041 0.454564
0 0.670615 0.454564 0.787041 0.469715
0 0.823562 0.469715 0.941213 0.484866
0 0.823562 0.500020 0.941213 0.515171
0 0.670615 0.545477 0.787041 0.560627
0 0.670615 0.606084 0.787041 0.621235
0 0.823562 0.621238 0.941213 0.636389
0 0.823562 0.651540 0.941213 0.666691
0 0.823562 0.696997 0.941213 0.712148
0 0.670615 0.742453 0.787041 0.757604
0 0.670615 0.757608 0.787041 0.772758
0 0.670615 0.787909 0.787041 0.803060
0 0.823562 0.818215 0.941213 0.833366
0 0.823562 0.848520 0.941213 0.863671
0 0.823562 0.893977 0.941213 0.909128
