0 0.058824 0.075756 0.622304 0.090909
0 0.623529 0.075756 0.941176 0.090909
0 0.670588 0.121213 0.787010 0.136364
0 0.823529 0.136364 0.941176 0.151514
0 0.670588 0.181818 0.787010 0.196968
0 0.670588 0.196968 0.787010 0.212119
0 0.823529 0.212122 0.941176 0.227273
0 0.823529 0.227273 0.941176 0.242423
0 0.823529 0.257577 0.941176 0.272727
0 0.789869 0.666667 0.941176 0.681818
0 0.131046 0.694444 0.375245 0.712122
0 0.647059 0.694444 0.752941 0.712122
0 0.799998 0.686237 0.813070 0.696338
0 0.835294 0.694444 0.941176 0.712122
0 0.223529 0.712122 0.704657 0.727273
0 0.223529 0.727273 0.704657 0.742423
0 0.776471 0.712122 0.941176 0.727273
0 0.776471 0.727273 0.941176 0.742423
