0 0.129418 0.166675 0.145759 0.179301
0 0.176479 0.166675 0.192820 0.179301
0 0.223538 0.219705 0.239879 0.232331
0 0.223538 0.242433 0.239879 0.255060
0 0.223538 0.265161 0.239879 0.277788
0 0.505902 0.219705 0.522243 0.232331
0 0.505902 0.242433 0.522243 0.255060
0 0.505902 0.265161 0.522243 0.277788
0 0.729440 0.219705 0.745781 0.232331
0 0.729440 0.242433 0.745781 0.255060
0 0.729440 0.265161 0.745781 0.277788
0 0.129418 0.295466 0.145759 0.308093
0 0.176479 0.295470 0.192820 0.308097
0 0.129418 0.340923 0.145759 0.353550
0 0.176479 0.340923 0.192820 0.353550
0 0.129418 0.393957 0.145759 0.406583
0 0.176479 0.393957 0.192820 0.406583
0 0.129418 0.431839 0.145759 0.444466
0 0.176479 0.431839 0.192820 0.444466
0 0.129418 0.492450 0.145759 0.505077
0 0.176479 0.492450 0.192820 0.505077
0 0.152947 0.909128 0.858857 0.954584
