0 0.105882 0.093432 0.118954 0.103533
0 0.258824 0.106058 0.289858 0.121208
0 0.305882 0.106058 0.423529 0.121208
0 0.105882 0.138886 0.118954 0.148987
0 0.105882 0.154036 0.118954 0.164137
0 0.105882 0.184340 0.118954 0.194441
0 0.258824 0.196966 0.289858 0.212117
0 0.305882 0.196966 0.423529 0.212117
0 0.105882 0.229794 0.118954 0.239895
0 0.105882 0.244944 0.118954 0.255045
0 0.105882 0.275249 0.118954 0.285349
0 0.258824 0.287875 0.289858 0.303025
0 0.305882 0.287875 0.423529 0.303025
0 0.105882 0.320703 0.118954 0.330804
0 0.105882 0.335853 0.118954 0.345954
0 0.105882 0.366157 0.118954 0.376258
0 0.105882 0.411609 0.118954 0.421710
0 0.105882 0.426761 0.118954 0.436862
0 0.105882 0.487369 0.118954 0.497470
0 0.164706 0.499995 0.195740 0.515145
0 0.211765 0.499995 0.329412 0.515145
0 0.105882 0.517669 0.118954 0.527770
0 0.105882 0.575753 0.941176 0.590903
0 0.235294 0.636357 0.941176 0.651507
0 0.188235 0.651507 0.458824 0.666660
0 0.470588 0.651507 0.741176 0.666660
0 0.752941 0.651507 0.941176 0.666660
0 0.105882 0.696961 0.517647 0.712114
0 0.529412 0.696961 0.941176 0.712114
0 0.105882 0.727265 0.941176 0.742418
0 0.105882 0.757569 0.458824 0.772722
0 0.470588 0.757569 0.823529 0.772722
0 0.835294 0.757569 0.941176 0.772722
0 0.105882 0.787870 0.352941 0.803022
0 0.364706 0.787870 0.611765 0.803022
0 0.623529 0.787870 0.941176 0.803022
