0 0.058824 0.118686 0.622304 0.136364
0 0.623529 0.118686 0.941176 0.136364
0 0.898824 0.139203 0.911078 0.148673
0 0.823529 0.166668 0.941176 0.181818
0 0.670588 0.181818 0.787010 0.196968
0 0.670588 0.196968 0.787010 0.212119
0 0.823529 0.212122 0.941176 0.227273
0 0.428431 0.244947 0.441503 0.255048
0 0.522554 0.244943 0.535626 0.255044
0 0.616667 0.244947 0.629739 0.255048
0 0.823529 0.242423 0.941176 0.257573
0 0.823529 0.257577 0.917647 0.272727
0 0.823529 0.287878 0.941176 0.303028
0 0.376471 0.318182 0.492892 0.333332
0 0.823529 0.318182 0.941176 0.333332
0 0.105882 0.366160 0.118954 0.376261
0 0.670588 0.366160 0.683660 0.376261
0 0.106536 0.396465 0.119608 0.406566
0 0.671242 0.396465 0.684314 0.406566
0 0.176471 0.469696 0.292892 0.484846
0 0.294118 0.469696 0.422304 0.484846
0 0.423529 0.469696 0.551716 0.484846
0 0.552941 0.469696 0.681127 0.484846
0 0.682353 0.469696 0.810539 0.484846
0 0.811765 0.469696 0.941176 0.484846
0 0.176471 0.545455 0.292892 0.560605
0 0.294118 0.545455 0.422304 0.560605
0 0.423529 0.545455 0.551716 0.560605
0 0.552941 0.545455 0.681127 0.560605
0 0.682353 0.545455 0.810539 0.560605
0 0.811765 0.545455 0.941176 0.560605
0 0.176471 0.560605 0.292892 0.575755
0 0.294118 0.560605 0.422304 0.575755
0 0.423529 0.560605 0.551716 0.575755
0 0.552941 0.560605 0.681127 0.575755
0 0.682353 0.560605 0.810539 0.575755
0 0.811765 0.560605 0.941176 0.575755
0 0.176471 0.575755 0.292892 0.590905
0 0.294118 0.575755 0.422304 0.590905
0 0.423529 0.575755 0.551716 0.590905
0 0.552941 0.575755 0.681127 0.590905
0 0.682353 0.575755 0.810539 0.590905
0 0.811765 0.575755 0.941176 0.590905
0 0.176471 0.590905 0.292892 0.606056
0 0.294118 0.590905 0.422304 0.606056
0 0.423529 0.590905 0.551716 0.606056
0 0.552941 0.590905 0.681127 0.606056
0 0.682353 0.590905 0.810539 0.606056
0 0.811765 0.590905 0.941176 0.606056
0 0.176471 0.606056 0.292892 0.621206
0 0.294118 0.606056 0.422304 0.621206
0 0.423529 0.606056 0.551716 0.621206
0 0.552941 0.606056 0.681127 0.621206
0 0.682353 0.606056 0.810539 0.621206
0 0.811765 0.606056 0.941176 0.621206
0 0.176471 0.621206 0.292892 0.636356
0 0.294118 0.621206 0.422304 0.636356
0 0.423529 0.621206 0.551716 0.636356
0 0.552941 0.621206 0.681127 0.636356
0 0.682353 0.621206 0.810539 0.636356
0 0.811765 0.621206 0.941176 0.636356
0 0.176471 0.636356 0.292892 0.651506
0 0.294118 0.636356 0.422304 0.651506
0 0.423529 0.636356 0.551716 0.651506
0 0.552941 0.636356 0.681127 0.651506
0 0.682353 0.636356 0.810539 0.651506
0 0.811765 0.636356 0.941176 0.651506
0 0.176471 0.651506 0.292892 0.666657
0 0.294118 0.651506 0.422304 0.666657
0 0.423529 0.651506 0.551716 0.666657
0 0.552941 0.651506 0.681127 0.666657
0 0.682353 0.651506 0.810539 0.666657
0 0.811765 0.651506 0.941176 0.666657
0 0.176471 0.666657 0.292892 0.681807
0 0.294118 0.666657 0.422304 0.681807
0 0.423529 0.666657 0.551716 0.681807
0 0.552941 0.666657 0.681127 0.681807
0 0.682353 0.666657 0.810539 0.681807
0 0.811765 0.666657 0.941176 0.681807
0 0.176471 0.681807 0.292892 0.696957
0 0.294118 0.681807 0.422304 0.696957
0 0.423529 0.681807 0.551716 0.696957
0 0.552941 0.681807 0.681127 0.696957
0 0.682353 0.681807 0.810539 0.696957
0 0.811765 0.681807 0.941176 0.696957
0 0.176471 0.696957 0.292892 0.712107
0 0.294118 0.696957 0.422304 0.712107
0 0.423529 0.696957 0.551716 0.712107
0 0.552941 0.696957 0.681127 0.712107
0 0.682353 0.696957 0.810539 0.712107
0 0.811765 0.696957 0.941176 0.712107
0 0.176471 0.712107 0.292892 0.727258
0 0.294118 0.712107 0.422304 0.727258
0 0.423529 0.712107 0.551716 0.727258
0 0.552941 0.712107 0.681127 0.727258
0 0.682353 0.712107 0.810539 0.727258
0 0.811765 0.712107 0.941176 0.727258
0 0.823529 0.727273 0.941176 0.742423
0 0.823529 0.742423 0.941176 0.757573
0 0.823529 0.787878 0.941176 0.803028
0 0.823529 0.818182 0.941176 0.833332
0 0.823529 0.833332 0.941176 0.848482
0 0.823529 0.863636 0.941176 0.878787
