0 0.105882 0.118686 0.352941 0.136364
0 0.352941 0.118686 0.588235 0.136364
0 0.589869 0.118686 0.763480 0.136364
0 0.766340 0.118686 0.941176 0.136364
0 0.270588 0.181818 0.492892 0.196968
0 0.494118 0.181818 0.716422 0.196968
0 0.717647 0.181818 0.941176 0.196968
0 0.105882 0.224749 0.352941 0.242427
0 0.352941 0.224749 0.588235 0.242427
0 0.589869 0.224749 0.763480 0.242427
0 0.766340 0.224749 0.941176 0.242427
0 0.270588 0.287878 0.492892 0.303028
0 0.494118 0.287878 0.716422 0.303028
0 0.717647 0.287878 0.941176 0.303028
0 0.105882 0.330808 0.352941 0.348486
0 0.352941 0.330808 0.588235 0.348486
0 0.589869 0.330808 0.763480 0.348486
0 0.766340 0.330808 0.941176 0.348486
0 0.270588 0.393941 0.492892 0.409091
0 0.494118 0.393941 0.716422 0.409091
0 0.717647 0.393941 0.941176 0.409091
0 0.105882 0.436867 0.352941 0.454545
0 0.352941 0.436867 0.588235 0.454545
0 0.589869 0.436867 0.763480 0.454545
0 0.766340 0.436867 0.941176 0.454545
0 0.270588 0.500000 0.492892 0.515150
0 0.494118 0.500000 0.716422 0.515150
0 0.717647 0.500000 0.941176 0.515150
0 0.106536 0.532828 0.119608 0.542929
0 0.105882 0.578283 0.118954 0.588384
0 0.235294 0.664140 0.400000 0.696968
0 0.400000 0.681817 0.563480 0.696968
0 0.566340 0.664140 0.751716 0.696968
0 0.754575 0.664140 0.941176 0.696968
0 0.235294 0.709595 0.400000 0.742423
0 0.400000 0.727271 0.563480 0.742423
0 0.566340 0.709595 0.751716 0.742423
0 0.754575 0.709595 0.941176 0.742423
