0 0.058824 0.118686 0.739951 0.136364
0 0.741176 0.118686 0.941176 0.136364
0 0.297384 0.138888 0.310456 0.148989
0 0.297384 0.154038 0.310456 0.164139
0 0.297384 0.168561 0.310456 0.178662
0 0.823529 0.181818 0.941176 0.196968
0 0.823529 0.196968 0.941176 0.212119
0 0.823529 0.212122 0.941176 0.227273
0 0.670588 0.242423 0.787010 0.257573
0 0.670588 0.272727 0.787010 0.287878
0 0.823529 0.287878 0.941176 0.303028
0 0.670588 0.303032 0.787010 0.318182
0 0.670588 0.333332 0.787010 0.348482
0 0.670588 0.363636 0.787010 0.378787
0 0.823529 0.378787 0.941176 0.393937
0 0.823529 0.393941 0.941176 0.409091
0 0.823529 0.409091 0.941176 0.424241
0 0.823529 0.424241 0.941176 0.439391
0 0.670588 0.454545 0.787010 0.469696
0 0.670588 0.469696 0.787010 0.484846
0 0.670588 0.484850 0.787010 0.500000
0 0.823529 0.500000 0.941176 0.515150
0 0.823529 0.515150 0.941176 0.530300
0 0.823529 0.530304 0.941176 0.545455
0 0.823529 0.575759 0.941176 0.590909
0 0.670588 0.606059 0.787010 0.621210
0 0.670588 0.621213 0.787010 0.636364
0 0.670588 0.636364 0.787010 0.651514
0 0.823529 0.651514 0.941176 0.666664
0 0.823529 0.681818 0.941176 0.696968
0 0.670588 0.712122 0.787010 0.727273
0 0.670588 0.742423 0.787010 0.757573
0 0.670588 0.772727 0.787010 0.787878
0 0.670588 0.787878 0.787010 0.803028
0 0.670588 0.803032 0.787010 0.818182
0 0.670588 0.818182 0.787010 0.833332
0 0.823529 0.833332 0.941176 0.848482
0 0.823529 0.863636 0.941176 0.878787
