0 0.341658 0.098041 0.468357 0.117647
0 0.502466 0.098041 0.550176 0.117647
0 0.628773 0.098041 0.750175 0.117647
0 0.786145 0.098041 0.831994 0.117647
0 0.275251 0.160335 0.285352 0.173407
0 0.457372 0.176471 0.954545 0.215688
0 0.072727 0.251634 0.589962 0.274511
0 0.590909 0.251634 0.772727 0.274511
0 0.772727 0.256257 0.954545 0.274511
0 0.072727 0.290851 0.954545 0.313729
0 0.072727 0.330064 0.362689 0.352941
0 0.364899 0.330064 0.662689 0.352941
0 0.664899 0.330064 0.954545 0.352941
0 0.072727 0.369281 0.589962 0.392159
0 0.045455 0.431371 0.954545 0.470588
0 0.045455 0.470588 0.954545 0.509806
0 0.045455 0.509806 0.954545 0.549023
0 0.045455 0.549018 0.954545 0.588235
0 0.045455 0.588235 0.954545 0.627453
0 0.045455 0.627453 0.954545 0.666670
0 0.045455 0.666665 0.954545 0.705882
0 0.045455 0.705882 0.954545 0.745100
0 0.045455 0.745100 0.954545 0.784317
0 0.045455 0.784312 0.954545 0.823529
0 0.045455 0.823529 0.954545 0.862747
0 0.045455 0.862747 0.954545 0.901964
0 0.045455 0.901959 0.954545 0.941176
