0 0.045455 0.196078 0.318182 0.215688
0 0.318182 0.196078 0.363636 0.215688
0 0.363636 0.196078 0.490909 0.215688
0 0.490909 0.196078 0.581818 0.215688
0 0.581818 0.196078 0.627273 0.215688
0 0.627273 0.196078 0.672727 0.215688
0 0.672727 0.196078 0.718182 0.215688
0 0.719129 0.196078 0.954545 0.215688
0 0.045455 0.235296 0.318182 0.254905
0 0.318182 0.235296 0.363636 0.254905
0 0.363636 0.235296 0.490909 0.254905
0 0.490909 0.235296 0.581818 0.254905
0 0.581818 0.235296 0.627273 0.254905
0 0.627273 0.235296 0.672727 0.254905
0 0.672727 0.235296 0.718182 0.254905
0 0.719129 0.235296 0.954545 0.254905
0 0.045455 0.274513 0.318182 0.294123
0 0.318182 0.274513 0.363636 0.294123
0 0.363636 0.274513 0.490909 0.294123
0 0.490909 0.274513 0.581818 0.294123
0 0.581818 0.274513 0.627273 0.294123
0 0.627273 0.274513 0.672727 0.294123
0 0.672727 0.274513 0.718182 0.294123
0 0.719129 0.274513 0.954545 0.294123
0 0.045455 0.313730 0.318182 0.333340
0 0.318182 0.313730 0.363636 0.333340
0 0.363636 0.313730 0.490909 0.333340
0 0.490909 0.313730 0.581818 0.333340
0 0.581818 0.313730 0.627273 0.333340
0 0.627273 0.313730 0.672727 0.333340
0 0.672727 0.313730 0.718182 0.333340
0 0.719129 0.313730 0.954545 0.333340
0 0.045455 0.352948 0.318182 0.372557
0 0.318182 0.352948 0.363636 0.372557
0 0.363636 0.352948 0.490909 0.372557
0 0.490909 0.352948 0.581818 0.372557
0 0.581818 0.352948 0.627273 0.372557
0 0.627273 0.352948 0.672727 0.372557
0 0.672727 0.352948 0.718182 0.372557
0 0.719129 0.352948 0.954545 0.372557
0 0.045455 0.392165 0.318182 0.411775
0 0.318182 0.392165 0.363636 0.411775
0 0.363636 0.392165 0.490909 0.411775
0 0.490909 0.392165 0.581818 0.411775
0 0.581818 0.392165 0.627273 0.411775
0 0.627273 0.392165 0.672727 0.411775
0 0.672727 0.392165 0.718182 0.411775
0 0.719129 0.392165 0.954545 0.411775
0 0.045455 0.431382 0.318182 0.450992
0 0.318182 0.431382 0.363636 0.450992
0 0.363636 0.431382 0.490909 0.450992
0 0.490909 0.431382 0.581818 0.450992
0 0.581818 0.431382 0.627273 0.450992
0 0.627273 0.431382 0.672727 0.450992
0 0.672727 0.431382 0.718182 0.450992
0 0.719129 0.431382 0.954545 0.450992
0 0.045455 0.470600 0.318182 0.490209
0 0.318182 0.470600 0.363636 0.490209
0 0.363636 0.470600 0.490909 0.490209
0 0.490909 0.470600 0.581818 0.490209
0 0.581818 0.470600 0.627273 0.490209
0 0.627273 0.470600 0.672727 0.490209
0 0.672727 0.470600 0.718182 0.490209
0 0.719129 0.470600 0.954545 0.490209
0 0.045455 0.549018 0.954545 0.568624
0 0.045455 0.588235 0.954545 0.607841
0 0.045455 0.627453 0.954545 0.647059
0 0.045455 0.666665 0.954545 0.686271
0 0.045455 0.705882 0.954545 0.725489
0 0.045455 0.745100 0.954545 0.764706
0 0.045455 0.784312 0.954545 0.803918
0 0.045455 0.823529 0.954545 0.843136
0 0.045455 0.862747 0.954545 0.882353
0 0.045455 0.901959 0.954545 0.921565
