0 0.058826 0.118690 0.704684 0.136369
0 0.705910 0.118690 0.941213 0.136369
0 0.305894 0.138893 0.318967 0.148995
0 0.423546 0.138893 0.436618 0.148995
0 0.477143 0.196980 0.500020 0.210868
0 0.511785 0.196980 0.535315 0.210868
0 0.564728 0.196980 0.581722 0.210868
0 0.594795 0.196980 0.617671 0.210868
0 0.629436 0.196980 0.652967 0.210868
0 0.682380 0.196980 0.699374 0.210868
0 0.712446 0.196980 0.735323 0.210868
0 0.747088 0.196980 0.770618 0.210868
0 0.800031 0.196980 0.817025 0.210868
0 0.830098 0.196980 0.852975 0.210868
0 0.864740 0.196980 0.888270 0.210868
0 0.917683 0.196980 0.934677 0.210868
0 0.470607 0.227283 0.587033 0.242437
0 0.588258 0.227283 0.704684 0.242437
0 0.705910 0.227283 0.822336 0.242437
0 0.823562 0.227283 0.941213 0.242437
0 0.470607 0.257589 0.587033 0.272742
0 0.588258 0.257589 0.704684 0.272742
0 0.705910 0.257589 0.822336 0.272742
0 0.823562 0.257589 0.941213 0.272742
0 0.470607 0.287894 0.587033 0.303048
0 0.588258 0.287894 0.704684 0.303048
0 0.705910 0.287894 0.822336 0.303048
0 0.823562 0.287894 0.941213 0.303048
0 0.470607 0.318200 0.587033 0.333353
0 0.588258 0.318200 0.704684 0.333353
0 0.705910 0.318200 0.822336 0.333353
0 0.823562 0.318200 0.941213 0.333353
0 0.470607 0.348505 0.587033 0.363659
0 0.588258 0.348505 0.704684 0.363659
0 0.705910 0.348505 0.822336 0.363659
0 0.823562 0.348505 0.941213 0.363659
0 0.470607 0.378811 0.587033 0.393964
0 0.588258 0.378811 0.704684 0.393964
0 0.705910 0.378811 0.822336 0.393964
0 0.823562 0.378811 0.941213 0.393964
0 0.470607 0.409116 0.587033 0.424270
0 0.588258 0.409116 0.704684 0.424270
0 0.705910 0.409116 0.822336 0.424270
0 0.823562 0.409116 0.941213 0.424270
0 0.470607 0.439422 0.587033 0.454575
0 0.588258 0.439422 0.704684 0.454575
0 0.705910 0.439422 0.822336 0.454575
0 0.823562 0.439422 0.941213 0.454575
0 0.470607 0.469727 0.587033 0.484881
0 0.588258 0.469727 0.704684 0.484881
0 0.705910 0.469727 0.822336 0.484881
0 0.823562 0.469727 0.941213 0.484881
0 0.470607 0.500033 0.587033 0.515186
0 0.588258 0.500033 0.704684 0.515186
0 0.705910 0.500033 0.822336 0.515186
0 0.823562 0.500033 0.941213 0.515186
0 0.470607 0.530338 0.587033 0.545492
0 0.588258 0.530338 0.704684 0.545492
0 0.705910 0.530338 0.822336 0.545492
0 0.823562 0.530338 0.941213 0.545492
0 0.470607 0.560644 0.587033 0.575797
0 0.588258 0.560644 0.704684 0.575797
0 0.705910 0.560644 0.822336 0.575797
0 0.823562 0.560644 0.941213 0.575797
0 0.470607 0.590949 0.587033 0.606103
0 0.588258 0.590949 0.704684 0.606103
0 0.705910 0.590949 0.822336 0.606103
0 0.823562 0.590949 0.941213 0.606103
0 0.470607 0.621255 0.587033 0.636408
0 0.588258 0.621255 0.704684 0.636408
0 0.705910 0.621255 0.822336 0.636408
0 0.823562 0.621255 0.941213 0.636408
0 0.470607 0.651560 0.587033 0.666714
0 0.588258 0.651560 0.704684 0.666714
0 0.705910 0.651560 0.822336 0.666714
0 0.823562 0.651560 0.941213 0.666714
0 0.470607 0.681866 0.587033 0.697019
0 0.588258 0.681866 0.704684 0.697019
0 0.705910 0.681866 0.822336 0.697019
0 0.823562 0.681866 0.941213 0.697019
0 0.823562 0.712149 0.941213 0.727302
0 0.470607 0.757605 0.587033 0.772758
0 0.588258 0.757605 0.704684 0.772758
0 0.705910 0.757605 0.822336 0.772758
0 0.823562 0.757605 0.941213 0.772758
0 0.823562 0.787911 0.941213 0.803064
0 0.470607 0.833367 0.587033 0.848520
0 0.588258 0.833367 0.704684 0.848520
0 0.705910 0.833367 0.822336 0.848520
0 0.823562 0.833367 0.941213 0.848520
0 0.823562 0.863673 0.941213 0.878826
