0 0.788245 0.136362 0.823539 0.151512
0 0.835304 0.136362 0.870598 0.151512
0 0.882363 0.136362 0.941186 0.151512
0 0.094127 0.179292 0.788245 0.196970
0 0.094127 0.209593 0.788245 0.227270
0 0.788235 0.272725 0.823529 0.287875
0 0.835294 0.272725 0.870588 0.287875
0 0.882353 0.272725 0.941176 0.287875
0 0.094118 0.315655 0.788235 0.333333
0 0.788235 0.378783 0.823529 0.393933
0 0.835294 0.378783 0.870588 0.393933
0 0.882353 0.378783 0.941176 0.393933
0 0.094118 0.421713 0.788235 0.439391
0 0.788235 0.530299 0.823529 0.545449
0 0.835294 0.530299 0.870588 0.545449
0 0.882353 0.530299 0.941176 0.545449
0 0.094118 0.573225 0.788235 0.590903
0 0.094118 0.603529 0.788235 0.621207
