0 0.058826 0.118690 0.704684 0.136369
0 0.705910 0.118690 0.941213 0.136369
0 0.305894 0.138893 0.318967 0.148995
0 0.423546 0.138893 0.436618 0.148995
0 0.477143 0.181826 0.500020 0.196345
0 0.511785 0.181826 0.535315 0.196345
0 0.564728 0.181826 0.581722 0.196345
0 0.594795 0.181826 0.617671 0.195714
0 0.629436 0.181826 0.652967 0.195714
0 0.682380 0.181826 0.699374 0.195714
0 0.712446 0.181826 0.735323 0.195714
0 0.747088 0.181826 0.770618 0.195714
0 0.800031 0.181826 0.817025 0.195714
0 0.830098 0.181826 0.852975 0.195714
0 0.864740 0.181826 0.888270 0.195714
0 0.917683 0.181826 0.934677 0.195714
0 0.105887 0.212127 0.269373 0.227278
0 0.270599 0.212127 0.470607 0.227278
0 0.470607 0.212127 0.587033 0.227278
0 0.588258 0.212127 0.704684 0.227278
0 0.705910 0.212127 0.822336 0.227278
0 0.823562 0.212127 0.941213 0.227278
0 0.105887 0.242430 0.269373 0.257584
0 0.270599 0.242430 0.470607 0.257584
0 0.470607 0.242430 0.587033 0.257584
0 0.588258 0.242430 0.704684 0.257584
0 0.705910 0.242430 0.822336 0.257584
0 0.823562 0.242430 0.941213 0.257584
0 0.105887 0.272736 0.269373 0.287889
0 0.270599 0.272736 0.470607 0.287889
0 0.470607 0.272736 0.587033 0.287889
0 0.588258 0.272736 0.704684 0.287889
0 0.705910 0.272736 0.822336 0.287889
0 0.823562 0.272736 0.941213 0.287889
0 0.105887 0.303041 0.269373 0.318195
0 0.270599 0.303041 0.470607 0.318195
0 0.470607 0.303041 0.587033 0.318195
0 0.588258 0.303041 0.704684 0.318195
0 0.705910 0.303041 0.822336 0.318195
0 0.823562 0.303041 0.941213 0.318195
0 0.105887 0.333347 0.269373 0.348500
0 0.270599 0.333347 0.470607 0.348500
0 0.470607 0.333347 0.587033 0.348500
0 0.588258 0.333347 0.704684 0.348500
0 0.705910 0.333347 0.822336 0.348500
0 0.823562 0.333347 0.941213 0.348500
0 0.105887 0.363652 0.269373 0.378806
0 0.270599 0.363652 0.470607 0.378806
0 0.470607 0.363652 0.587033 0.378806
0 0.588258 0.363652 0.704684 0.378806
0 0.705910 0.363652 0.822336 0.378806
0 0.823562 0.363652 0.941213 0.378806
0 0.105887 0.393958 0.269373 0.409111
0 0.270599 0.393958 0.470607 0.409111
0 0.470607 0.393958 0.587033 0.409111
0 0.588258 0.393958 0.704684 0.409111
0 0.705910 0.393958 0.822336 0.409111
0 0.823562 0.393958 0.941213 0.409111
0 0.823562 0.424260 0.941213 0.439413
0 0.705910 0.424260 0.822336 0.439413
0 0.588258 0.424260 0.704684 0.439413
0 0.470607 0.424260 0.587033 0.439413
0 0.105887 0.454564 0.270599 0.469715
0 0.270599 0.454564 0.470607 0.469715
0 0.470607 0.454564 0.587033 0.469715
0 0.588258 0.454564 0.704684 0.469715
0 0.705910 0.454564 0.822336 0.469715
0 0.823562 0.454564 0.941213 0.469715
0 0.105887 0.484867 0.270599 0.500020
0 0.270599 0.484867 0.470607 0.500020
0 0.470607 0.484867 0.587033 0.500020
0 0.588258 0.484867 0.704684 0.500020
0 0.705910 0.484867 0.822336 0.500020
0 0.823562 0.484867 0.941213 0.500020
0 0.105887 0.515172 0.270599 0.530326
0 0.270599 0.515172 0.470607 0.530326
0 0.470607 0.515172 0.587033 0.530326
0 0.588258 0.515172 0.704684 0.530326
0 0.705910 0.515172 0.822336 0.530326
0 0.823562 0.515172 0.941213 0.530326
0 0.105887 0.545478 0.270599 0.560631
0 0.270599 0.545478 0.470607 0.560631
0 0.470607 0.545478 0.587033 0.560631
0 0.588258 0.545478 0.704684 0.560631
0 0.705910 0.545478 0.822336 0.560631
0 0.823562 0.545478 0.941213 0.560631
0 0.105887 0.575783 0.270599 0.590937
0 0.270599 0.575783 0.470607 0.590937
0 0.470607 0.575783 0.587033 0.590937
0 0.588258 0.575783 0.704684 0.590937
0 0.705910 0.575783 0.822336 0.590937
0 0.823562 0.575783 0.941213 0.590937
0 0.105887 0.606089 0.270599 0.621242
0 0.270599 0.606089 0.470607 0.621242
0 0.470607 0.606089 0.587033 0.621242
0 0.588258 0.606089 0.704684 0.621242
0 0.705910 0.606089 0.822336 0.621242
0 0.823562 0.606089 0.941213 0.621242
0 0.105887 0.636394 0.270599 0.651548
0 0.270599 0.636394 0.470607 0.651548
0 0.470607 0.636394 0.587033 0.651548
0 0.588258 0.636394 0.704684 0.651548
0 0.705910 0.636394 0.822336 0.651548
0 0.823562 0.636394 0.941213 0.651548
0 0.823562 0.666692 0.941213 0.681846
0 0.705910 0.666692 0.822336 0.681846
0 0.588258 0.666692 0.704684 0.681846
0 0.470607 0.666692 0.587033 0.681846
0 0.105887 0.696997 0.269373 0.712148
0 0.270599 0.696997 0.470607 0.712148
0 0.470607 0.696997 0.587033 0.712148
0 0.588258 0.696997 0.704684 0.712148
0 0.705910 0.696997 0.822336 0.712148
0 0.823562 0.696997 0.941213 0.712148
0 0.105887 0.727300 0.269373 0.742453
0 0.270599 0.727300 0.470607 0.742453
0 0.470607 0.727300 0.587033 0.742453
0 0.588258 0.727300 0.704684 0.742453
0 0.705910 0.727300 0.822336 0.742453
0 0.823562 0.727300 0.941213 0.742453
0 0.105887 0.757605 0.269373 0.772758
0 0.270599 0.757605 0.470607 0.772758
0 0.470607 0.757605 0.587033 0.772758
0 0.588258 0.757605 0.704684 0.772758
0 0.705910 0.757605 0.822336 0.772758
0 0.823562 0.757605 0.941213 0.772758
0 0.105887 0.787911 0.269373 0.803064
0 0.270599 0.787911 0.470607 0.803064
0 0.470607 0.787911 0.587033 0.803064
0 0.588258 0.787911 0.704684 0.803064
0 0.705910 0.787911 0.822336 0.803064
0 0.823562 0.787911 0.941213 0.803064
0 0.105887 0.818216 0.269373 0.833370
0 0.270599 0.818216 0.470607 0.833370
0 0.470607 0.818216 0.587033 0.833370
0 0.588258 0.818216 0.704684 0.833370
0 0.705910 0.818216 0.822336 0.833370
0 0.823562 0.818216 0.941213 0.833370
0 0.105887 0.848522 0.269373 0.863675
0 0.270599 0.848522 0.470607 0.863675
0 0.470607 0.848522 0.587033 0.863675
0 0.588258 0.848522 0.704684 0.863675
0 0.705910 0.848522 0.822336 0.863675
0 0.823562 0.848522 0.941213 0.863675
0 0.105887 0.878827 0.269373 0.893981
0 0.270599 0.878827 0.470607 0.893981
0 0.470607 0.878827 0.587033 0.893981
0 0.588258 0.878827 0.704684 0.893981
0 0.705910 0.878827 0.822336 0.893981
0 0.823562 0.878827 0.941213 0.893981
0 0.823562 0.909129 0.941213 0.924282
0 0.705910 0.909129 0.822336 0.924282
0 0.588258 0.909129 0.704684 0.924282
0 0.470607 0.909129 0.587033 0.924282
