0 0.058838 0.118684 0.364721 0.136362
0 0.366355 0.118684 0.576485 0.136362
0 0.578119 0.118684 0.658838 0.136362
0 0.660472 0.118684 0.717662 0.136362
0 0.717662 0.118684 0.941191 0.136362
0 0.058838 0.148988 0.941191 0.166666
0 0.058838 0.179292 0.352956 0.196970
0 0.354590 0.179292 0.494132 0.196970
0 0.495766 0.179292 0.600015 0.196970
0 0.600015 0.179292 0.717662 0.196970
0 0.717662 0.179292 0.941191 0.196970
0 0.058824 0.300501 0.717647 0.318179
0 0.717647 0.300501 0.941176 0.318179
0 0.058824 0.330805 0.941176 0.348483
0 0.058824 0.361109 0.435279 0.378787
0 0.436913 0.361109 0.599985 0.378787
0 0.600000 0.361109 0.717647 0.378787
0 0.717647 0.361109 0.941176 0.378787
0 0.058824 0.391409 0.364706 0.409087
0 0.366340 0.391409 0.576471 0.409087
0 0.578105 0.391409 0.658824 0.409087
0 0.660458 0.391409 0.717647 0.409087
0 0.717647 0.391409 0.941176 0.409087
0 0.058824 0.421713 0.941176 0.439391
0 0.058824 0.452017 0.435294 0.469695
0 0.436913 0.452017 0.599985 0.469695
0 0.600000 0.452017 0.717647 0.469695
0 0.717647 0.452017 0.941176 0.469695
0 0.058838 0.512621 0.364721 0.530299
0 0.366355 0.512621 0.576485 0.530299
0 0.578119 0.512621 0.658838 0.530299
0 0.660472 0.512621 0.717662 0.530299
0 0.717662 0.512621 0.941191 0.530299
0 0.058838 0.542925 0.941191 0.560603
0 0.058824 0.573225 0.435294 0.590903
0 0.436928 0.573225 0.600000 0.590903
0 0.600015 0.573225 0.717662 0.590903
0 0.717662 0.573225 0.941191 0.590903
0 0.788235 0.712115 0.823529 0.727265
0 0.835294 0.712115 0.870588 0.727265
0 0.882353 0.712115 0.941176 0.727265
0 0.094118 0.755042 0.788235 0.772719
0 0.094118 0.785346 0.788235 0.803023
