0 0.119281 0.118684 0.717647 0.136362
0 0.719281 0.118684 0.941176 0.136362
0 0.119281 0.148988 0.717647 0.166666
0 0.119281 0.179292 0.941176 0.196970
0 0.752941 0.151512 0.788235 0.166662
0 0.800000 0.151512 0.835294 0.166662
0 0.847059 0.151512 0.905882 0.166662
0 0.906536 0.211171 0.919608 0.221272
0 0.106536 0.260098 0.119608 0.270199
0 0.153595 0.275249 0.166667 0.285349
0 0.200654 0.290399 0.213725 0.300499
0 0.200654 0.320703 0.213725 0.330804
0 0.153595 0.351007 0.166667 0.361107
0 0.200654 0.366157 0.213725 0.376258
0 0.200654 0.396457 0.213725 0.406558
0 0.153595 0.426761 0.166667 0.436862
0 0.106536 0.457065 0.119608 0.467166
0 0.153595 0.472215 0.166667 0.482316
0 0.153595 0.487369 0.166667 0.497470
0 0.106536 0.502519 0.119608 0.512620
0 0.106536 0.517669 0.119608 0.527770
0 0.153595 0.532819 0.166667 0.542920
0 0.153595 0.563123 0.166667 0.573224
0 0.058842 0.664133 0.717665 0.681811
0 0.717665 0.664133 0.941194 0.681811
0 0.058842 0.694437 0.941194 0.712115
0 0.058833 0.724741 0.352951 0.742419
0 0.354585 0.724741 0.494127 0.742419
0 0.494127 0.724741 0.600010 0.742419
0 0.600010 0.724741 0.717657 0.742419
0 0.717657 0.724741 0.941186 0.742419
0 0.058842 0.755042 0.364724 0.772719
0 0.366358 0.755042 0.576489 0.772719
0 0.578123 0.755042 0.658842 0.772719
0 0.660475 0.755042 0.717665 0.772719
0 0.717665 0.755042 0.941194 0.772719
0 0.058842 0.785346 0.941194 0.803023
0 0.058833 0.815650 0.352951 0.833327
0 0.354585 0.815650 0.494127 0.833327
0 0.494127 0.815650 0.600010 0.833327
0 0.600010 0.815650 0.717657 0.833327
0 0.717657 0.815650 0.941186 0.833327
