0 0.088889 0.123732 0.101961 0.133833
0 0.088889 0.138886 0.101961 0.148987
0 0.781046 0.137625 0.937908 0.165404
0 0.097386 0.181816 0.129412 0.195704
0 0.141176 0.181816 0.176471 0.195704
0 0.188235 0.181816 0.243791 0.195704
0 0.423529 0.181816 0.529412 0.194441
0 0.611765 0.181816 0.717647 0.194441
0 0.788235 0.181816 0.894118 0.194441
0 0.083987 0.209593 0.351307 0.227270
0 0.088889 0.244948 0.101961 0.255049
0 0.171242 0.244948 0.184314 0.255049
0 0.265359 0.244948 0.278431 0.255049
0 0.088889 0.260098 0.101961 0.270199
0 0.247059 0.257574 0.337909 0.270199
0 0.129412 0.303025 0.351307 0.318175
0 0.129412 0.320700 0.351307 0.335853
0 0.354575 0.209593 0.751307 0.227270
0 0.754575 0.209593 0.941176 0.227270
0 0.354575 0.239897 0.941176 0.257574
0 0.354575 0.270197 0.941176 0.287875
0 0.354575 0.300501 0.563072 0.318179
0 0.566340 0.300501 0.751307 0.318179
0 0.754575 0.300501 0.941176 0.318179
0 0.354575 0.330801 0.563072 0.347847
0 0.566340 0.330801 0.751307 0.347847
0 0.754575 0.330801 0.941176 0.347847
