0 0.058826 0.118690 0.739980 0.136369
0 0.741206 0.118690 0.941213 0.136369
0 0.589484 0.212131 0.705910 0.257587
0 0.707136 0.212131 0.823562 0.257587
0 0.824787 0.212131 0.941213 0.257587
0 0.588258 0.257587 0.705910 0.272738
0 0.705910 0.257587 0.823562 0.272738
0 0.823562 0.257587 0.941213 0.272738
0 0.588258 0.287890 0.704684 0.303044
0 0.705910 0.287890 0.822336 0.303044
0 0.823562 0.287890 0.941213 0.303044
0 0.588258 0.303044 0.704684 0.318195
0 0.705910 0.303044 0.822336 0.318195
0 0.823562 0.303044 0.941213 0.318195
0 0.588258 0.333347 0.704684 0.348500
0 0.705910 0.333347 0.822336 0.348500
0 0.823562 0.333347 0.941213 0.348500
0 0.588258 0.348500 0.704684 0.363651
0 0.705910 0.348500 0.822336 0.363651
0 0.823562 0.348500 0.941213 0.363651
0 0.588258 0.393955 0.704684 0.409107
0 0.705910 0.393955 0.822336 0.409107
0 0.823562 0.393955 0.941213 0.409107
