0 0.318182 0.156864 0.444508 0.176471
0 0.445455 0.156864 0.571780 0.176471
0 0.572727 0.156864 0.699053 0.176471
0 0.700000 0.156864 0.826326 0.176471
0 0.827273 0.156864 0.954545 0.176471
0 0.318182 0.176471 0.444508 0.196077
0 0.445455 0.176471 0.571780 0.196077
0 0.572727 0.176471 0.699053 0.196077
0 0.700000 0.176471 0.826326 0.196077
0 0.827273 0.176471 0.954545 0.196077
0 0.318182 0.215685 0.444508 0.235294
0 0.445455 0.215685 0.571780 0.235294
0 0.572727 0.215685 0.699053 0.235294
0 0.700000 0.215685 0.826326 0.235294
0 0.827273 0.215685 0.954545 0.235294
0 0.318182 0.254902 0.444508 0.274511
0 0.445455 0.254902 0.571780 0.274511
0 0.572727 0.254902 0.699053 0.274511
0 0.700000 0.254902 0.826326 0.274511
0 0.827273 0.254902 0.954545 0.274511
0 0.318182 0.274511 0.444508 0.294118
0 0.445455 0.274511 0.571780 0.294118
0 0.572727 0.274511 0.699053 0.294118
0 0.700000 0.274511 0.826326 0.294118
0 0.827273 0.274511 0.954545 0.294118
0 0.318182 0.294118 0.444508 0.313724
0 0.445455 0.294118 0.571780 0.313724
0 0.572727 0.294118 0.699053 0.313724
0 0.700000 0.294118 0.826326 0.313724
0 0.827273 0.294118 0.954545 0.313724
0 0.318182 0.352940 0.444508 0.372547
0 0.445455 0.352940 0.571780 0.372547
0 0.572727 0.352940 0.699053 0.372547
0 0.700000 0.352940 0.826326 0.372547
0 0.827273 0.352940 0.954545 0.372547
0 0.081818 0.411770 0.199053 0.431376
0 0.200000 0.411770 0.317235 0.431376
0 0.318182 0.411770 0.444508 0.431376
0 0.445455 0.411770 0.571780 0.431376
0 0.572727 0.411770 0.699053 0.431376
0 0.700000 0.411770 0.826326 0.431376
0 0.827273 0.411770 0.954545 0.431376
0 0.081818 0.431376 0.199053 0.450982
0 0.200000 0.431376 0.317235 0.450982
0 0.318182 0.431376 0.444508 0.450982
0 0.445455 0.431376 0.571780 0.450982
0 0.572727 0.431376 0.699053 0.450982
0 0.700000 0.431376 0.826326 0.450982
0 0.827273 0.431376 0.954545 0.450982
0 0.081818 0.450982 0.199053 0.470588
0 0.200000 0.450982 0.317235 0.470588
0 0.318182 0.450982 0.444508 0.470588
0 0.445455 0.450982 0.571780 0.470588
0 0.572727 0.450982 0.699053 0.470588
0 0.700000 0.450982 0.826326 0.470588
0 0.827273 0.450982 0.954545 0.470588
0 0.081818 0.470588 0.199053 0.490194
0 0.200000 0.470588 0.317235 0.490194
0 0.318182 0.470588 0.444508 0.490194
0 0.445455 0.470588 0.571780 0.490194
0 0.572727 0.470588 0.699053 0.490194
0 0.700000 0.470588 0.826326 0.490194
0 0.827273 0.470588 0.954545 0.490194
0 0.081818 0.490194 0.199053 0.509801
0 0.200000 0.490194 0.317235 0.509801
0 0.318182 0.490194 0.444508 0.509801
0 0.445455 0.490194 0.571780 0.509801
0 0.572727 0.490194 0.699053 0.509801
0 0.700000 0.490194 0.826326 0.509801
0 0.827273 0.490194 0.954545 0.509801
0 0.081818 0.509801 0.199053 0.529407
0 0.200000 0.509801 0.317235 0.529407
0 0.318182 0.509801 0.444508 0.529407
0 0.445455 0.509801 0.571780 0.529407
0 0.572727 0.509801 0.699053 0.529407
0 0.700000 0.509801 0.826326 0.529407
0 0.827273 0.509801 0.954545 0.529407
0 0.081818 0.529407 0.199053 0.549013
0 0.200000 0.529407 0.317235 0.549013
0 0.318182 0.529407 0.444508 0.549013
0 0.445455 0.529407 0.571780 0.549013
0 0.572727 0.529407 0.699053 0.549013
0 0.700000 0.529407 0.826326 0.549013
0 0.827273 0.529407 0.954545 0.549013
0 0.827273 0.568629 0.954545 0.588235
