0 0.058826 0.118690 0.739980 0.136369
0 0.741206 0.118690 0.941213 0.136369
0 0.058826 0.242437 0.588258 0.257587
0 0.588258 0.242437 0.704684 0.257587
0 0.711629 0.242437 0.817843 0.257587
0 0.823562 0.242437 0.941213 0.257587
0 0.058826 0.257587 0.588258 0.272738
0 0.588258 0.257587 0.704684 0.272738
0 0.711629 0.257587 0.817843 0.272738
0 0.823562 0.257587 0.941213 0.272738
0 0.058826 0.272738 0.588258 0.287889
0 0.588258 0.272738 0.704684 0.287889
0 0.711629 0.272738 0.817843 0.287889
0 0.823562 0.272738 0.941213 0.287889
0 0.830098 0.303044 0.936311 0.318195
0 0.830098 0.348500 0.936311 0.363651
0 0.823562 0.393957 0.941213 0.409107
0 0.830098 0.454564 0.936311 0.469715
0 0.830098 0.484869 0.936311 0.500020
