0 0.081821 0.186278 0.235426 0.225497
0 0.236373 0.205887 0.318194 0.225497
0 0.318194 0.205887 0.408160 0.225497
0 0.409107 0.205887 0.499073 0.225497
0 0.500020 0.205887 0.589985 0.225497
0 0.590932 0.205887 0.680898 0.225497
0 0.681845 0.205887 0.771811 0.225497
0 0.772758 0.205887 0.862723 0.225497
0 0.863670 0.205887 0.954583 0.225497
0 0.081821 0.225497 0.235426 0.264716
0 0.236373 0.245106 0.318194 0.264716
0 0.318194 0.245106 0.408160 0.264716
0 0.409107 0.245106 0.499073 0.264716
0 0.500020 0.245106 0.589985 0.264716
0 0.590932 0.245106 0.680898 0.264716
0 0.681845 0.245106 0.771811 0.264716
0 0.772758 0.245106 0.862723 0.264716
0 0.863670 0.245106 0.954583 0.264716
0 0.081821 0.264716 0.235426 0.303935
0 0.236373 0.284324 0.318194 0.303935
0 0.318194 0.284324 0.408160 0.303935
0 0.409107 0.284324 0.499073 0.303935
0 0.500020 0.284324 0.589985 0.303935
0 0.590932 0.284324 0.680898 0.303935
0 0.681845 0.284324 0.771811 0.303935
0 0.772758 0.284324 0.862723 0.303935
0 0.863670 0.284324 0.954583 0.303935
0 0.081821 0.303935 0.235426 0.343153
0 0.236373 0.323543 0.318194 0.343153
0 0.318194 0.323543 0.408160 0.343153
0 0.409107 0.323543 0.499073 0.343153
0 0.500020 0.323543 0.589985 0.343153
0 0.590932 0.323543 0.680898 0.343153
0 0.681845 0.323543 0.771811 0.343153
0 0.772758 0.323543 0.862723 0.343153
0 0.863670 0.323543 0.954583 0.343153
0 0.081821 0.343153 0.235426 0.382372
0 0.236373 0.362762 0.318194 0.382372
0 0.318194 0.362762 0.408160 0.382372
0 0.409107 0.362762 0.499073 0.382372
0 0.500020 0.362762 0.589985 0.382372
0 0.590932 0.362762 0.680898 0.382372
0 0.681845 0.362762 0.771811 0.382372
0 0.772758 0.362762 0.862723 0.382372
0 0.863670 0.362762 0.954583 0.382372
0 0.081821 0.382372 0.235426 0.421591
0 0.236373 0.401981 0.318194 0.421591
0 0.318194 0.401981 0.408160 0.421591
0 0.409107 0.401981 0.499073 0.421591
0 0.500020 0.401981 0.589985 0.421591
0 0.590932 0.401981 0.680898 0.421591
0 0.681845 0.401981 0.771811 0.421591
0 0.772758 0.401981 0.862723 0.421591
0 0.863670 0.401981 0.954583 0.421591
0 0.590932 0.441195 0.680898 0.460805
0 0.681845 0.441195 0.771811 0.460805
0 0.772758 0.441195 0.862723 0.460805
0 0.081821 0.578451 0.453616 0.598058
0 0.454563 0.578451 0.572750 0.598058
0 0.572750 0.578451 0.762719 0.598058
0 0.763666 0.578451 0.954583 0.598058
0 0.081821 0.598058 0.453616 0.617665
0 0.454563 0.598058 0.572750 0.617665
0 0.572750 0.598058 0.762719 0.617665
0 0.763666 0.598058 0.954583 0.617665
0 0.081821 0.617665 0.453616 0.637272
0 0.454563 0.617665 0.572750 0.637272
0 0.572750 0.617665 0.762719 0.637272
0 0.763666 0.617665 0.954583 0.637272
0 0.081821 0.637272 0.453616 0.656879
0 0.454563 0.637272 0.572750 0.656879
0 0.572750 0.637272 0.762719 0.656879
0 0.763666 0.637272 0.954583 0.656879
0 0.081821 0.656879 0.453616 0.676486
0 0.454563 0.656879 0.572750 0.676486
0 0.572750 0.656879 0.762719 0.676486
0 0.763666 0.656879 0.954583 0.676486
0 0.572750 0.696105 0.762719 0.715715
0 0.763666 0.696105 0.954583 0.715715
