0 0.045455 0.176485 0.372727 0.196091
0 0.372727 0.176485 0.517235 0.196091
0 0.518182 0.176485 0.662689 0.196091
0 0.663636 0.176485 0.808144 0.196091
0 0.809091 0.176485 0.954545 0.196091
0 0.045455 0.196091 0.372727 0.215698
0 0.372727 0.196091 0.517235 0.215698
0 0.518182 0.196091 0.662689 0.215698
0 0.663636 0.196091 0.808144 0.215698
0 0.809091 0.196091 0.954545 0.215698
0 0.045455 0.215698 0.372727 0.235304
0 0.372727 0.215698 0.517235 0.235304
0 0.518182 0.215698 0.662689 0.235304
0 0.663636 0.215698 0.808144 0.235304
0 0.809091 0.215698 0.954545 0.235304
0 0.045455 0.235304 0.372727 0.254910
0 0.372727 0.235304 0.517235 0.254910
0 0.518182 0.235304 0.662689 0.254910
0 0.663636 0.235304 0.808144 0.254910
0 0.809091 0.235304 0.954545 0.254910
0 0.045455 0.254910 0.372727 0.274516
0 0.372727 0.254910 0.517235 0.274516
0 0.518182 0.254910 0.662689 0.274516
0 0.663636 0.254910 0.808144 0.274516
0 0.809091 0.254910 0.954545 0.274516
0 0.045455 0.274516 0.372727 0.294123
0 0.372727 0.274516 0.517235 0.294123
0 0.518182 0.274516 0.662689 0.294123
0 0.663636 0.274516 0.808144 0.294123
0 0.809091 0.274516 0.954545 0.294123
0 0.045455 0.294123 0.372727 0.313729
0 0.372727 0.294123 0.517235 0.313729
0 0.518182 0.294123 0.662689 0.313729
0 0.663636 0.294123 0.808144 0.313729
0 0.809091 0.294123 0.954545 0.313729
0 0.045455 0.313729 0.372727 0.333335
0 0.372727 0.313729 0.517235 0.333335
0 0.518182 0.313729 0.662689 0.333335
0 0.663636 0.313729 0.808144 0.333335
0 0.809091 0.313729 0.954545 0.333335
0 0.045455 0.333335 0.372727 0.352941
0 0.372727 0.333335 0.517235 0.352941
0 0.518182 0.333335 0.662689 0.352941
0 0.663636 0.333335 0.808144 0.352941
0 0.809091 0.333335 0.954545 0.352941
0 0.372727 0.411765 0.517235 0.431371
0 0.518182 0.411765 0.662689 0.431371
0 0.663636 0.411765 0.808144 0.431371
0 0.809091 0.411765 0.954545 0.431371
0 0.045455 0.568629 0.227273 0.588235
0 0.227273 0.568629 0.372727 0.588235
0 0.372727 0.568629 0.517235 0.588235
0 0.518182 0.568629 0.589962 0.588235
0 0.590909 0.568629 0.662689 0.588235
0 0.663636 0.568629 0.808144 0.588235
0 0.809091 0.568629 0.880871 0.588235
0 0.881818 0.568629 0.954545 0.588235
0 0.045455 0.588235 0.227273 0.607841
0 0.227273 0.588235 0.372727 0.607841
0 0.372727 0.588235 0.517235 0.607841
0 0.518182 0.588235 0.589962 0.607841
0 0.590909 0.588235 0.662689 0.607841
0 0.663636 0.588235 0.808144 0.607841
0 0.809091 0.588235 0.880871 0.607841
0 0.881818 0.588235 0.954545 0.607841
0 0.045455 0.607841 0.227273 0.627448
0 0.227273 0.607841 0.372727 0.627448
0 0.372727 0.607841 0.517235 0.627448
0 0.518182 0.607841 0.589962 0.627448
0 0.590909 0.607841 0.662689 0.627448
0 0.663636 0.607841 0.808144 0.627448
0 0.809091 0.607841 0.880871 0.627448
0 0.881818 0.607841 0.954545 0.627448
0 0.045455 0.627448 0.227273 0.647054
0 0.227273 0.627448 0.372727 0.647054
0 0.372727 0.627448 0.517235 0.647054
0 0.518182 0.627448 0.589962 0.647054
0 0.590909 0.627448 0.662689 0.647054
0 0.663636 0.627448 0.808144 0.647054
0 0.809091 0.627448 0.880871 0.647054
0 0.881818 0.627448 0.954545 0.647054
0 0.045455 0.647054 0.227273 0.666660
0 0.227273 0.647054 0.372727 0.666660
0 0.372727 0.647054 0.517235 0.666660
0 0.518182 0.647054 0.589962 0.666660
0 0.590909 0.647054 0.662689 0.666660
0 0.663636 0.647054 0.808144 0.666660
0 0.809091 0.647054 0.880871 0.666660
0 0.881818 0.647054 0.954545 0.666660
0 0.045455 0.666660 0.227273 0.686266
0 0.227273 0.666660 0.372727 0.686266
0 0.372727 0.666660 0.517235 0.686266
0 0.518182 0.666660 0.589962 0.686266
0 0.590909 0.666660 0.662689 0.686266
0 0.663636 0.666660 0.808144 0.686266
0 0.809091 0.666660 0.880871 0.686266
0 0.881818 0.666660 0.954545 0.686266
0 0.045455 0.686266 0.227273 0.705873
0 0.227273 0.686266 0.372727 0.705873
0 0.372727 0.686266 0.517235 0.705873
0 0.518182 0.686266 0.589962 0.705873
0 0.590909 0.686266 0.662689 0.705873
0 0.663636 0.686266 0.808144 0.705873
0 0.809091 0.686266 0.880871 0.705873
0 0.881818 0.686266 0.954545 0.705873
0 0.045455 0.705873 0.227273 0.725479
0 0.227273 0.705873 0.372727 0.725479
0 0.372727 0.705873 0.517235 0.725479
0 0.518182 0.705873 0.589962 0.725479
0 0.590909 0.705873 0.662689 0.725479
0 0.663636 0.705873 0.808144 0.725479
0 0.809091 0.705873 0.880871 0.725479
0 0.881818 0.705873 0.954545 0.725479
0 0.372727 0.764706 0.517235 0.784312
0 0.663636 0.764706 0.808144 0.784312
0 0.809091 0.784312 0.954545 0.803918
0 0.809091 0.803923 0.954545 0.823529
0 0.084343 0.846402 0.094444 0.859474
0 0.084343 0.866013 0.094444 0.879085
