0 0.835294 0.090909 0.941176 0.106059
0 0.694118 0.106059 0.798775 0.121210
0 0.835294 0.136364 0.941176 0.151514
0 0.835294 0.151514 0.941176 0.166664
0 0.835294 0.166668 0.941176 0.181818
0 0.835294 0.181818 0.941176 0.196968
0 0.835294 0.212122 0.941176 0.227273
0 0.694118 0.257577 0.798775 0.272727
0 0.694118 0.272727 0.798775 0.287878
0 0.694118 0.303032 0.798775 0.318182
0 0.835294 0.333332 0.941176 0.348482
0 0.835294 0.363636 0.941176 0.378787
0 0.835294 0.378787 0.941176 0.393937
0 0.835294 0.393941 0.941176 0.409091
0 0.835294 0.409091 0.941176 0.424241
0 0.835294 0.439395 0.941176 0.454545
