0 0.058826 0.118690 0.692919 0.136369
0 0.695779 0.118690 0.941213 0.136369
0 0.058826 0.242434 0.152947 0.257587
0 0.152947 0.242434 0.247069 0.257587
0 0.248703 0.242434 0.634093 0.257587
0 0.635319 0.242434 0.682380 0.257587
0 0.682380 0.242434 0.810571 0.257587
0 0.811797 0.242434 0.941213 0.257587
0 0.058826 0.272740 0.152947 0.287893
0 0.152947 0.272740 0.247069 0.287893
0 0.248703 0.272740 0.634093 0.287893
0 0.635319 0.272740 0.682380 0.287893
0 0.682380 0.272740 0.810571 0.287893
0 0.811797 0.272740 0.941213 0.287893
0 0.058826 0.303045 0.152947 0.318198
0 0.152947 0.303045 0.247069 0.318198
0 0.248703 0.303045 0.634093 0.318198
0 0.635319 0.303045 0.682380 0.318198
0 0.682380 0.303045 0.810571 0.318198
0 0.811797 0.303045 0.941213 0.318198
0 0.058826 0.333351 0.152947 0.348504
0 0.152947 0.333351 0.247069 0.348504
0 0.248703 0.333351 0.634093 0.348504
0 0.635319 0.333351 0.682380 0.348504
0 0.682380 0.333351 0.810571 0.348504
0 0.811797 0.333351 0.941213 0.348504
0 0.058826 0.363656 0.152947 0.378809
0 0.152947 0.363656 0.247069 0.378809
0 0.248703 0.363656 0.634093 0.378809
0 0.635319 0.363656 0.682380 0.378809
0 0.682380 0.363656 0.810571 0.378809
0 0.811797 0.363656 0.941213 0.378809
0 0.682380 0.393954 0.810571 0.409107
0 0.811797 0.393954 0.941213 0.409107
0 0.682380 0.424260 0.810571 0.439413
0 0.811797 0.424260 0.941213 0.439413
0 0.058826 0.530323 0.152947 0.545477
0 0.152947 0.530323 0.247069 0.545477
0 0.248703 0.530323 0.634093 0.545477
0 0.635319 0.530323 0.682380 0.545477
0 0.682380 0.530323 0.810571 0.545477
0 0.811797 0.530323 0.941213 0.545477
0 0.058826 0.560629 0.152947 0.575782
0 0.152947 0.560629 0.247069 0.575782
0 0.248703 0.560629 0.634093 0.575782
0 0.635319 0.560629 0.682380 0.575782
0 0.682380 0.560629 0.810571 0.575782
0 0.811797 0.560629 0.941213 0.575782
0 0.058826 0.590934 0.152947 0.606088
0 0.152947 0.590934 0.247069 0.606088
0 0.248703 0.590934 0.634093 0.606088
0 0.635319 0.590934 0.682380 0.606088
0 0.682380 0.590934 0.810571 0.606088
0 0.811797 0.590934 0.941213 0.606088
0 0.058826 0.621240 0.152947 0.636393
0 0.152947 0.621240 0.247069 0.636393
0 0.248703 0.621240 0.634093 0.636393
0 0.635319 0.621240 0.682380 0.636393
0 0.682380 0.621240 0.810571 0.636393
0 0.811797 0.621240 0.941213 0.636393
0 0.058826 0.651545 0.152947 0.666699
0 0.152947 0.651545 0.247069 0.666699
0 0.248703 0.651545 0.634093 0.666699
0 0.635319 0.651545 0.682380 0.666699
0 0.682380 0.651545 0.810571 0.666699
0 0.811797 0.651545 0.941213 0.666699
0 0.682380 0.681847 0.810571 0.697000
0 0.811797 0.681847 0.941213 0.697000
0 0.682380 0.712149 0.810571 0.727302
0 0.811797 0.712149 0.941213 0.727302
0 0.077799 0.760132 0.090871 0.770233
0 0.077799 0.789171 0.090871 0.799272
0 0.077799 0.866195 0.090871 0.876297
0 0.077799 0.881346 0.090871 0.891448
