0 0.058826 0.118690 0.739980 0.136369
0 0.741206 0.118690 0.941213 0.136369
0 0.107112 0.303045 0.494137 0.318198
0 0.539727 0.303676 0.554433 0.315041
0 0.645614 0.303676 0.660320 0.315041
0 0.705910 0.303045 0.835327 0.318198
0 0.880917 0.303361 0.895623 0.314725
0 0.107112 0.333351 0.494137 0.348504
0 0.539727 0.333982 0.554433 0.345346
0 0.645614 0.333982 0.660320 0.345346
0 0.705910 0.333351 0.835327 0.348504
0 0.880917 0.333666 0.895623 0.345030
0 0.107112 0.363656 0.494137 0.378809
0 0.539727 0.364287 0.554433 0.375652
0 0.645614 0.364287 0.660320 0.375652
0 0.705910 0.363656 0.835327 0.378809
0 0.880917 0.363972 0.895623 0.375336
0 0.588258 0.439414 0.704684 0.454568
0 0.705910 0.439414 0.822336 0.454568
0 0.823562 0.439414 0.941213 0.454568
0 0.588258 0.484872 0.704684 0.500024
0 0.705910 0.484872 0.822336 0.500024
0 0.823562 0.484872 0.941213 0.500024
0 0.588258 0.515176 0.704684 0.530330
0 0.705910 0.515176 0.822336 0.530330
0 0.823562 0.515176 0.941213 0.530330
0 0.588258 0.530330 0.704684 0.545480
0 0.705910 0.530330 0.822336 0.545480
0 0.823562 0.530330 0.941213 0.545480
0 0.588258 0.545480 0.704684 0.560631
0 0.705910 0.545480 0.822336 0.560631
0 0.823562 0.545480 0.941213 0.560631
0 0.588258 0.575783 0.704684 0.590937
0 0.705910 0.575783 0.822336 0.590937
0 0.823562 0.575783 0.941213 0.590937
0 0.588258 0.590937 0.704684 0.606088
0 0.705910 0.590937 0.822336 0.606088
0 0.823562 0.590937 0.941213 0.606088
0 0.588258 0.606088 0.704684 0.621238
0 0.705910 0.606088 0.822336 0.621238
0 0.823562 0.606088 0.941213 0.621238
0 0.588258 0.621238 0.704684 0.636389
0 0.705910 0.621238 0.822336 0.636389
0 0.823562 0.621238 0.941213 0.636389
0 0.588258 0.651541 0.704684 0.666695
0 0.705910 0.651541 0.822336 0.666695
0 0.823562 0.651541 0.941213 0.666695
0 0.588258 0.666695 0.704684 0.681846
0 0.705910 0.666695 0.822336 0.681846
0 0.823562 0.666695 0.941213 0.681846
0 0.588258 0.696998 0.704684 0.712151
0 0.705910 0.696998 0.822336 0.712151
0 0.823562 0.696998 0.941213 0.712151
0 0.588258 0.727303 0.704684 0.742457
0 0.705910 0.727303 0.822336 0.742457
0 0.823562 0.727303 0.941213 0.742457
0 0.588258 0.742457 0.704684 0.757608
0 0.705910 0.742457 0.822336 0.757608
0 0.823562 0.742457 0.941213 0.757608
0 0.588258 0.772760 0.704684 0.787913
0 0.705910 0.772760 0.822336 0.787913
0 0.823562 0.772760 0.941213 0.787913
