0 0.058826 0.118690 0.739980 0.136369
0 0.742840 0.118690 0.941213 0.136369
0 0.272887 0.151520 0.941213 0.166671
0 0.377466 0.166675 0.941213 0.181826
0 0.267984 0.181826 0.941213 0.196976
0 0.823562 0.199501 0.836634 0.209602
0 0.888924 0.199501 0.901996 0.209602
0 0.823562 0.214655 0.836634 0.224757
0 0.888924 0.214655 0.901996 0.224757
0 0.823562 0.243379 0.836634 0.253480
0 0.888924 0.243379 0.901996 0.253480
0 0.670615 0.340927 0.787041 0.356078
0 0.670615 0.371228 0.787041 0.386379
0 0.670615 0.401534 0.787041 0.416685
0 0.670615 0.416685 0.787041 0.431836
0 0.823562 0.431839 0.941213 0.446990
0 0.823562 0.492447 0.941213 0.507598
0 0.670615 0.545480 0.787041 0.560631
0 0.670615 0.560631 0.787041 0.575782
0 0.670615 0.575782 0.787041 0.590933
0 0.670615 0.590937 0.787041 0.606088
0 0.670615 0.606088 0.787041 0.621238
0 0.670615 0.636393 0.787041 0.651544
0 0.670615 0.651544 0.787041 0.666695
0 0.670615 0.681850 0.787041 0.697000
0 0.670615 0.712151 0.787041 0.727302
0 0.823562 0.727306 0.941213 0.742457
0 0.677151 0.780336 0.781730 0.795487
0 0.677151 0.795491 0.781730 0.810641
0 0.677151 0.810641 0.781730 0.825792
0 0.677151 0.825792 0.781730 0.840943
0 0.830098 0.840947 0.934677 0.856098
0 0.823562 0.856098 0.941213 0.871249
