0 0.409091 0.274511 0.489962 0.294118
0 0.490909 0.274511 0.571780 0.294118
0 0.572727 0.274511 0.653599 0.294118
0 0.654545 0.274511 0.735417 0.294118
0 0.765152 0.274510 0.780303 0.294118
0 0.837879 0.274510 0.853030 0.294118
0 0.910606 0.274510 0.925758 0.294118
0 0.309091 0.313724 0.400000 0.333330
0 0.409091 0.352943 0.489962 0.372552
0 0.490909 0.352943 0.571780 0.372552
0 0.572727 0.352943 0.653599 0.372552
0 0.654545 0.352943 0.735417 0.372552
0 0.765152 0.352943 0.780303 0.372551
0 0.837879 0.352943 0.853030 0.372551
0 0.910606 0.352943 0.925758 0.372551
0 0.409091 0.372552 0.489962 0.392159
0 0.490909 0.372552 0.571780 0.392159
0 0.572727 0.372552 0.653599 0.392159
0 0.654545 0.372552 0.735417 0.392159
0 0.765152 0.372551 0.780303 0.392159
0 0.837879 0.372551 0.853030 0.392159
0 0.910606 0.372551 0.925758 0.392159
0 0.409091 0.392159 0.489962 0.411765
0 0.490909 0.392159 0.571780 0.411765
0 0.572727 0.392159 0.653599 0.411765
0 0.654545 0.392159 0.735417 0.411765
0 0.767677 0.393791 0.780303 0.410131
0 0.840404 0.393791 0.853030 0.410131
0 0.913131 0.393791 0.925758 0.410131
0 0.409091 0.470588 0.489962 0.490194
0 0.490909 0.470588 0.571780 0.490194
0 0.572727 0.470588 0.653599 0.490194
0 0.654545 0.470588 0.735417 0.490194
0 0.767677 0.472221 0.780303 0.488560
0 0.840404 0.472221 0.853030 0.488560
0 0.913131 0.472221 0.925758 0.488560
0 0.409091 0.588234 0.489962 0.607841
0 0.490909 0.588234 0.571780 0.607841
0 0.572727 0.588234 0.653599 0.607841
0 0.654545 0.588234 0.735417 0.607841
0 0.767677 0.589868 0.780303 0.606208
0 0.840404 0.589868 0.853030 0.606208
0 0.913131 0.589868 0.925758 0.606208
0 0.409091 0.647057 0.489962 0.666665
0 0.490909 0.647057 0.571780 0.666665
0 0.572727 0.647057 0.653599 0.666665
0 0.654545 0.647057 0.735417 0.666665
0 0.767677 0.648691 0.780303 0.665031
0 0.840404 0.648691 0.853030 0.665031
0 0.913131 0.648691 0.925758 0.665031
