0 0.352941 0.090909 0.470588 0.106059
0 0.494118 0.090909 0.529412 0.106059
0 0.611765 0.090909 0.729412 0.106059
0 0.752941 0.090909 0.788235 0.106059
0 0.058824 0.148990 0.645833 0.166668
0 0.647059 0.148990 0.941176 0.166668
0 0.924835 0.183711 0.939541 0.195075
0 0.623529 0.287878 0.728186 0.303028
0 0.729412 0.287878 0.834069 0.303028
0 0.835294 0.287878 0.941176 0.303028
0 0.623529 0.303028 0.728186 0.318178
0 0.729412 0.303028 0.834069 0.318178
0 0.835294 0.303028 0.941176 0.318178
0 0.623529 0.333330 0.728186 0.348482
0 0.729412 0.333330 0.834069 0.348482
0 0.835294 0.333330 0.941176 0.348482
0 0.623529 0.348482 0.728186 0.363633
0 0.729412 0.348482 0.834069 0.363633
0 0.835294 0.348482 0.941176 0.363633
0 0.835294 0.378787 0.941176 0.393937
0 0.835294 0.393941 0.941176 0.409091
0 0.110458 0.426134 0.125163 0.437497
0 0.110458 0.441288 0.125163 0.452652
0 0.835294 0.454545 0.941176 0.469696
0 0.835294 0.469696 0.941176 0.484846
0 0.694118 0.500000 0.798775 0.515150
0 0.694118 0.530304 0.798775 0.545455
0 0.835294 0.545455 0.941176 0.560605
0 0.694118 0.575759 0.798775 0.590909
0 0.694118 0.590909 0.798775 0.606059
0 0.694118 0.606059 0.798775 0.621210
0 0.694118 0.636364 0.798775 0.651514
0 0.110458 0.653407 0.125163 0.664770
0 0.110458 0.668561 0.125163 0.679924
0 0.694118 0.696968 0.798775 0.712119
0 0.694118 0.727273 0.798775 0.742423
0 0.694118 0.757577 0.798775 0.772727
0 0.835294 0.772727 0.941176 0.787878
0 0.835294 0.787878 0.941176 0.803028
0 0.835294 0.803032 0.926471 0.818182
0 0.110458 0.850379 0.125163 0.861742
0 0.110458 0.865529 0.125163 0.876893
