0 0.058826 0.118690 0.751745 0.136369
0 0.752971 0.118690 0.941213 0.136369
0 0.823562 0.151520 0.941213 0.166671
0 0.670615 0.181826 0.787041 0.196976
0 0.670615 0.196976 0.787041 0.212127
0 0.670615 0.212131 0.787041 0.227282
0 0.670615 0.227282 0.787041 0.242433
0 0.670615 0.242433 0.787041 0.257584
0 0.670615 0.257587 0.787041 0.272738
0 0.823562 0.272738 0.941213 0.287889
0 0.823562 0.287889 0.941213 0.303040
0 0.823562 0.303044 0.941213 0.318195
0 0.823562 0.318195 0.941213 0.333346
0 0.670615 0.333346 0.787041 0.348496
0 0.670615 0.348500 0.787041 0.363651
0 0.823562 0.363651 0.941213 0.378802
0 0.823562 0.378802 0.941213 0.393953
0 0.435311 0.454564 0.551737 0.469715
0 0.552963 0.454564 0.669389 0.469715
0 0.670615 0.454564 0.787041 0.469715
0 0.823562 0.454564 0.941213 0.469715
0 0.435311 0.469715 0.551737 0.484866
0 0.552963 0.469715 0.669389 0.484866
0 0.670615 0.469715 0.787041 0.484866
0 0.823562 0.469715 0.941213 0.484866
0 0.435311 0.484866 0.551737 0.500016
0 0.552963 0.484866 0.669389 0.500016
0 0.670615 0.484866 0.787041 0.500016
0 0.823562 0.484866 0.941213 0.500016
0 0.435311 0.500016 0.551737 0.515167
0 0.552963 0.500016 0.669389 0.515167
0 0.670615 0.500016 0.787041 0.515167
0 0.823562 0.500016 0.941213 0.515167
0 0.435311 0.515167 0.551737 0.530318
0 0.552963 0.515167 0.669389 0.530318
0 0.670615 0.515167 0.787041 0.530318
0 0.823562 0.515167 0.941213 0.530318
0 0.435311 0.530318 0.551737 0.545469
0 0.552963 0.530318 0.669389 0.545469
0 0.670615 0.530318 0.787041 0.545469
0 0.823562 0.530318 0.941213 0.545469
0 0.435311 0.545469 0.551737 0.560620
0 0.552963 0.545469 0.669389 0.560620
0 0.670615 0.545469 0.787041 0.560620
0 0.823562 0.545469 0.941213 0.560620
0 0.435311 0.560620 0.551737 0.575771
0 0.552963 0.560620 0.669389 0.575771
0 0.670615 0.560620 0.787041 0.575771
0 0.823562 0.560620 0.941213 0.575771
0 0.435311 0.575771 0.551737 0.590922
0 0.552963 0.575771 0.669389 0.590922
0 0.670615 0.575771 0.787041 0.590922
0 0.823562 0.575771 0.941213 0.590922
0 0.823562 0.590933 0.941213 0.606084
0 0.823562 0.606084 0.941213 0.621235
0 0.823562 0.621238 0.941213 0.636389
0 0.823562 0.636389 0.941213 0.651540
0 0.823562 0.651540 0.941213 0.666691
0 0.823562 0.666695 0.941213 0.681846
0 0.823562 0.696997 0.941213 0.712148
0 0.823562 0.712151 0.941213 0.727302
0 0.823562 0.727302 0.941213 0.742453
0 0.823562 0.742453 0.941213 0.757604
0 0.823562 0.772758 0.941213 0.787909
0 0.823562 0.803064 0.941213 0.818215
0 0.823562 0.818215 0.941213 0.833366
0 0.823562 0.833366 0.941213 0.848517
0 0.823562 0.848520 0.941213 0.863671
0 0.823562 0.863671 0.941213 0.878822
