0 0.588258 0.136369 0.704684 0.151520
0 0.705910 0.136369 0.822336 0.151520
0 0.823562 0.136369 0.941213 0.151520
0 0.588258 0.151520 0.704684 0.166671
0 0.705910 0.151520 0.822336 0.166671
0 0.823562 0.151520 0.941213 0.166671
0 0.588258 0.166671 0.704684 0.181822
0 0.705910 0.166671 0.822336 0.181822
0 0.823562 0.166671 0.941213 0.181822
0 0.435311 0.196974 0.551737 0.212127
0 0.588258 0.196974 0.704684 0.212127
0 0.705910 0.196974 0.822336 0.212127
0 0.823562 0.196974 0.941213 0.212127
0 0.435311 0.227279 0.551737 0.242433
0 0.588258 0.227279 0.704684 0.242433
0 0.705910 0.227279 0.822336 0.242433
0 0.823562 0.227279 0.939988 0.242433
0 0.435311 0.242433 0.551737 0.257584
0 0.588258 0.242433 0.704684 0.257584
0 0.705910 0.242433 0.822336 0.257584
0 0.823562 0.242433 0.939988 0.257584
0 0.435311 0.272736 0.551737 0.287889
0 0.588258 0.272736 0.704684 0.287889
0 0.705910 0.272736 0.822336 0.287889
0 0.823562 0.272736 0.939988 0.287889
0 0.435311 0.287889 0.529433 0.303040
0 0.588258 0.287889 0.704684 0.303040
0 0.705910 0.287889 0.822336 0.303040
0 0.823562 0.287889 0.941213 0.303040
0 0.588258 0.303040 0.704684 0.318191
0 0.705910 0.303040 0.822336 0.318191
0 0.823562 0.303040 0.941213 0.318191
0 0.588258 0.348495 0.704684 0.363647
0 0.705910 0.348495 0.822336 0.363647
0 0.823562 0.348495 0.941213 0.363647
0 0.670615 0.393957 0.787041 0.409107
0 0.670615 0.424258 0.787041 0.439409
0 0.675517 0.439413 0.783364 0.454564
0 0.670615 0.469715 0.787041 0.484866
0 0.670615 0.484869 0.787041 0.500020
0 0.823562 0.500020 0.941213 0.515171
0 0.670615 0.515171 0.787041 0.530322
0 0.670615 0.545477 0.787041 0.560627
0 0.823562 0.560627 0.941213 0.575778
0 0.823562 0.575782 0.941213 0.590933
0 0.823562 0.606084 0.941213 0.621235
0 0.823562 0.636389 0.941213 0.651540
0 0.823562 0.651540 0.941213 0.666691
0 0.828464 0.681846 0.936311 0.696997
