0 0.670615 0.083335 0.787041 0.098486
0 0.670615 0.113641 0.787041 0.128792
0 0.823562 0.128792 0.941213 0.143943
0 0.670615 0.204554 0.787041 0.219705
0 0.670615 0.219705 0.787041 0.234856
0 0.670615 0.234859 0.787041 0.250010
0 0.823562 0.250010 0.941213 0.265161
0 0.823562 0.287889 0.941213 0.303040
0 0.823562 0.325772 0.941213 0.340923
0 0.823562 0.409107 0.941213 0.424258
0 0.823562 0.446987 0.941213 0.462137
0 0.823562 0.462141 0.941213 0.477292
0 0.823562 0.477292 0.882388 0.492443
0 0.892192 0.477292 0.941213 0.492443
0 0.823562 0.492443 0.941213 0.507594
0 0.823562 0.545477 0.941213 0.560627
0 0.823562 0.628812 0.941213 0.643963
0 0.823562 0.643967 0.941213 0.659118
0 0.823562 0.659118 0.882388 0.674268
0 0.892192 0.659118 0.941213 0.674268
0 0.823562 0.674268 0.941213 0.689419
0 0.823562 0.727302 0.941213 0.742453
