0 0.058826 0.181823 0.152947 0.196976
0 0.152947 0.181823 0.247069 0.196976
0 0.248703 0.181823 0.634093 0.196976
0 0.635319 0.181823 0.682380 0.196976
0 0.682380 0.181823 0.810571 0.196976
0 0.811797 0.181823 0.941213 0.196976
0 0.058826 0.212129 0.152947 0.227282
0 0.152947 0.212129 0.247069 0.227282
0 0.248703 0.212129 0.634093 0.227282
0 0.635319 0.212129 0.682380 0.227282
0 0.682380 0.212129 0.810571 0.227282
0 0.811797 0.212129 0.941213 0.227282
0 0.058826 0.242434 0.152947 0.257587
0 0.152947 0.242434 0.247069 0.257587
0 0.248703 0.242434 0.634093 0.257587
0 0.635319 0.242434 0.682380 0.257587
0 0.682380 0.242434 0.810571 0.257587
0 0.811797 0.242434 0.941213 0.257587
0 0.058826 0.272740 0.152947 0.287893
0 0.152947 0.272740 0.247069 0.287893
0 0.248703 0.272740 0.634093 0.287893
0 0.635319 0.272740 0.682380 0.287893
0 0.682380 0.272740 0.810571 0.287893
0 0.811797 0.272740 0.941213 0.287893
0 0.058826 0.303045 0.152947 0.318198
0 0.152947 0.303045 0.247069 0.318198
0 0.248703 0.303045 0.634093 0.318198
0 0.635319 0.303045 0.682380 0.318198
0 0.682380 0.303045 0.810571 0.318198
0 0.811797 0.303045 0.941213 0.318198
0 0.682380 0.333347 0.810571 0.348500
0 0.811797 0.333347 0.941213 0.348500
0 0.682380 0.363652 0.810571 0.378806
0 0.811797 0.363652 0.941213 0.378806
0 0.062748 0.389535 0.075820 0.399636
0 0.058826 0.515172 0.152947 0.530326
0 0.152947 0.515172 0.247069 0.530326
0 0.248294 0.515172 0.635319 0.530326
0 0.635319 0.515172 0.682380 0.530326
0 0.682380 0.515172 0.810571 0.530326
0 0.811797 0.515172 0.941213 0.530326
0 0.058826 0.545478 0.152947 0.560631
0 0.152947 0.545478 0.247069 0.560631
0 0.248294 0.545478 0.635319 0.560631
0 0.635319 0.545478 0.682380 0.560631
0 0.682380 0.545478 0.810571 0.560631
0 0.811797 0.545478 0.941213 0.560631
0 0.058826 0.575783 0.152947 0.590937
0 0.152947 0.575783 0.247069 0.590937
0 0.248294 0.575783 0.635319 0.590937
0 0.635319 0.575783 0.682380 0.590937
0 0.682380 0.575783 0.810571 0.590937
0 0.811797 0.575783 0.941213 0.590937
0 0.058826 0.606089 0.152947 0.621242
0 0.152947 0.606089 0.247069 0.621242
0 0.248294 0.606089 0.635319 0.621242
0 0.635319 0.606089 0.682380 0.621242
0 0.682380 0.606089 0.810571 0.621242
0 0.811797 0.606089 0.941213 0.621242
0 0.058826 0.636394 0.152947 0.651548
0 0.152947 0.636394 0.247069 0.651548
0 0.248294 0.636394 0.635319 0.651548
0 0.635319 0.636394 0.682380 0.651548
0 0.682380 0.636394 0.810571 0.651548
0 0.811797 0.636394 0.941213 0.651548
0 0.682380 0.666692 0.810571 0.681846
0 0.811797 0.666692 0.941213 0.681846
0 0.682380 0.696998 0.810571 0.712151
0 0.811797 0.696998 0.941213 0.712151
