0 0.058824 0.118686 0.716422 0.136364
0 0.719281 0.118686 0.941176 0.136364
0 0.248693 0.148990 0.716422 0.166668
0 0.719281 0.148990 0.941176 0.166668
0 0.248693 0.179294 0.941176 0.196972
0 0.248693 0.209595 0.481127 0.227273
0 0.483987 0.209595 0.716422 0.227273
0 0.719281 0.209595 0.941176 0.227273
0 0.094118 0.275251 0.107190 0.285352
0 0.094118 0.290401 0.107190 0.300503
0 0.094118 0.305556 0.107190 0.315657
0 0.094118 0.320706 0.107190 0.330807
0 0.094118 0.335856 0.107190 0.345957
0 0.094118 0.351010 0.107190 0.361111
