0 0.790572 0.057028 0.939538 0.072811
0 0.782675 0.085016 0.939265 0.101220
0 0.064814 0.108164 0.853209 0.129629
0 0.065904 0.144780 0.940082 0.165403
0 0.059368 0.199494 0.425379 0.218013
0 0.172113 0.301345 0.436000 0.319021
0 0.441719 0.301766 0.563722 0.319442
0 0.565083 0.301556 0.692261 0.319442
0 0.703699 0.301556 0.939265 0.319232
0 0.171296 0.319021 0.436000 0.338381
0 0.441446 0.319021 0.564266 0.336698
0 0.564812 0.319021 0.692261 0.336698
0 0.703699 0.319021 0.940082 0.336698
0 0.171296 0.337330 0.436544 0.354375
0 0.440629 0.336067 0.563722 0.353744
0 0.564812 0.336698 0.692261 0.354375
0 0.703699 0.336278 0.940082 0.353323
0 0.171296 0.354586 0.436000 0.370789
0 0.441173 0.353323 0.563995 0.371000
0 0.564812 0.353323 0.692261 0.370789
0 0.704516 0.353112 0.939809 0.370789
0 0.171296 0.370369 0.436271 0.387624
0 0.441719 0.370369 0.564266 0.387624
0 0.564812 0.370369 0.691717 0.387624
0 0.703699 0.370158 0.939809 0.387835
0 0.171023 0.387203 0.436271 0.403196
0 0.441719 0.387414 0.563995 0.403617
0 0.565083 0.387414 0.691717 0.403617
0 0.703699 0.387414 0.939536 0.403617
0 0.171296 0.402986 0.435727 0.419400
0 0.440629 0.403196 0.563722 0.419610
0 0.564812 0.403196 0.692261 0.419610
0 0.703699 0.403617 0.939536 0.420032
0 0.206426 0.742210 0.896508 0.760938
0 0.501631 0.768093 0.737196 0.787664
0 0.501087 0.808918 0.738013 0.828067
0 0.066721 0.870785 0.498907 0.889094
0 0.513069 0.870996 0.901956 0.889304
