0 0.652951 0.053687 0.669291 0.066313
0 0.743095 0.053687 0.759435 0.066313
0 0.652956 0.099141 0.669296 0.111768
0 0.743095 0.099141 0.759435 0.111768
0 0.058843 0.134545 0.941186 0.154545
0 0.058843 0.170909 0.941186 0.218182
0 0.652951 0.223232 0.669291 0.235859
0 0.743095 0.223232 0.759435 0.235859
0 0.652961 0.277778 0.669301 0.290404
0 0.743095 0.277778 0.759435 0.290404
0 0.825892 0.277778 0.842232 0.290404
0 0.652951 0.309141 0.669291 0.321768
0 0.743095 0.309141 0.759435 0.321768
0 0.825892 0.309141 0.842232 0.321768
0 0.652966 0.353687 0.669306 0.366313
0 0.743095 0.353687 0.759435 0.366313
0 0.288838 0.376909 0.941186 0.397273
0 0.652969 0.403687 0.669309 0.416313
0 0.743095 0.403687 0.759435 0.416313
0 0.521070 0.426909 0.941186 0.447273
0 0.652969 0.453687 0.669309 0.466313
0 0.743095 0.453687 0.759435 0.466313
0 0.509941 0.476909 0.941186 0.497273
0 0.684387 0.504182 0.941186 0.524545
0 0.058838 0.586364 0.229426 0.609091
0 0.241191 0.586364 0.405897 0.609091
0 0.417662 0.586364 0.941020 0.609091
0 0.058838 0.609091 0.229426 0.631818
0 0.241191 0.609091 0.405897 0.631818
0 0.417662 0.609091 0.941020 0.631818
0 0.058838 0.631818 0.229426 0.654545
0 0.241191 0.631818 0.405897 0.654545
0 0.417662 0.631818 0.941020 0.654545
0 0.058838 0.654545 0.229426 0.677273
0 0.241191 0.654545 0.405897 0.677273
0 0.417662 0.654545 0.941020 0.677273
0 0.058833 0.691655 0.941186 0.881818
0 0.058843 0.925455 0.782373 0.954545
0 0.794127 0.925455 0.941186 0.954545
