0 0.788235 0.061818 0.941176 0.081818
0 0.788235 0.111818 0.941176 0.131818
0 0.058824 0.150000 0.941176 0.168182
0 0.070588 0.182133 0.794118 0.200314
0 0.058824 0.213636 0.782353 0.231818
0 0.058824 0.281818 0.941176 0.300000
0 0.728758 0.359091 0.941176 0.377273
0 0.058824 0.377273 0.941176 0.395455
0 0.058824 0.395455 0.941176 0.413636
0 0.058824 0.413636 0.790131 0.431818
0 0.623511 0.436364 0.935294 0.454545
0 0.058824 0.643636 0.941176 0.672727
0 0.058824 0.752727 0.441176 0.781818
0 0.452941 0.752727 0.823529 0.781818
0 0.835294 0.752727 0.941176 0.781818
0 0.058824 0.798182 0.441176 0.827273
0 0.452941 0.798182 0.823529 0.827273
0 0.835294 0.798182 0.941176 0.827273
0 0.058824 0.880000 0.494118 0.909091
0 0.505882 0.880000 0.941176 0.909091
0 0.058824 0.925455 0.823529 0.954545
0 0.835294 0.925455 0.941176 0.954545
