0 0.776471 0.061818 0.947059 0.095455
0 0.776471 0.111818 0.947059 0.145455
0 0.052941 0.163636 0.947059 0.181818
0 0.064706 0.195455 0.817647 0.213636
0 0.052941 0.227273 0.800000 0.245455
0 0.052941 0.290909 0.947059 0.309091
0 0.052941 0.375455 0.947059 0.495455
0 0.652941 0.495455 0.947059 0.513636
0 0.052941 0.666364 0.947059 0.690909
0 0.052941 0.730000 0.494118 0.754545
0 0.505882 0.730000 0.947059 0.754545
0 0.052941 0.784545 0.764706 0.809091
0 0.776471 0.770909 0.947059 0.809091
0 0.052941 0.825455 0.947059 0.850000
0 0.052941 0.889091 0.494118 0.913636
0 0.505877 0.889091 0.947054 0.913636
0 0.052941 0.930000 0.764706 0.954545
0 0.776466 0.930000 0.947054 0.954545
