0 0.058833 0.116364 0.641186 0.245455
0 0.652941 0.117452 0.941176 0.136364
0 0.652941 0.152727 0.941176 0.172727
0 0.652941 0.189091 0.941176 0.209091
0 0.652941 0.226543 0.941176 0.245455
0 0.058833 0.284545 0.941176 0.304545
0 0.058833 0.320909 0.941176 0.340909
0 0.058833 0.357273 0.941176 0.377273
0 0.058824 0.436364 0.641176 0.459091
0 0.652941 0.436364 0.941176 0.459091
0 0.058824 0.459091 0.641176 0.481818
0 0.652941 0.459091 0.941176 0.481818
0 0.058824 0.481818 0.641176 0.504545
0 0.652941 0.481818 0.941176 0.504545
0 0.058824 0.504545 0.641176 0.527273
0 0.652941 0.504545 0.941176 0.527273
0 0.076471 0.557323 0.092810 0.569949
0 0.190588 0.557323 0.206928 0.569949
0 0.278824 0.557323 0.295163 0.569949
0 0.384706 0.557323 0.401046 0.569949
0 0.496471 0.557323 0.512810 0.569949
0 0.743095 0.557323 0.759435 0.569949
0 0.058833 0.593636 0.941176 0.636364
0 0.058838 0.652727 0.494132 0.672727
0 0.505882 0.652727 0.941176 0.672727
0 0.652951 0.676414 0.669291 0.689040
0 0.743095 0.676414 0.759435 0.689040
0 0.058833 0.711818 0.941176 0.754545
0 0.652941 0.759596 0.669281 0.772222
0 0.743098 0.759596 0.759438 0.772222
0 0.058833 0.802727 0.941176 0.850000
0 0.652941 0.853687 0.669281 0.866313
0 0.743095 0.853687 0.759435 0.866313
0 0.825882 0.853687 0.842222 0.866313
0 0.058833 0.889091 0.941176 0.909091
0 0.652941 0.912778 0.669281 0.925404
0 0.743095 0.912778 0.759435 0.925404
