0 0.781314 0.067340 0.940355 0.086700
0 0.781314 0.105218 0.941716 0.123527
0 0.405771 0.176346 0.942533 0.192338
0 0.061546 0.200967 0.927554 0.220116
0 0.073257 0.231059 0.796837 0.249157
0 0.059912 0.265991 0.736652 0.286193
0 0.074618 0.313129 0.337417 0.332490
0 0.425923 0.313340 0.940626 0.331437
0 0.352667 0.424240 0.930278 0.441074
0 0.715686 0.452020 0.933007 0.469697
0 0.058824 0.520202 0.942810 0.602273
0 0.205882 0.728535 0.895425 0.747475
0 0.502721 0.765146 0.735289 0.783665
0 0.503265 0.804499 0.735018 0.823648
0 0.066993 0.871212 0.501634 0.891414
0 0.514706 0.871212 0.905229 0.890152
