0 0.823562 0.093437 0.836634 0.103538
0 0.882388 0.093437 0.895460 0.103538
0 0.823562 0.108588 0.836634 0.118689
0 0.882388 0.108588 0.895460 0.118689
0 0.823562 0.138893 0.836634 0.148995
0 0.882388 0.138893 0.895460 0.148995
0 0.377793 0.181826 0.505902 0.196976
0 0.823562 0.214655 0.836634 0.224757
0 0.882388 0.214655 0.895460 0.224757
0 0.058826 0.257587 0.941213 0.272738
0 0.058826 0.272738 0.941213 0.287889
0 0.058826 0.287889 0.941213 0.303040
0 0.058826 0.303044 0.941213 0.318195
0 0.058826 0.318195 0.941213 0.333346
0 0.058826 0.333346 0.941213 0.348496
0 0.058826 0.348500 0.941213 0.363651
0 0.058826 0.363651 0.941213 0.378802
0 0.058826 0.378802 0.941213 0.393953
0 0.176478 0.454564 0.247069 0.469715
0 0.329425 0.454564 0.400016 0.469715
0 0.470607 0.469715 0.811797 0.484866
0 0.823562 0.502544 0.836634 0.512646
0 0.882388 0.502544 0.895460 0.512646
0 0.823562 0.517695 0.836634 0.527797
0 0.882388 0.517695 0.895460 0.527797
0 0.823562 0.532850 0.836634 0.542951
0 0.882388 0.532850 0.895460 0.542951
0 0.823562 0.548001 0.836634 0.558102
0 0.882388 0.548001 0.895460 0.558102
0 0.823562 0.563152 0.836634 0.573253
0 0.882388 0.563152 0.895460 0.573253
0 0.823562 0.578306 0.836634 0.588408
0 0.882388 0.578306 0.895460 0.588408
0 0.752971 0.606084 0.930102 0.621235
0 0.823562 0.638913 0.836634 0.649015
0 0.882388 0.638913 0.895460 0.649015
0 0.823562 0.669219 0.836634 0.679320
0 0.882388 0.669219 0.895460 0.679320
