0 0.176478 0.121218 0.329425 0.136369
0 0.482372 0.121218 0.634093 0.136369
0 0.823562 0.154044 0.836634 0.164146
0 0.882388 0.154044 0.895460 0.164146
0 0.176478 0.242437 0.329425 0.257587
0 0.331059 0.242437 0.481146 0.257587
0 0.482372 0.242437 0.634093 0.257587
0 0.635319 0.242437 0.787041 0.257587
0 0.788266 0.242437 0.941213 0.257587
0 0.176478 0.257587 0.329425 0.272738
0 0.331059 0.257587 0.481146 0.272738
0 0.482372 0.257587 0.634093 0.272738
0 0.635319 0.257587 0.787041 0.272738
0 0.788266 0.257587 0.941213 0.272738
0 0.176478 0.272738 0.329425 0.287889
0 0.331059 0.272738 0.481146 0.287889
0 0.482372 0.272738 0.634093 0.287889
0 0.635319 0.272738 0.787041 0.287889
0 0.788266 0.272738 0.941213 0.287889
0 0.176478 0.287889 0.329425 0.303040
0 0.331059 0.287889 0.481146 0.303040
0 0.482372 0.287889 0.634093 0.303040
0 0.635319 0.287889 0.787041 0.303040
0 0.788266 0.287889 0.941213 0.303040
0 0.176478 0.303040 0.329425 0.318191
0 0.331059 0.303040 0.481146 0.318191
0 0.482372 0.303040 0.634093 0.318191
0 0.635319 0.303040 0.787041 0.318191
0 0.788266 0.303040 0.941213 0.318191
0 0.176478 0.318191 0.329425 0.333342
0 0.331059 0.318191 0.481146 0.333342
0 0.482372 0.318191 0.634093 0.333342
0 0.635319 0.318191 0.787041 0.333342
0 0.788266 0.318191 0.941213 0.333342
0 0.176478 0.333342 0.329425 0.348493
0 0.331059 0.333342 0.481146 0.348493
0 0.482372 0.333342 0.634093 0.348493
0 0.635319 0.333342 0.787041 0.348493
0 0.788266 0.333342 0.941213 0.348493
0 0.176478 0.348493 0.329425 0.363643
0 0.331059 0.348493 0.481146 0.363643
0 0.482372 0.348493 0.634093 0.363643
0 0.635319 0.348493 0.787041 0.363643
0 0.788266 0.348493 0.941213 0.363643
0 0.176478 0.363643 0.329425 0.378794
0 0.331059 0.363643 0.481146 0.378794
0 0.482372 0.363643 0.634093 0.378794
0 0.635319 0.363643 0.787041 0.378794
0 0.788266 0.363643 0.941213 0.378794
0 0.176478 0.378794 0.329425 0.393945
0 0.331059 0.378794 0.481146 0.393945
0 0.482372 0.378794 0.634093 0.393945
0 0.635319 0.378794 0.787041 0.393945
0 0.176478 0.393945 0.329425 0.409096
0 0.331059 0.393945 0.481146 0.409096
0 0.482372 0.393945 0.634093 0.409096
0 0.635319 0.393945 0.787041 0.409096
0 0.176478 0.409096 0.329425 0.424247
0 0.331059 0.409096 0.481146 0.424247
0 0.482372 0.409096 0.634093 0.424247
0 0.635319 0.409096 0.787041 0.424247
0 0.482372 0.424247 0.634093 0.439398
0 0.635319 0.424247 0.787041 0.439398
0 0.788266 0.424247 0.941213 0.439398
0 0.823562 0.472243 0.836634 0.482344
0 0.882388 0.472243 0.895460 0.482344
0 0.823562 0.502544 0.836634 0.512646
0 0.882388 0.502544 0.895460 0.512646
0 0.823562 0.548001 0.836634 0.558102
0 0.882388 0.548001 0.895460 0.558102
0 0.823562 0.593461 0.836634 0.603562
0 0.882388 0.593461 0.895460 0.603562
0 0.717675 0.621238 0.894806 0.636389
0 0.824067 0.638913 0.837139 0.649015
0 0.882892 0.638913 0.895965 0.649015
0 0.176478 0.742453 0.282364 0.757604
0 0.283998 0.742453 0.481146 0.757604
0 0.482372 0.742453 0.564728 0.757604
0 0.564728 0.742453 0.669389 0.757604
0 0.670615 0.742453 0.775276 0.757604
0 0.776501 0.742453 0.941213 0.757604
0 0.176478 0.757604 0.282364 0.772755
0 0.283998 0.757604 0.481146 0.772755
0 0.482372 0.757604 0.564728 0.772755
0 0.564728 0.757604 0.669389 0.772755
0 0.670615 0.757604 0.775276 0.772755
0 0.776501 0.757604 0.941213 0.772755
0 0.176478 0.772755 0.282364 0.787906
0 0.283998 0.772755 0.481146 0.787906
0 0.482372 0.772755 0.564728 0.787906
0 0.564728 0.772755 0.669389 0.787906
0 0.670615 0.772755 0.775276 0.787906
0 0.776501 0.772755 0.941213 0.787906
0 0.176478 0.787906 0.282364 0.803056
0 0.283998 0.787906 0.481146 0.803056
0 0.482372 0.787906 0.564728 0.803056
0 0.564728 0.787906 0.669389 0.803056
0 0.670615 0.787906 0.775276 0.803056
0 0.776501 0.787906 0.941213 0.803056
0 0.176478 0.803056 0.282364 0.818207
0 0.283998 0.803056 0.481146 0.818207
0 0.482372 0.803056 0.564728 0.818207
0 0.564728 0.803056 0.669389 0.818207
0 0.670615 0.803056 0.775276 0.818207
0 0.776501 0.803056 0.941213 0.818207
0 0.176478 0.818207 0.282364 0.833358
0 0.283998 0.818207 0.481146 0.833358
0 0.482372 0.818207 0.564728 0.833358
0 0.564728 0.818207 0.669389 0.833358
0 0.670615 0.818207 0.775276 0.833358
0 0.776501 0.818207 0.941213 0.833358
0 0.176478 0.833358 0.282364 0.848509
0 0.283998 0.833358 0.481146 0.848509
0 0.482372 0.833358 0.564728 0.848509
0 0.564728 0.833358 0.669389 0.848509
0 0.670615 0.833358 0.775276 0.848509
0 0.776501 0.833358 0.941213 0.848509
0 0.176478 0.848509 0.282364 0.863660
0 0.283998 0.848509 0.481146 0.863660
0 0.482372 0.848509 0.564728 0.863660
0 0.564728 0.848509 0.669389 0.863660
0 0.670615 0.848509 0.775276 0.863660
0 0.776501 0.848509 0.941213 0.863660
0 0.176478 0.863660 0.282364 0.878811
0 0.283998 0.863660 0.481146 0.878811
0 0.482372 0.863660 0.564728 0.878811
0 0.564728 0.863660 0.669389 0.878811
0 0.670615 0.863660 0.775276 0.878811
0 0.776501 0.863660 0.941213 0.878811
0 0.564728 0.878811 0.669389 0.893962
0 0.670615 0.878811 0.775276 0.893962
0 0.776501 0.878811 0.941213 0.893962
