0 0.176471 0.136869 0.192810 0.149495
0 0.323529 0.136869 0.339869 0.149495
0 0.500000 0.136869 0.516340 0.149495
0 0.176471 0.159596 0.192810 0.172222
0 0.323529 0.159596 0.339869 0.172222
0 0.500000 0.159596 0.516340 0.172222
0 0.682353 0.125455 0.941176 0.145455
0 0.682353 0.161818 0.941176 0.181818
0 0.170588 0.204545 0.700000 0.227273
0 0.717647 0.204545 0.747059 0.227273
0 0.758824 0.204545 0.941176 0.227273
0 0.058824 0.240909 0.941176 0.263636
0 0.164706 0.277273 0.941176 0.300000
0 0.058824 0.313636 0.941176 0.336364
0 0.641176 0.350000 0.941176 0.368182
0 0.121176 0.368182 0.235294 0.386364
0 0.058824 0.725455 0.405882 0.750000
0 0.417647 0.725455 0.758824 0.750000
0 0.770588 0.725455 0.941176 0.750000
0 0.058828 0.766364 0.405887 0.790909
0 0.417652 0.766364 0.758828 0.790909
0 0.770588 0.766364 0.941176 0.790909
0 0.058824 0.830000 0.405882 0.854545
0 0.417647 0.830000 0.941176 0.854545
0 0.058824 0.870909 0.405882 0.895455
0 0.417647 0.870909 0.935294 0.895455
0 0.058824 0.911818 0.941176 0.936364
