0 0.058824 0.058082 0.336275 0.075759
0 0.647059 0.058082 0.682353 0.075759
0 0.692157 0.058082 0.773203 0.075759
0 0.541176 0.151514 0.704248 0.170455
0 0.717647 0.151514 0.751307 0.170455
0 0.541176 0.181818 0.704248 0.200759
0 0.717647 0.181818 0.751307 0.200759
0 0.541176 0.212122 0.704248 0.231063
0 0.717647 0.212122 0.751307 0.231063
0 0.541176 0.242423 0.704248 0.261364
0 0.717647 0.242423 0.751307 0.261364
0 0.541176 0.281564 0.704248 0.300505
0 0.717647 0.281564 0.751307 0.300505
0 0.095752 0.374370 0.112092 0.386996
0 0.425163 0.371213 0.694118 0.390154
0 0.705882 0.371213 0.929412 0.390154
0 0.764706 0.401514 0.786276 0.420455
0 0.800000 0.401514 0.821570 0.420455
0 0.835294 0.401514 0.856864 0.420455
0 0.870588 0.401514 0.892158 0.420455
0 0.905882 0.401514 0.927453 0.420455
0 0.095752 0.433080 0.112092 0.445706
0 0.670588 0.553032 0.929412 0.571972
0 0.670588 0.583332 0.929412 0.602273
0 0.717647 0.613636 0.929412 0.632577
0 0.913070 0.652775 0.929410 0.665401
0 0.223529 0.674241 0.647059 0.693182
0 0.741176 0.674241 0.929412 0.693182
0 0.223529 0.734850 0.647059 0.753790
0 0.741176 0.734850 0.929412 0.753790
0 0.223529 0.780304 0.647059 0.799245
0 0.741176 0.780304 0.929412 0.799245
0 0.223529 0.810605 0.517647 0.829545
0 0.588235 0.810605 0.647059 0.829545
0 0.741176 0.810605 0.929412 0.829545
