0 0.222956 0.156851 0.247527 0.186263
0 0.254023 0.156851 0.278593 0.186263
0 0.306607 0.156851 0.331178 0.186263
0 0.337677 0.156851 0.362247 0.186263
0 0.368744 0.156851 0.393314 0.186263
0 0.399814 0.156851 0.424385 0.186263
0 0.430880 0.156851 0.455451 0.186263
0 0.461947 0.156851 0.486518 0.186263
0 0.493018 0.156851 0.517588 0.186263
0 0.189827 0.196064 0.539322 0.225475
0 0.173518 0.236913 0.186144 0.253253
0 0.298299 0.236913 0.310926 0.253253
0 0.713207 0.186276 0.804116 0.215688
0 0.062394 0.431376 0.196085 0.450982
0 0.196088 0.431376 0.222477 0.450987
0 0.222821 0.431376 0.249563 0.450987
0 0.250826 0.431376 0.374331 0.450987
0 0.374331 0.431376 0.463461 0.450982
0 0.472548 0.431376 0.488931 0.450982
0 0.490193 0.431376 0.579323 0.450982
0 0.588414 0.431376 0.604797 0.450982
0 0.606059 0.431376 0.695186 0.450982
0 0.704276 0.431376 0.720659 0.450982
0 0.721922 0.431376 0.811052 0.450982
0 0.820143 0.431376 0.836525 0.450982
0 0.837788 0.431376 0.926918 0.450982
0 0.936009 0.431376 0.953654 0.450982
0 0.062390 0.450987 0.196083 0.470593
0 0.196088 0.450987 0.222477 0.470593
0 0.222821 0.450987 0.249561 0.470593
0 0.250826 0.450987 0.374331 0.470603
0 0.374331 0.450987 0.463461 0.470593
0 0.472548 0.450987 0.488931 0.470593
0 0.490193 0.450987 0.579323 0.470593
0 0.588414 0.450987 0.604797 0.470593
0 0.606059 0.450987 0.695186 0.470593
0 0.704276 0.450987 0.720659 0.470593
0 0.721922 0.450987 0.811052 0.470593
0 0.820143 0.450987 0.836525 0.470593
0 0.837788 0.450987 0.926918 0.470593
0 0.936009 0.450987 0.953654 0.470593
0 0.062390 0.470603 0.196083 0.490209
0 0.196088 0.470603 0.222477 0.490209
0 0.222821 0.470603 0.249561 0.490196
0 0.250826 0.470603 0.374331 0.490209
0 0.374331 0.470603 0.463461 0.490209
0 0.472548 0.470603 0.488931 0.490209
0 0.490193 0.470603 0.579323 0.490209
0 0.588414 0.470603 0.604797 0.490209
0 0.606059 0.470603 0.695186 0.490209
0 0.704276 0.470603 0.720659 0.490209
0 0.721922 0.470603 0.811052 0.490209
0 0.820143 0.470603 0.836525 0.490209
0 0.837788 0.470603 0.926918 0.490209
0 0.936009 0.470603 0.953654 0.490209
0 0.062390 0.490237 0.196083 0.509825
0 0.196088 0.490209 0.222477 0.509820
0 0.222825 0.490209 0.249561 0.509820
0 0.250826 0.490209 0.374331 0.509825
0 0.374331 0.490209 0.463461 0.509815
0 0.472548 0.490209 0.488931 0.509815
0 0.490193 0.490209 0.579323 0.509815
0 0.588414 0.490209 0.604797 0.509815
0 0.606059 0.490209 0.695186 0.509815
0 0.704276 0.490209 0.720659 0.509815
0 0.721922 0.490209 0.811052 0.509815
0 0.820143 0.490209 0.836525 0.509815
0 0.837788 0.490209 0.926918 0.509815
0 0.936009 0.490209 0.953654 0.509815
0 0.062390 0.509825 0.196083 0.529431
0 0.196088 0.509825 0.222477 0.529431
0 0.222825 0.509825 0.249561 0.529431
0 0.250826 0.509825 0.374331 0.529431
0 0.374331 0.509825 0.463461 0.529431
0 0.472548 0.509825 0.488931 0.529431
0 0.490193 0.509825 0.579323 0.529431
0 0.588414 0.509825 0.604797 0.529431
0 0.606059 0.509825 0.695186 0.529431
0 0.704276 0.509825 0.720659 0.529431
0 0.721922 0.509825 0.811052 0.529431
0 0.820143 0.509825 0.836525 0.529431
0 0.837788 0.509825 0.926918 0.529431
0 0.936009 0.509825 0.953654 0.529431
0 0.062388 0.529449 0.196081 0.549056
0 0.196088 0.529449 0.222477 0.549056
0 0.222821 0.529449 0.249561 0.549056
0 0.250826 0.529431 0.374331 0.549047
0 0.374331 0.529431 0.463461 0.549038
0 0.472548 0.529431 0.488931 0.549038
0 0.490193 0.529431 0.579323 0.549038
0 0.588414 0.529431 0.604797 0.549038
0 0.606059 0.529431 0.695186 0.549038
0 0.704276 0.529431 0.720659 0.549038
0 0.721922 0.529431 0.811052 0.549038
0 0.820143 0.529431 0.836525 0.549038
0 0.837788 0.529431 0.926918 0.549038
0 0.936009 0.529431 0.953654 0.549038
0 0.062388 0.549047 0.196081 0.568659
0 0.196088 0.549075 0.222485 0.568626
0 0.222825 0.549047 0.249561 0.568626
0 0.250826 0.549047 0.374331 0.568659
0 0.374331 0.549047 0.463461 0.568654
0 0.472548 0.549047 0.488931 0.568654
0 0.490193 0.549047 0.579323 0.568654
0 0.588414 0.549047 0.604797 0.568654
0 0.606059 0.549047 0.695186 0.568654
0 0.704276 0.549047 0.720659 0.568654
0 0.721922 0.549047 0.811052 0.568654
0 0.820143 0.549047 0.836525 0.568654
0 0.837788 0.549047 0.926918 0.568654
0 0.936009 0.549047 0.953654 0.568654
0 0.062388 0.568659 0.196081 0.588265
0 0.196088 0.568659 0.222485 0.588265
0 0.222825 0.568659 0.249561 0.588265
0 0.250826 0.568659 0.374331 0.588274
0 0.374331 0.568659 0.463461 0.588265
0 0.472548 0.568659 0.488931 0.588265
0 0.490193 0.568659 0.579323 0.588265
0 0.588414 0.568659 0.604797 0.588265
0 0.606059 0.568659 0.695186 0.588265
0 0.704276 0.568659 0.720659 0.588265
0 0.721922 0.568659 0.811052 0.588265
0 0.820143 0.568659 0.836525 0.588265
0 0.837788 0.568659 0.926918 0.588265
0 0.936009 0.568659 0.953654 0.588265
0 0.062388 0.588274 0.196081 0.607886
0 0.196088 0.588274 0.222485 0.607886
0 0.222825 0.588274 0.249561 0.607886
0 0.250826 0.588274 0.374331 0.607886
0 0.374331 0.588274 0.463461 0.607881
0 0.472548 0.588274 0.488931 0.607881
0 0.490193 0.588274 0.579323 0.607881
0 0.588414 0.588274 0.604797 0.607881
0 0.606059 0.588274 0.695186 0.607881
0 0.704276 0.588274 0.720659 0.607881
0 0.721922 0.588274 0.811052 0.607881
0 0.820143 0.588274 0.836525 0.607881
0 0.837788 0.588274 0.926918 0.607881
0 0.936009 0.588274 0.953654 0.607881
0 0.062388 0.607886 0.196081 0.627497
0 0.196088 0.607886 0.222485 0.627497
0 0.222825 0.607886 0.249561 0.627497
0 0.250826 0.607886 0.374331 0.627502
0 0.374331 0.607886 0.463461 0.627492
0 0.472548 0.607886 0.488931 0.627492
0 0.490193 0.607886 0.579323 0.627492
0 0.588414 0.607886 0.604797 0.627492
0 0.606059 0.607886 0.695186 0.627492
0 0.704276 0.607886 0.720659 0.627492
0 0.721922 0.607886 0.811052 0.627492
0 0.820143 0.607886 0.836525 0.627492
0 0.837788 0.607886 0.926918 0.627492
0 0.936009 0.607886 0.953654 0.627492
0 0.062388 0.627502 0.196081 0.647108
0 0.196088 0.627502 0.222485 0.647108
0 0.222825 0.627502 0.249561 0.647108
0 0.250826 0.627502 0.374331 0.647108
0 0.374331 0.627502 0.463461 0.647108
0 0.472548 0.627502 0.488931 0.647108
0 0.490193 0.627502 0.579323 0.647108
0 0.588414 0.627502 0.604797 0.647108
0 0.606059 0.627502 0.695186 0.647108
0 0.704276 0.627502 0.720659 0.647108
0 0.721922 0.627502 0.811052 0.647108
0 0.820143 0.627502 0.836525 0.647108
0 0.837788 0.627502 0.926918 0.647108
0 0.936009 0.627502 0.953654 0.647108
0 0.062388 0.647108 0.196081 0.666719
0 0.196088 0.647108 0.222485 0.666719
0 0.222825 0.647108 0.249561 0.666719
0 0.250826 0.647108 0.374331 0.666724
0 0.374331 0.647108 0.463461 0.666714
0 0.472548 0.647108 0.488931 0.666714
0 0.490193 0.647108 0.579323 0.666714
0 0.588414 0.647108 0.604797 0.666714
0 0.606059 0.647108 0.695186 0.666714
0 0.704276 0.647108 0.720659 0.666714
0 0.721922 0.647108 0.811052 0.666714
0 0.820143 0.647108 0.836525 0.666714
0 0.837788 0.647108 0.926918 0.666714
0 0.936009 0.647108 0.953654 0.666714
0 0.062388 0.666724 0.196081 0.686335
0 0.196088 0.666724 0.222485 0.686335
0 0.222825 0.666724 0.249561 0.686335
0 0.250826 0.666724 0.374331 0.686335
0 0.374331 0.666724 0.463461 0.686330
0 0.472548 0.666724 0.488931 0.686330
0 0.490193 0.666724 0.579323 0.686330
0 0.588414 0.666724 0.604797 0.686330
0 0.606059 0.666724 0.695186 0.686330
0 0.704276 0.666724 0.720659 0.686330
0 0.721922 0.666724 0.811052 0.686330
0 0.820143 0.666724 0.836525 0.686330
0 0.837788 0.666724 0.926918 0.686330
0 0.936009 0.666724 0.953654 0.686330
0 0.062388 0.686335 0.196081 0.705941
0 0.196088 0.686335 0.222485 0.705941
0 0.222825 0.686335 0.249561 0.705941
0 0.250826 0.686335 0.374331 0.705951
0 0.374331 0.686335 0.463461 0.705941
0 0.472548 0.686335 0.488931 0.705941
0 0.490193 0.686335 0.579323 0.705941
0 0.588414 0.686335 0.604797 0.705941
0 0.606059 0.686335 0.695186 0.705941
0 0.704276 0.686335 0.720659 0.705941
0 0.721922 0.686335 0.811052 0.705941
0 0.820143 0.686335 0.836525 0.705941
0 0.837788 0.686335 0.926918 0.705941
0 0.936009 0.686335 0.953654 0.705941
0 0.062390 0.705951 0.196083 0.725562
0 0.196088 0.705951 0.222485 0.725562
0 0.222825 0.705951 0.249561 0.725562
0 0.250826 0.705951 0.374331 0.725562
0 0.374331 0.705951 0.463461 0.725557
0 0.472548 0.705951 0.488931 0.725557
0 0.490193 0.705951 0.579323 0.725557
0 0.588414 0.705951 0.604797 0.725557
0 0.606059 0.705951 0.695186 0.725557
0 0.704276 0.705951 0.720659 0.725557
0 0.721922 0.705951 0.811052 0.725557
0 0.820143 0.705951 0.836525 0.725557
0 0.837788 0.705951 0.926918 0.725557
0 0.936009 0.705951 0.953654 0.725557
0 0.374331 0.725562 0.463461 0.764779
0 0.472548 0.725562 0.488931 0.764779
0 0.490193 0.725562 0.579323 0.764779
0 0.588414 0.725562 0.604797 0.764779
0 0.606059 0.725562 0.695186 0.764779
0 0.704276 0.725562 0.720659 0.764779
0 0.721922 0.725562 0.811052 0.764779
0 0.820143 0.725562 0.836525 0.764779
0 0.837788 0.725562 0.926918 0.764779
0 0.936009 0.725562 0.953654 0.764779
0 0.374331 0.764779 0.463461 0.823603
0 0.472548 0.764779 0.488931 0.823603
0 0.490193 0.764779 0.579323 0.823603
0 0.588414 0.764779 0.604797 0.823603
0 0.606059 0.764779 0.695186 0.823603
0 0.704276 0.764779 0.720659 0.823603
0 0.721922 0.764779 0.811052 0.823603
0 0.820143 0.764779 0.836525 0.823603
0 0.837788 0.764779 0.926918 0.823603
0 0.936009 0.764779 0.953654 0.823603
0 0.374331 0.823603 0.463461 0.862820
0 0.472548 0.823603 0.488931 0.862820
0 0.490193 0.823603 0.579323 0.862820
0 0.588414 0.823603 0.604797 0.862820
0 0.606059 0.823603 0.695186 0.862820
0 0.704276 0.823603 0.720659 0.862820
0 0.721922 0.823603 0.811052 0.862820
0 0.820143 0.823603 0.836525 0.862820
0 0.837788 0.823603 0.926918 0.862820
0 0.936009 0.823603 0.953654 0.862820
0 0.374331 0.862820 0.463461 0.921644
0 0.472548 0.862820 0.488931 0.921644
0 0.490193 0.862820 0.579323 0.921644
0 0.588414 0.862820 0.604797 0.921644
0 0.606059 0.862820 0.695186 0.921644
0 0.704276 0.862820 0.720659 0.921644
0 0.721922 0.862820 0.811052 0.921644
0 0.820143 0.862820 0.836525 0.921644
0 0.837788 0.862820 0.926918 0.921644
0 0.936009 0.862820 0.953658 0.921644
