0 0.251876 0.090909 0.324136 0.113636
0 0.352941 0.090909 0.634173 0.113636
0 0.357843 0.121213 0.635294 0.140154
0 0.235294 0.143941 0.635294 0.162881
0 0.130229 0.166668 0.635294 0.189394
0 0.130229 0.212122 0.435294 0.231063
0 0.447059 0.212122 0.505882 0.231063
0 0.517647 0.212122 0.635294 0.231542
0 0.130229 0.250000 0.329412 0.268941
0 0.341993 0.250000 0.494118 0.268941
0 0.505882 0.250000 0.635294 0.268941
0 0.683987 0.121213 0.703595 0.136365
0 0.683987 0.140150 0.703595 0.155302
0 0.683987 0.162879 0.703595 0.178030
0 0.683987 0.189393 0.703595 0.204544
0 0.729412 0.333332 0.764706 0.352273
0 0.776471 0.333332 0.811765 0.352273
0 0.731046 0.367423 0.747386 0.380049
0 0.731046 0.392677 0.747386 0.405303
0 0.729412 0.431818 0.892484 0.450759
0 0.905882 0.431818 0.939542 0.450759
0 0.588235 0.454545 0.751307 0.473486
0 0.764706 0.454545 0.798366 0.473486
0 0.364706 0.478534 0.381046 0.491160
0 0.364706 0.493684 0.381046 0.506311
0 0.635294 0.478534 0.651634 0.491160
0 0.635294 0.493684 0.651634 0.506311
0 0.823529 0.478534 0.839869 0.491160
0 0.588235 0.515150 0.751307 0.534091
0 0.764706 0.515150 0.798366 0.534091
0 0.729412 0.537878 0.892484 0.556818
0 0.905882 0.537878 0.939542 0.556818
0 0.729412 0.560605 0.892484 0.579545
0 0.905882 0.560605 0.939542 0.579545
0 0.729412 0.583332 0.892484 0.602273
0 0.905882 0.583332 0.939542 0.602273
0 0.729412 0.630051 0.892484 0.648991
0 0.905882 0.630051 0.939542 0.648991
0 0.729412 0.683082 0.892484 0.702023
0 0.905882 0.683082 0.939542 0.702023
0 0.729412 0.708332 0.892484 0.727273
0 0.905882 0.708332 0.939542 0.727273
0 0.729412 0.756313 0.892484 0.775254
0 0.905882 0.756313 0.939542 0.775254
0 0.729412 0.790404 0.892484 0.809345
0 0.905882 0.790404 0.939542 0.809345
0 0.729412 0.833332 0.892484 0.852273
0 0.905882 0.833332 0.939542 0.852273
0 0.729412 0.863636 0.892484 0.882577
0 0.905882 0.863636 0.939542 0.882577
0 0.694118 0.887625 0.710457 0.900251
0 0.694118 0.902775 0.710457 0.915401
