0 0.294118 0.136362 0.325915 0.159089
0 0.334307 0.136362 0.366105 0.159089
0 0.397248 0.136362 0.429046 0.159089
0 0.438556 0.136362 0.470353 0.159089
0 0.480157 0.136362 0.511954 0.159089
0 0.521580 0.136362 0.553377 0.159089
0 0.563196 0.136362 0.594993 0.159089
0 0.604618 0.136362 0.636415 0.159089
0 0.647059 0.136362 0.678856 0.159089
0 0.236928 0.166666 0.680719 0.189393
0 0.067974 0.303027 0.084314 0.315653
0 0.129412 0.295452 0.247059 0.318179
0 0.258824 0.295452 0.280719 0.318179
0 0.282353 0.295452 0.352941 0.318179
0 0.352941 0.295452 0.458824 0.318179
0 0.470588 0.295452 0.492484 0.318179
0 0.067974 0.325754 0.084314 0.338380
0 0.129412 0.318179 0.247059 0.340906
0 0.258824 0.318179 0.280719 0.340906
0 0.282353 0.318179 0.352941 0.340906
0 0.352941 0.318179 0.458824 0.340906
0 0.470588 0.318179 0.492484 0.340906
0 0.067974 0.348481 0.084314 0.361107
0 0.129412 0.340906 0.247059 0.363633
0 0.258824 0.340906 0.280719 0.363633
0 0.282353 0.340906 0.352941 0.363633
0 0.352941 0.340906 0.458824 0.363633
0 0.470588 0.340906 0.492484 0.363633
0 0.067974 0.371208 0.084314 0.383835
0 0.129412 0.363633 0.247059 0.386360
0 0.258824 0.363633 0.280719 0.386360
0 0.282353 0.363633 0.352941 0.386360
0 0.352941 0.363633 0.458824 0.386360
0 0.470588 0.363633 0.492484 0.386360
0 0.067974 0.393935 0.084314 0.406562
0 0.129412 0.386360 0.247059 0.409087
0 0.258824 0.386360 0.280719 0.409087
0 0.282353 0.386360 0.352941 0.409087
0 0.352941 0.386360 0.458824 0.409087
0 0.470588 0.386360 0.492484 0.409087
0 0.067974 0.416662 0.084314 0.429289
0 0.129412 0.409087 0.247059 0.431814
0 0.258824 0.409087 0.280719 0.431814
0 0.282353 0.409087 0.352941 0.431814
0 0.352941 0.409087 0.458824 0.431814
0 0.470588 0.409087 0.492484 0.431814
0 0.067974 0.439390 0.084314 0.452016
0 0.129412 0.431814 0.247059 0.454541
0 0.258824 0.431814 0.280719 0.454541
0 0.282353 0.431814 0.352941 0.454541
0 0.352941 0.431814 0.458824 0.454541
0 0.470588 0.431814 0.492484 0.454541
0 0.067974 0.462117 0.084314 0.474743
0 0.129412 0.454541 0.247059 0.477268
0 0.258824 0.454541 0.280719 0.477268
0 0.282353 0.454541 0.352941 0.477268
0 0.352941 0.454541 0.458824 0.477268
0 0.470588 0.454541 0.492484 0.477268
0 0.067974 0.484844 0.084314 0.497470
0 0.129412 0.477268 0.247059 0.499995
0 0.258824 0.477268 0.280719 0.499995
0 0.282353 0.477268 0.352941 0.499995
0 0.352941 0.477268 0.458824 0.499995
0 0.470588 0.477268 0.492484 0.499995
0 0.067974 0.507571 0.084314 0.520197
0 0.129412 0.499995 0.247059 0.522722
0 0.258824 0.499995 0.280719 0.522722
0 0.282353 0.499995 0.352941 0.522722
0 0.352941 0.499995 0.458824 0.522722
0 0.470588 0.499995 0.492484 0.522722
0 0.067974 0.530298 0.084314 0.542924
0 0.129412 0.522722 0.247059 0.545449
0 0.258824 0.522722 0.280719 0.545449
0 0.282353 0.522722 0.352941 0.545449
0 0.352941 0.522722 0.458824 0.545449
0 0.470588 0.522722 0.492484 0.545449
0 0.067974 0.553025 0.084314 0.565651
0 0.129412 0.545449 0.247059 0.568176
0 0.258824 0.545449 0.280719 0.568176
0 0.282353 0.545449 0.352941 0.568176
0 0.352941 0.545449 0.458824 0.568176
0 0.470588 0.545449 0.492484 0.568176
0 0.067974 0.575752 0.084314 0.588378
0 0.129412 0.568176 0.247059 0.590903
0 0.258824 0.568176 0.280719 0.590903
0 0.282353 0.568176 0.352941 0.590903
0 0.352941 0.568176 0.458824 0.590903
0 0.470588 0.568176 0.492484 0.590903
0 0.067974 0.598479 0.084314 0.611105
0 0.129412 0.590903 0.247059 0.613630
0 0.258824 0.590903 0.280719 0.613630
0 0.282353 0.590903 0.352941 0.613630
0 0.352941 0.590903 0.458824 0.613630
0 0.470588 0.590903 0.492484 0.613630
0 0.067974 0.621206 0.084314 0.633832
0 0.129412 0.613630 0.247059 0.636357
0 0.258824 0.613630 0.280719 0.636357
0 0.282353 0.613630 0.352941 0.636357
0 0.352941 0.613630 0.458824 0.636357
0 0.470588 0.613630 0.492484 0.636357
0 0.067974 0.643933 0.084314 0.656559
0 0.129412 0.636357 0.247059 0.659084
0 0.258824 0.636357 0.280719 0.659084
0 0.282353 0.636357 0.352941 0.659084
0 0.352941 0.636357 0.458824 0.659084
0 0.470588 0.636357 0.492484 0.659084
0 0.067974 0.666660 0.084314 0.679286
0 0.129412 0.659084 0.247059 0.681811
0 0.258824 0.659084 0.280719 0.681811
0 0.282353 0.659084 0.352941 0.681811
0 0.352941 0.659084 0.458824 0.681811
0 0.470588 0.659084 0.492484 0.681811
0 0.067974 0.689387 0.084314 0.702013
0 0.129412 0.681811 0.247059 0.704538
0 0.258824 0.681811 0.280719 0.704538
0 0.282353 0.681811 0.352941 0.704538
0 0.352941 0.681811 0.458824 0.704538
0 0.470588 0.681811 0.492484 0.704538
0 0.067974 0.712114 0.084314 0.724740
0 0.129412 0.704538 0.247059 0.727265
0 0.258824 0.704538 0.280719 0.727265
0 0.282353 0.704538 0.352941 0.727265
0 0.352941 0.704538 0.458824 0.727265
0 0.470588 0.704538 0.492484 0.727265
0 0.067974 0.734841 0.084314 0.747467
0 0.129412 0.727265 0.247059 0.749992
0 0.258824 0.727265 0.280719 0.749992
0 0.282353 0.727265 0.352941 0.749992
0 0.352941 0.727265 0.458824 0.749992
0 0.470588 0.727265 0.492484 0.749992
0 0.067974 0.757568 0.084314 0.770194
0 0.129412 0.749992 0.247059 0.772719
0 0.258824 0.749992 0.280719 0.772719
0 0.282353 0.749992 0.352941 0.772719
0 0.352941 0.749992 0.458824 0.772719
0 0.470588 0.749992 0.492484 0.772719
0 0.067974 0.780295 0.084314 0.792921
0 0.129412 0.772719 0.247059 0.795447
0 0.258824 0.772719 0.280719 0.795447
0 0.282353 0.772719 0.352941 0.795447
0 0.352941 0.772719 0.458824 0.795447
0 0.470588 0.772719 0.492484 0.795447
0 0.067974 0.803022 0.084314 0.815648
0 0.129412 0.795447 0.247059 0.818174
0 0.258824 0.795447 0.280719 0.818174
0 0.282353 0.795447 0.352941 0.818174
0 0.352941 0.795447 0.458824 0.818174
0 0.470588 0.795447 0.492484 0.818174
0 0.067974 0.825749 0.084314 0.838375
0 0.129412 0.818174 0.247059 0.840901
0 0.258824 0.818174 0.280719 0.840901
0 0.282353 0.818174 0.352941 0.840901
0 0.352941 0.818174 0.458824 0.840901
0 0.470588 0.818174 0.492484 0.840901
0 0.067974 0.848476 0.084314 0.861102
0 0.129412 0.840901 0.247059 0.863628
0 0.258824 0.840901 0.280719 0.863628
0 0.282353 0.840901 0.352941 0.863628
0 0.352941 0.840901 0.458824 0.863628
0 0.470588 0.840901 0.492484 0.863628
0 0.067974 0.871203 0.084314 0.883829
0 0.129412 0.863628 0.247059 0.886355
0 0.258824 0.863628 0.280719 0.886355
0 0.282353 0.863628 0.352941 0.886355
0 0.352941 0.863628 0.458824 0.886355
0 0.470588 0.863628 0.492484 0.886355
0 0.067974 0.893930 0.084314 0.906557
0 0.129412 0.886355 0.247059 0.909082
0 0.258824 0.886355 0.280719 0.909082
0 0.282353 0.886355 0.352941 0.909082
0 0.352941 0.886355 0.458824 0.909082
0 0.470923 0.886355 0.492484 0.909082
0 0.503268 0.303027 0.519608 0.315653
0 0.564706 0.295452 0.694118 0.318179
0 0.705882 0.295452 0.727778 0.318179
0 0.729412 0.295452 0.800000 0.318179
0 0.800000 0.295452 0.905882 0.318179
0 0.917647 0.295452 0.939542 0.318179
0 0.503268 0.325754 0.519608 0.338380
0 0.564706 0.318179 0.694118 0.340906
0 0.705882 0.318179 0.727778 0.340906
0 0.729412 0.318179 0.800000 0.340906
0 0.800000 0.318179 0.905882 0.340906
0 0.917647 0.318179 0.939542 0.340906
0 0.503268 0.348481 0.519608 0.361107
0 0.564706 0.340906 0.694118 0.363633
0 0.705882 0.340906 0.727778 0.363633
0 0.729412 0.340906 0.800000 0.363633
0 0.800000 0.340906 0.905882 0.363633
0 0.917647 0.340906 0.939542 0.363633
0 0.503268 0.371208 0.519608 0.383835
0 0.564706 0.363633 0.694118 0.386360
0 0.705882 0.363633 0.727778 0.386360
0 0.729412 0.363633 0.800000 0.386360
0 0.800000 0.363633 0.905882 0.386360
0 0.917647 0.363633 0.939542 0.386360
0 0.503268 0.393935 0.519608 0.406562
0 0.564706 0.386360 0.694118 0.409087
0 0.705882 0.386360 0.727778 0.409087
0 0.729412 0.386360 0.800000 0.409087
0 0.800000 0.386360 0.905882 0.409087
0 0.917647 0.386360 0.939542 0.409087
0 0.503268 0.416662 0.519608 0.429289
0 0.564706 0.409087 0.694118 0.431814
0 0.705882 0.409087 0.727778 0.431814
0 0.729412 0.409087 0.800000 0.431814
0 0.800000 0.409087 0.905882 0.431814
0 0.917647 0.409087 0.939542 0.431814
0 0.503268 0.439390 0.519608 0.452016
0 0.564706 0.431814 0.694118 0.454541
0 0.705882 0.431814 0.727778 0.454541
0 0.729412 0.431814 0.800000 0.454541
0 0.800000 0.431814 0.905882 0.454541
0 0.917647 0.431814 0.939542 0.454541
0 0.503268 0.462117 0.519608 0.474743
0 0.564706 0.454541 0.694118 0.477268
0 0.705882 0.454541 0.727778 0.477268
0 0.729412 0.454541 0.800000 0.477268
0 0.800000 0.454541 0.905882 0.477268
0 0.917647 0.454541 0.939542 0.477268
0 0.503268 0.484844 0.519608 0.497470
0 0.564706 0.477268 0.694118 0.499995
0 0.705882 0.477268 0.727778 0.499995
0 0.729412 0.477268 0.800000 0.499995
0 0.800000 0.477268 0.905882 0.499995
0 0.917647 0.477268 0.939542 0.499995
0 0.503268 0.507571 0.519608 0.520197
0 0.564706 0.499995 0.694118 0.522722
0 0.705882 0.499995 0.727778 0.522722
0 0.729412 0.499995 0.800000 0.522722
0 0.800000 0.499995 0.905882 0.522722
0 0.917647 0.499995 0.939542 0.522722
0 0.503268 0.530298 0.519608 0.542924
0 0.564706 0.522722 0.694118 0.545449
0 0.705882 0.522722 0.727778 0.545449
0 0.729412 0.522722 0.800000 0.545449
0 0.800000 0.522722 0.905882 0.545449
0 0.917647 0.522722 0.939542 0.545449
0 0.503268 0.553025 0.519608 0.565651
0 0.564706 0.545449 0.694118 0.568176
0 0.705882 0.545449 0.727778 0.568176
0 0.729412 0.545449 0.800000 0.568176
0 0.800000 0.545449 0.905882 0.568176
0 0.917647 0.545449 0.939542 0.568176
0 0.503268 0.575752 0.519608 0.588378
0 0.564706 0.568176 0.694118 0.590903
0 0.705882 0.568176 0.727778 0.590903
0 0.729412 0.568176 0.800000 0.590903
0 0.800000 0.568176 0.905882 0.590903
0 0.917647 0.568176 0.939542 0.590903
0 0.503268 0.598479 0.519608 0.611105
0 0.564706 0.590903 0.694118 0.613630
0 0.705882 0.590903 0.727778 0.613630
0 0.729412 0.590903 0.800000 0.613630
0 0.800000 0.590903 0.905882 0.613630
0 0.917647 0.590903 0.939542 0.613630
0 0.503268 0.621206 0.519608 0.633832
0 0.564706 0.613630 0.694118 0.636357
0 0.705882 0.613630 0.727778 0.636357
0 0.729412 0.613630 0.800000 0.636357
0 0.800000 0.613630 0.905882 0.636357
0 0.917647 0.613630 0.939542 0.636357
0 0.503268 0.643933 0.519608 0.656559
0 0.564706 0.636357 0.694118 0.659084
0 0.705882 0.636357 0.727778 0.659084
0 0.729412 0.636357 0.800000 0.659084
0 0.800000 0.636357 0.905882 0.659084
0 0.917647 0.636357 0.939542 0.659084
0 0.503268 0.666660 0.519608 0.679286
0 0.564706 0.659084 0.694118 0.681811
0 0.705882 0.659084 0.727778 0.681811
0 0.729412 0.659084 0.800000 0.681811
0 0.800000 0.659084 0.905882 0.681811
0 0.917647 0.659084 0.939542 0.681811
0 0.503268 0.689387 0.519608 0.702013
0 0.564706 0.681811 0.694118 0.704538
0 0.705882 0.681811 0.727778 0.704538
0 0.729412 0.681811 0.800000 0.704538
0 0.800000 0.681811 0.905882 0.704538
0 0.917647 0.681811 0.939542 0.704538
0 0.503268 0.712114 0.519608 0.724740
0 0.564706 0.704538 0.694118 0.727265
0 0.705882 0.704538 0.727778 0.727265
0 0.729412 0.704538 0.800000 0.727265
0 0.800000 0.704538 0.905882 0.727265
0 0.917647 0.704538 0.939542 0.727265
0 0.503268 0.734841 0.519608 0.747467
0 0.564706 0.727265 0.694118 0.749992
0 0.705882 0.727265 0.727778 0.749992
0 0.729412 0.727265 0.800000 0.749992
0 0.800000 0.727265 0.905882 0.749992
0 0.917647 0.727265 0.939542 0.749992
0 0.503268 0.757568 0.519608 0.770194
0 0.564706 0.749992 0.694118 0.772719
0 0.705882 0.749992 0.727778 0.772719
0 0.729412 0.749992 0.800000 0.772719
0 0.800000 0.749992 0.905882 0.772719
0 0.917647 0.749992 0.939542 0.772719
0 0.503268 0.780295 0.519608 0.792921
0 0.564706 0.772719 0.694118 0.795447
0 0.705882 0.772719 0.727778 0.795447
0 0.729412 0.772719 0.800000 0.795447
0 0.800000 0.772719 0.905882 0.795447
0 0.917647 0.772719 0.939542 0.795447
0 0.503268 0.803022 0.519608 0.815648
0 0.564706 0.795447 0.694118 0.818174
0 0.705882 0.795447 0.727778 0.818174
0 0.729412 0.795447 0.800000 0.818174
0 0.800000 0.795447 0.905882 0.818174
0 0.917647 0.795447 0.939542 0.818174
0 0.503268 0.825749 0.519608 0.838375
0 0.564706 0.818174 0.694118 0.840901
0 0.705882 0.818174 0.727778 0.840901
0 0.729412 0.818174 0.800000 0.840901
0 0.800000 0.818174 0.905882 0.840901
0 0.917647 0.818174 0.939542 0.840901
0 0.503268 0.848476 0.519608 0.861102
0 0.564706 0.840901 0.694118 0.863628
0 0.705882 0.840901 0.727778 0.863628
0 0.729412 0.840901 0.800000 0.863628
0 0.800000 0.840901 0.905882 0.863628
0 0.917647 0.840901 0.939542 0.863628
0 0.503268 0.871203 0.519608 0.883829
0 0.564706 0.863628 0.694118 0.886355
0 0.705882 0.863628 0.727778 0.886355
0 0.729412 0.863628 0.800000 0.886355
0 0.800000 0.863628 0.905882 0.886355
0 0.917647 0.863628 0.939542 0.886355
0 0.741176 0.909082 0.894118 0.939386
0 0.905882 0.909082 0.939542 0.939386
