0 0.030513 0.102080 0.698814 0.215716
0 0.705350 0.109655 0.970056 0.127332
0 0.705350 0.155110 0.970056 0.171524
0 0.703716 0.199302 0.970056 0.215716
0 0.028879 0.326827 0.182474 0.437938
0 0.187376 0.328090 0.337703 0.437938
0 0.339337 0.326827 0.527245 0.437938
0 0.527245 0.325564 0.613846 0.437938
0 0.617114 0.325564 0.703716 0.437938
0 0.703716 0.325564 0.821363 0.437938
0 0.824631 0.325564 0.970056 0.437938
0 0.030513 0.523797 0.331167 0.540211
0 0.710252 0.514958 0.970056 0.619756
0 0.028879 0.579352 0.331167 0.595766
0 0.028879 0.700564 0.182474 0.876070
0 0.189010 0.700564 0.264173 0.877332
0 0.265807 0.700564 0.340971 0.877332
0 0.339337 0.700564 0.491297 0.876070
0 0.491297 0.699302 0.586069 0.876070
0 0.587703 0.699302 0.703716 0.876070
0 0.705350 0.699302 0.822997 0.876070
0 0.824631 0.699302 0.970056 0.876070
0 0.028879 0.937938 0.326265 0.955615
0 0.340971 0.937938 0.822997 0.955615
0 0.831167 0.937938 0.966788 0.955615
0 0.348376 0.543736 0.639691 0.569197
