0 0.247068 0.083335 0.325501 0.106064
0 0.354353 0.083335 0.636063 0.106064
0 0.223538 0.113641 0.634092 0.136369
0 0.188242 0.143946 0.634092 0.166674
0 0.129417 0.174248 0.635318 0.196977
0 0.129417 0.212131 0.434085 0.234860
0 0.447076 0.212131 0.505901 0.234860
0 0.517667 0.212131 0.635318 0.234860
0 0.129417 0.250010 0.363494 0.272737
0 0.376485 0.250010 0.505901 0.272737
0 0.517667 0.250010 0.635318 0.272737
0 0.695760 0.121848 0.713734 0.135738
0 0.695760 0.144576 0.713734 0.158466
0 0.695760 0.190033 0.713734 0.203922
0 0.695760 0.212761 0.713734 0.226650
0 0.695760 0.235489 0.713734 0.249378
0 0.695760 0.258217 0.713734 0.272107
0 0.694144 0.310617 0.788919 0.325768
0 0.694830 0.378801 0.720648 0.393952
0 0.731992 0.378801 0.757810 0.393952
0 0.771094 0.378801 0.809985 0.393952
0 0.070591 0.375016 0.088565 0.388905
0 0.070591 0.447616 0.088565 0.461505
0 0.070591 0.508227 0.088565 0.522116
0 0.105886 0.621868 0.123861 0.635757
0 0.105886 0.674901 0.123861 0.688791
0 0.105886 0.712780 0.123861 0.726670
0 0.105886 0.780965 0.123861 0.794854
0 0.105886 0.818848 0.123861 0.832737
0 0.105886 0.871878 0.123861 0.885767
0 0.105886 0.924907 0.123861 0.938797
