0 0.058826 0.060607 0.465050 0.090913
0 0.505901 0.060607 0.576492 0.090913
0 0.586297 0.060607 0.749701 0.090913
0 0.858942 0.045456 0.882386 0.060607
0 0.752969 0.073234 0.941212 0.090913
0 0.072552 0.114902 0.088892 0.127529
0 0.072552 0.145208 0.088892 0.157834
0 0.095755 0.189403 0.916456 0.204553
0 0.095755 0.204553 0.916456 0.219704
0 0.095755 0.219704 0.916456 0.234855
0 0.095755 0.234859 0.916456 0.250010
0 0.095755 0.250010 0.916456 0.265161
0 0.095755 0.265161 0.916456 0.280311
0 0.095755 0.280315 0.916456 0.295466
0 0.095755 0.295466 0.916456 0.310617
0 0.095755 0.310617 0.916456 0.325768
0 0.095755 0.325772 0.916456 0.340922
0 0.095755 0.340922 0.916456 0.356073
0 0.095755 0.356073 0.916456 0.371224
0 0.095755 0.371228 0.916456 0.386379
0 0.095755 0.386379 0.916456 0.401530
0 0.095755 0.401530 0.916456 0.416680
0 0.095755 0.416684 0.916456 0.431835
0 0.095755 0.431835 0.916456 0.446986
0 0.095755 0.446986 0.916456 0.462137
0 0.095755 0.462141 0.916456 0.477291
0 0.095755 0.477291 0.916456 0.492442
0 0.095755 0.492442 0.916456 0.507593
0 0.095755 0.507597 0.916456 0.522748
0 0.095755 0.522748 0.916456 0.537899
0 0.095755 0.537899 0.916456 0.553049
0 0.095755 0.553053 0.916456 0.568204
0 0.095755 0.568204 0.916456 0.583355
0 0.095755 0.583355 0.916456 0.598506
0 0.601657 0.674268 0.916456 0.694469
0 0.601657 0.704573 0.916456 0.724775
0 0.741204 0.742452 0.917682 0.762654
0 0.902286 0.775282 0.916992 0.786646
0 0.189876 0.795486 0.610562 0.815687
0 0.717674 0.795486 0.917682 0.815687
0 0.189876 0.856093 0.610562 0.876294
0 0.717674 0.856093 0.917682 0.876294
0 0.189876 0.886398 0.610562 0.906600
0 0.717674 0.886398 0.917682 0.906600
0 0.189876 0.916704 0.481146 0.936905
0 0.552962 0.916704 0.611788 0.936905
0 0.717674 0.916704 0.917682 0.936905
