0 0.238829 0.113641 0.270647 0.136369
0 0.280515 0.113641 0.312333 0.136369
0 0.343334 0.113641 0.375152 0.136369
0 0.384905 0.113641 0.416723 0.136369
0 0.426331 0.113641 0.458149 0.136369
0 0.467902 0.113641 0.499720 0.136369
0 0.509459 0.113641 0.541277 0.136369
0 0.551033 0.113641 0.582851 0.136369
0 0.592752 0.113641 0.624570 0.136369
0 0.213756 0.143947 0.622938 0.166675
0 0.238829 0.174248 0.270647 0.196976
0 0.280515 0.174248 0.312333 0.196976
0 0.322021 0.174248 0.353839 0.196976
0 0.363744 0.174248 0.395562 0.196976
0 0.688734 0.137634 0.705101 0.150261
0 0.688734 0.160363 0.705101 0.172989
0 0.688734 0.183091 0.705101 0.195718
0 0.688734 0.205819 0.705101 0.218446
0 0.082491 0.318195 0.176766 0.337136
0 0.188551 0.318195 0.220631 0.337136
0 0.082491 0.340923 0.176766 0.359864
0 0.188551 0.340923 0.220631 0.359864
0 0.082491 0.363651 0.176766 0.382592
0 0.188551 0.363651 0.220631 0.382592
0 0.082491 0.386379 0.176766 0.405321
0 0.188551 0.386379 0.220631 0.405321
0 0.082491 0.409107 0.176766 0.428049
0 0.188551 0.409107 0.220631 0.428049
0 0.082491 0.431836 0.176766 0.450777
0 0.188551 0.431836 0.220631 0.450777
0 0.082491 0.454564 0.176766 0.473505
0 0.188551 0.454564 0.220631 0.473505
0 0.082491 0.477292 0.176766 0.496233
0 0.188551 0.477292 0.220631 0.496233
0 0.247473 0.318195 0.341748 0.337136
0 0.353533 0.318195 0.385613 0.337136
0 0.247473 0.340923 0.341748 0.359864
0 0.353533 0.340923 0.385613 0.359864
0 0.247473 0.363651 0.341748 0.382592
0 0.353533 0.363651 0.385613 0.382592
0 0.247473 0.386379 0.341748 0.405321
0 0.353533 0.386379 0.385613 0.405321
0 0.247473 0.409107 0.341748 0.428049
0 0.353533 0.409107 0.385613 0.428049
0 0.247473 0.431836 0.341748 0.450777
0 0.353533 0.431836 0.385613 0.450777
0 0.247473 0.454564 0.341748 0.473505
0 0.353533 0.454564 0.385613 0.473505
0 0.247473 0.477292 0.341748 0.496233
0 0.353533 0.477292 0.385613 0.496233
0 0.412455 0.318195 0.506730 0.337136
0 0.518515 0.318195 0.550594 0.337136
0 0.412455 0.340923 0.506730 0.359864
0 0.518515 0.340923 0.550594 0.359864
0 0.412455 0.363651 0.506730 0.382592
0 0.518515 0.363651 0.550594 0.382592
0 0.412455 0.386379 0.506730 0.405321
0 0.518515 0.386379 0.550594 0.405321
0 0.412455 0.409107 0.506730 0.428049
0 0.518515 0.409107 0.550594 0.428049
0 0.412455 0.431836 0.506730 0.450777
0 0.518515 0.431836 0.550594 0.450777
0 0.412455 0.454564 0.506730 0.473505
0 0.518515 0.454564 0.550594 0.473505
0 0.412455 0.477292 0.506730 0.496233
0 0.518515 0.477292 0.550594 0.496233
0 0.577437 0.318195 0.671712 0.337136
0 0.683497 0.318195 0.715576 0.337136
0 0.577437 0.340923 0.671712 0.359864
0 0.683497 0.340923 0.715576 0.359864
0 0.577437 0.363651 0.671712 0.382592
0 0.683497 0.363651 0.715576 0.382592
0 0.577437 0.386379 0.671712 0.405321
0 0.683497 0.386379 0.715576 0.405321
0 0.577437 0.409107 0.671712 0.428049
0 0.683497 0.409107 0.715576 0.428049
0 0.577437 0.431836 0.671712 0.450777
0 0.683497 0.431836 0.715576 0.450777
0 0.577437 0.454564 0.671712 0.473505
0 0.683497 0.454564 0.715576 0.473505
0 0.742419 0.348500 0.892343 0.368702
0 0.908631 0.348500 0.939480 0.368702
0 0.082491 0.515171 0.176766 0.534113
0 0.188551 0.515171 0.220631 0.534113
0 0.082491 0.537899 0.176766 0.556841
0 0.188551 0.537899 0.220631 0.556841
0 0.082491 0.560627 0.176766 0.579569
0 0.188551 0.560627 0.220631 0.579569
0 0.082491 0.583356 0.176766 0.602297
0 0.188551 0.583356 0.220631 0.602297
0 0.082491 0.606084 0.176766 0.625025
0 0.188551 0.606084 0.220631 0.625025
0 0.082491 0.628812 0.176766 0.647753
0 0.188551 0.628812 0.220631 0.647753
0 0.082491 0.651540 0.176766 0.670482
0 0.188551 0.651540 0.220631 0.670482
0 0.082491 0.674268 0.176766 0.693210
0 0.188551 0.674268 0.220631 0.693210
0 0.247473 0.515171 0.341748 0.534113
0 0.353533 0.515171 0.385613 0.534113
0 0.247473 0.537899 0.341748 0.556841
0 0.353533 0.537899 0.385613 0.556841
0 0.247473 0.560627 0.341748 0.579569
0 0.353533 0.560627 0.385613 0.579569
0 0.247473 0.583356 0.341748 0.602297
0 0.353533 0.583356 0.385613 0.602297
0 0.247473 0.606084 0.341748 0.625025
0 0.353533 0.606084 0.385613 0.625025
0 0.247473 0.628812 0.341748 0.647753
0 0.353533 0.628812 0.385613 0.647753
0 0.247473 0.651540 0.341748 0.670482
0 0.353533 0.651540 0.385613 0.670482
0 0.247473 0.674268 0.341748 0.693210
0 0.353533 0.674268 0.385613 0.693210
0 0.412455 0.515171 0.506730 0.534113
0 0.518515 0.515171 0.550594 0.534113
0 0.412455 0.537899 0.506730 0.556841
0 0.518515 0.537899 0.550594 0.556841
0 0.412455 0.560627 0.506730 0.579569
0 0.518515 0.560627 0.550594 0.579569
0 0.412455 0.583356 0.506730 0.602297
0 0.518515 0.583356 0.550594 0.602297
0 0.412455 0.606084 0.506730 0.625025
0 0.518515 0.606084 0.550594 0.625025
0 0.412455 0.628812 0.506730 0.647753
0 0.518515 0.628812 0.550594 0.647753
0 0.412455 0.651540 0.506730 0.670482
0 0.518515 0.651540 0.550594 0.670482
0 0.412455 0.674268 0.506730 0.693210
0 0.518515 0.674268 0.550594 0.693210
0 0.577437 0.515171 0.671712 0.534113
0 0.683497 0.515171 0.715576 0.534113
0 0.577437 0.537899 0.671712 0.556841
0 0.683497 0.537899 0.715576 0.556841
0 0.577437 0.560627 0.671712 0.579569
0 0.683497 0.560627 0.715576 0.579569
0 0.577437 0.583356 0.671712 0.602297
0 0.683497 0.583356 0.715576 0.602297
0 0.577437 0.606084 0.671712 0.625025
0 0.683497 0.606084 0.715576 0.625025
0 0.577437 0.628812 0.671712 0.647753
0 0.683497 0.628812 0.715576 0.647753
0 0.577437 0.651540 0.671712 0.670482
0 0.683497 0.651540 0.715576 0.670482
0 0.742419 0.545477 0.892343 0.565678
0 0.907401 0.545477 0.939480 0.565678
0 0.082491 0.712151 0.176766 0.731093
0 0.188551 0.712151 0.220631 0.731093
0 0.082491 0.734879 0.176766 0.753821
0 0.188551 0.734879 0.220631 0.753821
0 0.082491 0.757608 0.176766 0.776549
0 0.188551 0.757608 0.220631 0.776549
0 0.082491 0.780336 0.176766 0.799277
0 0.188551 0.780336 0.220631 0.799277
0 0.082491 0.803064 0.176766 0.822005
0 0.188551 0.803064 0.220631 0.822005
0 0.082491 0.825792 0.176766 0.844734
0 0.188551 0.825792 0.220631 0.844734
0 0.082491 0.848520 0.176766 0.867462
0 0.188551 0.848520 0.220631 0.867462
0 0.082491 0.871249 0.176766 0.890190
0 0.188551 0.871249 0.220631 0.890190
0 0.247473 0.712151 0.341748 0.731093
0 0.353533 0.712151 0.385613 0.731093
0 0.247473 0.734879 0.341748 0.753821
0 0.353533 0.734879 0.385613 0.753821
0 0.247473 0.757608 0.341748 0.776549
0 0.353533 0.757608 0.385613 0.776549
0 0.247473 0.780336 0.341748 0.799277
0 0.353533 0.780336 0.385613 0.799277
0 0.247473 0.803064 0.341748 0.822005
0 0.353533 0.803064 0.385613 0.822005
0 0.247473 0.825792 0.341748 0.844734
0 0.353533 0.825792 0.385613 0.844734
0 0.247473 0.848520 0.341748 0.867462
0 0.353533 0.848520 0.385613 0.867462
0 0.247473 0.871249 0.341748 0.890190
0 0.353533 0.871249 0.385613 0.890190
0 0.412455 0.712151 0.506730 0.731093
0 0.518515 0.712151 0.550594 0.731093
0 0.412455 0.734879 0.506730 0.753821
0 0.518515 0.734879 0.550594 0.753821
0 0.412455 0.757608 0.506730 0.776549
0 0.518515 0.757608 0.550594 0.776549
0 0.412455 0.780336 0.506730 0.799277
0 0.518515 0.780336 0.550594 0.799277
0 0.412455 0.803064 0.506730 0.822005
0 0.518515 0.803064 0.550594 0.822005
0 0.412455 0.825792 0.506730 0.844734
0 0.518515 0.825792 0.550594 0.844734
0 0.412455 0.848520 0.506730 0.867462
0 0.518515 0.848520 0.550594 0.867462
0 0.412455 0.871249 0.506730 0.890190
0 0.518515 0.871249 0.550594 0.890190
0 0.577437 0.712151 0.671712 0.731093
0 0.683497 0.712151 0.715576 0.731093
0 0.577437 0.734879 0.671712 0.753821
0 0.683497 0.734879 0.715576 0.753821
0 0.577437 0.757608 0.671712 0.776549
0 0.683497 0.757608 0.715576 0.776549
0 0.577437 0.780336 0.671712 0.799277
0 0.683497 0.780336 0.715576 0.799277
0 0.577437 0.803064 0.671712 0.822005
0 0.683497 0.803064 0.715576 0.822005
0 0.577437 0.825792 0.671712 0.844734
0 0.683497 0.825792 0.715576 0.844734
0 0.577437 0.848520 0.671712 0.867462
0 0.683497 0.848520 0.715576 0.867462
0 0.742419 0.742453 0.892343 0.762655
0 0.907401 0.742453 0.939480 0.762655
0 0.742419 0.916705 0.892343 0.936907
0 0.907401 0.916705 0.939480 0.936907
