0 0.223538 0.106064 0.295801 0.128792
0 0.337132 0.106064 0.618376 0.128792
0 0.245263 0.136369 0.635319 0.159097
0 0.177898 0.166675 0.635319 0.189403
0 0.141182 0.196976 0.635319 0.219703
0 0.141182 0.234859 0.435311 0.257586
0 0.447076 0.234859 0.505902 0.257586
0 0.517667 0.234859 0.635319 0.257586
0 0.141182 0.272738 0.282364 0.295465
0 0.305894 0.272738 0.458841 0.295465
0 0.494137 0.272738 0.635319 0.295465
0 0.695616 0.144577 0.713590 0.158466
0 0.695616 0.197607 0.713590 0.211496
0 0.695616 0.220335 0.713590 0.234224
0 0.695616 0.243063 0.713590 0.256952
0 0.695616 0.265791 0.713590 0.279681
0 0.694145 0.325772 0.788266 0.340923
0 0.694145 0.400775 0.720288 0.415926
0 0.732465 0.400775 0.758608 0.415926
0 0.771272 0.400775 0.805585 0.415926
0 0.071245 0.415421 0.089219 0.429310
0 0.071245 0.481710 0.089219 0.495600
0 0.071245 0.545475 0.089219 0.559365
0 0.106540 0.637651 0.124515 0.651540
0 0.106540 0.694219 0.124515 0.708108
0 0.106540 0.730581 0.124515 0.744471
0 0.106540 0.781597 0.124515 0.795487
0 0.106540 0.827686 0.124515 0.841576
0 0.106540 0.879140 0.124515 0.893030
0 0.106540 0.935644 0.124515 0.949533
