0 0.058826 0.058081 0.467338 0.075758
0 0.670613 0.058081 0.705909 0.075758
0 0.715713 0.058081 0.796762 0.075758
0 0.800030 0.093438 0.818005 0.107327
0 0.341189 0.113641 0.470606 0.131320
0 0.800030 0.144576 0.818005 0.158466
0 0.752969 0.174248 0.894151 0.191927
0 0.905916 0.174248 0.939986 0.191927
0 0.752969 0.196976 0.894151 0.214655
0 0.905916 0.196976 0.939986 0.214655
0 0.752969 0.219704 0.894151 0.237383
0 0.905916 0.219704 0.939986 0.237383
0 0.752969 0.242433 0.894151 0.260111
0 0.905916 0.242433 0.939986 0.260111
0 0.752969 0.265161 0.894151 0.282839
0 0.905916 0.265161 0.939986 0.282839
0 0.752969 0.287889 0.894151 0.305568
0 0.905916 0.287889 0.939986 0.305568
0 0.752969 0.321981 0.894151 0.339660
0 0.905916 0.321981 0.939986 0.339660
0 0.752969 0.348500 0.894151 0.366178
0 0.905916 0.348500 0.939986 0.366178
0 0.752969 0.371228 0.894151 0.388907
0 0.905916 0.371228 0.939986 0.388907
0 0.752969 0.405320 0.894151 0.422999
0 0.905916 0.405320 0.939986 0.422999
0 0.117651 0.486763 0.137260 0.501915
0 0.436945 0.484869 0.729439 0.503810
0 0.752969 0.484869 0.929447 0.503810
0 0.729439 0.515170 0.904527 0.531585
0 0.117651 0.539793 0.137260 0.554945
0 0.636952 0.632602 0.929447 0.651543
0 0.636952 0.670481 0.929447 0.689422
0 0.694144 0.696996 0.929447 0.715937
0 0.906676 0.729195 0.926285 0.744347
0 0.201642 0.757607 0.635318 0.776548
0 0.741204 0.757607 0.929447 0.776548
0 0.201642 0.825791 0.635318 0.844733
0 0.741204 0.825791 0.929447 0.844733
0 0.201642 0.856093 0.635318 0.875034
0 0.741204 0.856093 0.929447 0.875034
0 0.201642 0.886398 0.494136 0.905340
0 0.576492 0.886398 0.635318 0.905340
0 0.741204 0.886398 0.929447 0.905340
