0 0.058922 0.058081 0.397397 0.075758
0 0.671712 0.058081 0.707065 0.075758
0 0.716886 0.058081 0.798067 0.075758
0 0.777772 0.099752 0.794139 0.112378
0 0.400670 0.119954 0.518515 0.138896
0 0.777772 0.146468 0.794139 0.159095
0 0.730634 0.174248 0.895616 0.193190
0 0.907401 0.174248 0.941526 0.193190
0 0.730634 0.205814 0.895616 0.224755
0 0.907401 0.205814 0.941526 0.224755
0 0.730634 0.229809 0.895616 0.248750
0 0.907401 0.229809 0.941526 0.248750
0 0.730634 0.253797 0.895616 0.272738
0 0.907401 0.253797 0.941526 0.272738
0 0.730634 0.285363 0.895616 0.303041
0 0.907401 0.285363 0.941526 0.303041
0 0.730634 0.318195 0.895616 0.335873
0 0.907401 0.318195 0.941526 0.335873
0 0.730634 0.349760 0.895616 0.367439
0 0.907401 0.349760 0.941526 0.367439
0 0.730634 0.378802 0.895616 0.396481
0 0.907401 0.378802 0.941526 0.396481
0 0.730634 0.412894 0.895616 0.430573
0 0.907401 0.412894 0.941526 0.430573
0 0.730634 0.444464 0.895616 0.462142
0 0.907401 0.444464 0.941526 0.462142
0 0.106060 0.531588 0.122427 0.544215
0 0.284463 0.545477 0.683497 0.564418
0 0.718850 0.545477 0.942754 0.564418
0 0.765988 0.575782 0.941363 0.594724
0 0.106060 0.599772 0.122427 0.612399
0 0.673349 0.674268 0.942754 0.693210
0 0.673349 0.704574 0.942754 0.723515
0 0.718850 0.734879 0.942754 0.753821
0 0.919185 0.767705 0.935552 0.780332
0 0.190187 0.791700 0.612790 0.810641
0 0.742419 0.791700 0.942754 0.810641
0 0.190187 0.852307 0.612790 0.871249
0 0.742419 0.852307 0.942754 0.871249
0 0.190187 0.882613 0.612790 0.901554
0 0.742419 0.882613 0.942754 0.901554
0 0.190187 0.912918 0.483161 0.931860
0 0.553868 0.912918 0.612790 0.931860
0 0.742419 0.912918 0.942754 0.931860
