0 0.152933 0.060604 0.182343 0.083331
0 0.188225 0.060604 0.217636 0.083331
0 0.247046 0.060604 0.276456 0.083331
0 0.282338 0.060604 0.311748 0.083331
0 0.317630 0.060604 0.347041 0.083331
0 0.352923 0.060604 0.382333 0.083331
0 0.388215 0.060604 0.417625 0.083331
0 0.423507 0.060604 0.452918 0.083331
0 0.458800 0.060604 0.488210 0.083331
0 0.235282 0.090908 0.658789 0.113635
0 0.199990 0.128785 0.229400 0.151512
0 0.235282 0.128785 0.264692 0.151512
0 0.294102 0.128785 0.323513 0.151512
0 0.329395 0.128785 0.358805 0.151512
0 0.364687 0.128785 0.394097 0.151512
0 0.399979 0.128785 0.429389 0.151512
0 0.435271 0.128785 0.464682 0.151512
0 0.470564 0.128785 0.499974 0.151512
0 0.505856 0.128785 0.535266 0.151512
0 0.705845 0.098485 0.799958 0.113635
0 0.258810 0.303787 0.468930 0.325508
0 0.490780 0.304546 0.702535 0.324747
0 0.726037 0.303787 0.937792 0.323988
0 0.258810 0.328033 0.468930 0.348235
0 0.490780 0.328033 0.702535 0.348235
0 0.726037 0.328033 0.937792 0.348235
0 0.258810 0.350760 0.468930 0.370962
0 0.490947 0.350760 0.702702 0.370962
0 0.726037 0.350760 0.937792 0.370962
0 0.258810 0.373487 0.468930 0.393689
0 0.490947 0.373487 0.702702 0.393689
0 0.726037 0.373487 0.937792 0.393689
0 0.258810 0.396214 0.468930 0.416108
0 0.490947 0.396214 0.702702 0.416108
0 0.726037 0.396214 0.937792 0.416108
0 0.541148 0.507572 0.623497 0.530299
0 0.647025 0.507572 0.729374 0.530299
0 0.258810 0.681811 0.468928 0.702013
0 0.489313 0.681811 0.704983 0.702013
0 0.726204 0.681811 0.937959 0.702013
0 0.258810 0.704538 0.468928 0.724740
0 0.489313 0.704538 0.704983 0.724740
0 0.726204 0.704538 0.937959 0.724740
0 0.258810 0.727265 0.468928 0.747467
0 0.489313 0.727265 0.704983 0.747467
0 0.726204 0.727265 0.937959 0.747467
0 0.258810 0.749992 0.468928 0.770194
0 0.489313 0.749992 0.704983 0.770194
0 0.726204 0.749992 0.937959 0.770194
0 0.258810 0.772719 0.468928 0.792923
0 0.489313 0.772719 0.704983 0.792923
0 0.726204 0.772719 0.937959 0.792923
