0 0.259257 0.090913 0.329964 0.113641
0 0.357222 0.090913 0.636118 0.113641
0 0.294611 0.121218 0.636359 0.143947
0 0.235688 0.151520 0.636359 0.174248
0 0.129629 0.181826 0.636359 0.203290
0 0.129629 0.219705 0.436024 0.241169
0 0.447808 0.219705 0.506730 0.241169
0 0.518515 0.219705 0.636359 0.241169
0 0.129629 0.257587 0.294611 0.279052
0 0.306395 0.257587 0.471377 0.279052
0 0.483161 0.257587 0.636359 0.279052
0 0.671712 0.125006 0.691353 0.140158
0 0.671712 0.147735 0.691353 0.162887
0 0.671712 0.170463 0.691353 0.185615
0 0.671712 0.193191 0.691353 0.208343
0 0.730634 0.344710 0.942754 0.363651
0 0.730634 0.433097 0.747001 0.445724
0 0.329964 0.465932 0.447808 0.484873
0 0.459592 0.465932 0.493718 0.484873
0 0.565652 0.465932 0.683497 0.484873
0 0.695281 0.465932 0.729407 0.484873
0 0.329964 0.492443 0.447808 0.511384
0 0.459592 0.492443 0.493718 0.511384
0 0.565652 0.492443 0.683497 0.511384
0 0.695281 0.492443 0.729407 0.511384
0 0.329964 0.526535 0.447808 0.545477
0 0.459592 0.526535 0.493718 0.545477
0 0.565652 0.526535 0.683497 0.545477
0 0.695281 0.526535 0.729407 0.545477
0 0.329964 0.556841 0.447808 0.575782
0 0.459592 0.556841 0.493718 0.575782
0 0.565652 0.556841 0.683497 0.575782
0 0.695281 0.556841 0.729407 0.575782
0 0.329964 0.587146 0.447808 0.606088
0 0.459592 0.587146 0.493718 0.606088
0 0.565652 0.587146 0.683497 0.606088
0 0.695281 0.587146 0.729407 0.606088
0 0.329964 0.617452 0.447808 0.636393
0 0.459592 0.617452 0.493718 0.636393
0 0.565652 0.617452 0.683497 0.636393
0 0.695281 0.617452 0.729407 0.636393
0 0.730634 0.655331 0.895616 0.674272
0 0.907401 0.655331 0.941526 0.674272
0 0.730634 0.689423 0.895616 0.708364
0 0.907401 0.689423 0.941526 0.708364
0 0.730634 0.712151 0.895616 0.731093
0 0.907401 0.712151 0.941526 0.731093
0 0.730634 0.734879 0.895616 0.753821
0 0.907401 0.734879 0.941526 0.753821
0 0.730634 0.757608 0.895616 0.776549
0 0.907401 0.757608 0.941526 0.776549
0 0.730634 0.787909 0.895616 0.806851
0 0.907401 0.787909 0.941526 0.806851
0 0.730634 0.810638 0.895616 0.829579
0 0.907401 0.810638 0.941526 0.829579
0 0.730634 0.840943 0.895616 0.859885
0 0.907401 0.840943 0.941526 0.859885
0 0.730634 0.871249 0.895616 0.890190
0 0.907401 0.871249 0.941526 0.890190
0 0.730634 0.893977 0.895616 0.912918
0 0.907401 0.893977 0.941526 0.912918
