0 0.256975 0.098490 0.329238 0.121218
0 0.354075 0.098490 0.635318 0.121218
0 0.223538 0.128792 0.635318 0.151520
0 0.188242 0.159097 0.635318 0.181825
0 0.129417 0.189403 0.635318 0.214655
0 0.129417 0.227282 0.447076 0.252534
0 0.458841 0.227282 0.517667 0.252534
0 0.529432 0.227282 0.635318 0.252534
0 0.129417 0.265161 0.364720 0.290413
0 0.376485 0.265161 0.517667 0.290413
0 0.529432 0.265161 0.635318 0.290413
0 0.682379 0.129423 0.701987 0.144575
0 0.682379 0.152151 0.701987 0.167303
0 0.682379 0.174879 0.701987 0.190031
0 0.682379 0.197608 0.701987 0.212760
0 0.752969 0.356073 0.941212 0.375015
0 0.752969 0.418578 0.772578 0.433730
0 0.329424 0.462141 0.447076 0.481082
0 0.457859 0.462141 0.492911 0.481082
0 0.564727 0.462141 0.682379 0.481082
0 0.694144 0.462141 0.728214 0.481082
0 0.329424 0.496233 0.447076 0.515174
0 0.457859 0.496233 0.492911 0.515174
0 0.564727 0.496233 0.682379 0.515174
0 0.694144 0.496233 0.728214 0.515174
0 0.329424 0.522748 0.447076 0.541689
0 0.457859 0.522748 0.492911 0.541689
0 0.564727 0.522748 0.682379 0.541689
0 0.694144 0.522748 0.728214 0.541689
0 0.329424 0.553053 0.447076 0.571995
0 0.458841 0.553053 0.492911 0.571995
0 0.564727 0.553053 0.682379 0.571995
0 0.694144 0.553053 0.728214 0.571995
0 0.329424 0.575781 0.447076 0.594723
0 0.458841 0.575781 0.492911 0.594723
0 0.564727 0.575781 0.682379 0.594723
0 0.694144 0.575781 0.728214 0.594723
0 0.329424 0.606083 0.447076 0.625024
0 0.458841 0.606083 0.492911 0.625024
0 0.564727 0.606083 0.682379 0.625024
0 0.694144 0.606083 0.728214 0.625024
0 0.752969 0.628811 0.894151 0.647753
0 0.905916 0.628811 0.939986 0.647753
0 0.752969 0.651539 0.894151 0.670481
0 0.905916 0.651539 0.939986 0.670481
0 0.752969 0.674268 0.894151 0.693209
0 0.905916 0.674268 0.939986 0.693209
0 0.752969 0.696996 0.894151 0.715937
0 0.905916 0.696996 0.939986 0.715937
0 0.752969 0.719724 0.894151 0.738665
0 0.905916 0.719724 0.939986 0.738665
0 0.752969 0.742452 0.894151 0.761393
0 0.905916 0.742452 0.939986 0.761393
0 0.752969 0.765180 0.894151 0.784122
0 0.905916 0.765180 0.939986 0.784122
0 0.752969 0.787908 0.894151 0.806850
0 0.905916 0.787908 0.939986 0.806850
0 0.752969 0.825791 0.894151 0.844733
0 0.905916 0.825791 0.939986 0.844733
0 0.752969 0.848519 0.894151 0.867461
0 0.905916 0.848519 0.939986 0.867461
