0 0.212120 0.106064 0.241581 0.128792
0 0.259257 0.106064 0.288718 0.128792
0 0.318179 0.106064 0.347640 0.128792
0 0.365317 0.106064 0.394778 0.128792
0 0.412455 0.106064 0.441916 0.128792
0 0.459592 0.106064 0.489054 0.128792
0 0.506730 0.106064 0.536191 0.128792
0 0.553868 0.106064 0.583329 0.128792
0 0.601006 0.106064 0.630467 0.128792
0 0.212120 0.136369 0.636359 0.159097
0 0.212120 0.166675 0.241581 0.189403
0 0.259257 0.166675 0.288718 0.189403
0 0.306395 0.166675 0.335856 0.189403
0 0.353533 0.166675 0.382994 0.189403
0 0.683497 0.138263 0.703137 0.153415
0 0.683497 0.160991 0.703137 0.176143
0 0.683497 0.183720 0.703137 0.198872
0 0.683497 0.206448 0.703137 0.221600
0 0.082491 0.318195 0.176766 0.337136
0 0.188551 0.318195 0.223904 0.337136
0 0.082491 0.340923 0.176766 0.359864
0 0.188551 0.340923 0.223904 0.359864
0 0.082491 0.363651 0.176766 0.382592
0 0.188551 0.363651 0.223904 0.382592
0 0.082491 0.386379 0.176766 0.405321
0 0.188551 0.386379 0.223904 0.405321
0 0.082491 0.409107 0.176766 0.428049
0 0.188551 0.409107 0.223904 0.428049
0 0.082491 0.431836 0.176766 0.450777
0 0.188551 0.431836 0.223904 0.450777
0 0.082491 0.454564 0.176766 0.473505
0 0.188551 0.454564 0.223904 0.473505
0 0.082491 0.477292 0.176766 0.496233
0 0.188551 0.477292 0.223904 0.496233
0 0.247473 0.318195 0.341748 0.337136
0 0.353533 0.318195 0.388886 0.337136
0 0.247473 0.340923 0.341748 0.359864
0 0.353533 0.340923 0.388886 0.359864
0 0.247473 0.363651 0.341748 0.382592
0 0.353533 0.363651 0.388886 0.382592
0 0.247473 0.386379 0.341748 0.405321
0 0.353533 0.386379 0.388886 0.405321
0 0.247473 0.409107 0.341748 0.428049
0 0.353533 0.409107 0.388886 0.428049
0 0.247473 0.431836 0.341748 0.450777
0 0.353533 0.431836 0.388886 0.450777
0 0.247473 0.454564 0.341748 0.473505
0 0.353533 0.454564 0.388886 0.473505
0 0.247473 0.477292 0.341748 0.496233
0 0.353533 0.477292 0.388886 0.496233
0 0.412455 0.318195 0.506730 0.337136
0 0.518515 0.318195 0.553868 0.337136
0 0.412455 0.340923 0.506730 0.359864
0 0.518515 0.340923 0.553868 0.359864
0 0.412455 0.363651 0.506730 0.382592
0 0.518515 0.363651 0.553868 0.382592
0 0.412455 0.386379 0.506730 0.405321
0 0.518515 0.386379 0.553868 0.405321
0 0.412455 0.409107 0.506730 0.428049
0 0.518515 0.409107 0.553868 0.428049
0 0.412455 0.431836 0.506730 0.450777
0 0.518515 0.431836 0.553868 0.450777
0 0.412455 0.454564 0.506730 0.473505
0 0.518515 0.454564 0.553868 0.473505
0 0.412455 0.477292 0.506730 0.496233
0 0.518515 0.477292 0.553868 0.496233
0 0.577437 0.318195 0.671712 0.337136
0 0.683497 0.318195 0.718850 0.337136
0 0.577437 0.340923 0.671712 0.359864
0 0.683497 0.340923 0.718850 0.359864
0 0.577437 0.363651 0.671712 0.382592
0 0.683497 0.363651 0.718850 0.382592
0 0.577437 0.386379 0.671712 0.405321
0 0.683497 0.386379 0.718850 0.405321
0 0.577437 0.409107 0.671712 0.428049
0 0.683497 0.409107 0.718850 0.428049
0 0.577437 0.431836 0.671712 0.450777
0 0.683497 0.431836 0.718850 0.450777
0 0.577437 0.454564 0.671712 0.473505
0 0.683497 0.454564 0.718850 0.473505
0 0.742419 0.356074 0.895616 0.375015
0 0.907401 0.356074 0.942754 0.375015
0 0.082491 0.515171 0.176766 0.534113
0 0.188551 0.515171 0.223904 0.534113
0 0.082491 0.537899 0.176766 0.556841
0 0.188551 0.537899 0.223904 0.556841
0 0.082491 0.560627 0.176766 0.579569
0 0.188551 0.560627 0.223904 0.579569
0 0.082491 0.583356 0.176766 0.602297
0 0.188551 0.583356 0.223904 0.602297
0 0.082491 0.606084 0.176766 0.625025
0 0.188551 0.606084 0.223904 0.625025
0 0.082491 0.628812 0.176766 0.647753
0 0.188551 0.628812 0.223904 0.647753
0 0.082491 0.651540 0.176766 0.670482
0 0.188551 0.651540 0.223904 0.670482
0 0.082491 0.674268 0.176766 0.693210
0 0.188551 0.674268 0.223904 0.693210
0 0.247473 0.515171 0.341748 0.534113
0 0.353533 0.515171 0.388886 0.534113
0 0.247473 0.537899 0.341748 0.556841
0 0.353533 0.537899 0.388886 0.556841
0 0.247473 0.560627 0.341748 0.579569
0 0.353533 0.560627 0.388886 0.579569
0 0.247473 0.583356 0.341748 0.602297
0 0.353533 0.583356 0.388886 0.602297
0 0.247473 0.606084 0.341748 0.625025
0 0.353533 0.606084 0.388886 0.625025
0 0.247473 0.628812 0.341748 0.647753
0 0.353533 0.628812 0.388886 0.647753
0 0.247473 0.651540 0.341748 0.670482
0 0.353533 0.651540 0.388886 0.670482
0 0.247473 0.674268 0.341748 0.693210
0 0.353533 0.674268 0.388886 0.693210
0 0.412455 0.515171 0.506730 0.534113
0 0.518515 0.515171 0.553868 0.534113
0 0.412455 0.537899 0.506730 0.556841
0 0.518515 0.537899 0.553868 0.556841
0 0.412455 0.560627 0.506730 0.579569
0 0.518515 0.560627 0.553868 0.579569
0 0.412455 0.583356 0.506730 0.602297
0 0.518515 0.583356 0.553868 0.602297
0 0.412455 0.606084 0.506730 0.625025
0 0.518515 0.606084 0.553868 0.625025
0 0.412455 0.628812 0.506730 0.647753
0 0.518515 0.628812 0.553868 0.647753
0 0.412455 0.651540 0.506730 0.670482
0 0.518515 0.651540 0.553868 0.670482
0 0.412455 0.674268 0.506730 0.693210
0 0.518515 0.674268 0.553868 0.693210
0 0.577437 0.515171 0.671712 0.534113
0 0.683497 0.515171 0.718850 0.534113
0 0.577437 0.537899 0.671712 0.556841
0 0.683497 0.537899 0.718850 0.556841
0 0.577437 0.560627 0.671712 0.579569
0 0.683497 0.560627 0.718850 0.579569
0 0.577437 0.583356 0.671712 0.602297
0 0.683497 0.583356 0.718850 0.602297
0 0.577437 0.606084 0.671712 0.625025
0 0.683497 0.606084 0.718850 0.625025
0 0.577437 0.628812 0.671712 0.647753
0 0.683497 0.628812 0.718850 0.647753
0 0.577437 0.651540 0.671712 0.670482
0 0.683497 0.651540 0.718850 0.670482
0 0.742419 0.553054 0.895616 0.571995
0 0.907401 0.553054 0.942754 0.571995
0 0.082491 0.712151 0.176766 0.731093
0 0.188551 0.712151 0.223904 0.731093
0 0.082491 0.734879 0.176766 0.753821
0 0.188551 0.734879 0.223904 0.753821
0 0.082491 0.757608 0.176766 0.776549
0 0.188551 0.757608 0.223904 0.776549
0 0.082491 0.780336 0.176766 0.799277
0 0.188551 0.780336 0.223904 0.799277
0 0.082491 0.803064 0.176766 0.822005
0 0.188551 0.803064 0.223904 0.822005
0 0.082491 0.825792 0.176766 0.844734
0 0.188551 0.825792 0.223904 0.844734
0 0.082491 0.848520 0.176766 0.867462
0 0.188551 0.848520 0.223904 0.867462
0 0.082491 0.871249 0.176766 0.890190
0 0.188551 0.871249 0.223904 0.890190
0 0.247473 0.712151 0.341748 0.731093
0 0.353533 0.712151 0.388886 0.731093
0 0.247473 0.734879 0.341748 0.753821
0 0.353533 0.734879 0.388886 0.753821
0 0.247473 0.757608 0.341748 0.776549
0 0.353533 0.757608 0.388886 0.776549
0 0.247473 0.780336 0.341748 0.799277
0 0.353533 0.780336 0.388886 0.799277
0 0.247473 0.803064 0.341748 0.822005
0 0.353533 0.803064 0.388886 0.822005
0 0.247473 0.825792 0.341748 0.844734
0 0.353533 0.825792 0.388886 0.844734
0 0.247473 0.848520 0.341748 0.867462
0 0.353533 0.848520 0.388886 0.867462
0 0.247473 0.871249 0.341748 0.890190
0 0.353533 0.871249 0.388886 0.890190
0 0.412455 0.712151 0.506730 0.731093
0 0.518515 0.712151 0.553868 0.731093
0 0.412455 0.734879 0.506730 0.753821
0 0.518515 0.734879 0.553868 0.753821
0 0.412455 0.757608 0.506730 0.776549
0 0.518515 0.757608 0.553868 0.776549
0 0.412455 0.780336 0.506730 0.799277
0 0.518515 0.780336 0.553868 0.799277
0 0.412455 0.803064 0.506730 0.822005
0 0.518515 0.803064 0.553868 0.822005
0 0.412455 0.825792 0.506730 0.844734
0 0.518515 0.825792 0.553868 0.844734
0 0.412455 0.848520 0.506730 0.867462
0 0.518515 0.848520 0.553868 0.867462
0 0.412455 0.871249 0.506730 0.890190
0 0.518515 0.871249 0.553868 0.890190
0 0.577437 0.712151 0.671712 0.731093
0 0.683497 0.712151 0.718850 0.731093
0 0.577437 0.734879 0.671712 0.753821
0 0.683497 0.734879 0.718850 0.753821
0 0.577437 0.757608 0.671712 0.776549
0 0.683497 0.757608 0.718850 0.776549
0 0.577437 0.780336 0.671712 0.799277
0 0.683497 0.780336 0.718850 0.799277
0 0.577437 0.803064 0.671712 0.822005
0 0.683497 0.803064 0.718850 0.822005
0 0.577437 0.825792 0.671712 0.844734
0 0.683497 0.825792 0.718850 0.844734
0 0.577437 0.848520 0.671712 0.867462
0 0.683497 0.848520 0.718850 0.867462
0 0.742419 0.750030 0.895616 0.768972
0 0.907401 0.750030 0.942754 0.768972
0 0.742419 0.909128 0.895616 0.928069
0 0.907401 0.909128 0.942754 0.928069
