0 0.058826 0.060607 0.447076 0.090913
0 0.472241 0.060607 0.539564 0.090913
0 0.554597 0.060607 0.727806 0.090913
0 0.847092 0.045456 0.882388 0.060607
0 0.731074 0.073234 0.941213 0.090913
0 0.341190 0.174248 0.423546 0.196976
0 0.435311 0.174248 0.457207 0.196976
0 0.482372 0.174248 0.564728 0.196976
0 0.576148 0.174248 0.598389 0.196976
0 0.623554 0.174248 0.705910 0.196976
0 0.717675 0.174248 0.739571 0.196976
0 0.918337 0.232964 0.936311 0.246853
0 0.341190 0.257587 0.423546 0.280316
0 0.435311 0.257587 0.457207 0.280316
0 0.482372 0.257587 0.564728 0.280316
0 0.576148 0.257587 0.598389 0.280316
0 0.623554 0.257587 0.705910 0.280316
0 0.717675 0.257587 0.739571 0.280316
0 0.341190 0.303044 0.423546 0.325772
0 0.435311 0.303044 0.457207 0.325772
0 0.482372 0.303044 0.564728 0.325772
0 0.576148 0.303044 0.598389 0.325772
0 0.623554 0.303044 0.705910 0.325772
0 0.717675 0.303044 0.739571 0.325772
0 0.341190 0.333346 0.423546 0.356074
0 0.435965 0.333346 0.458270 0.356074
0 0.483025 0.333346 0.565382 0.356074
0 0.576493 0.333346 0.598798 0.356074
0 0.623554 0.333346 0.705910 0.356074
0 0.717675 0.333346 0.739980 0.356074
0 0.341190 0.363651 0.423546 0.386379
0 0.435203 0.363651 0.457861 0.386379
0 0.482372 0.363651 0.564728 0.386379
0 0.576148 0.363651 0.598389 0.386379
0 0.623554 0.363651 0.705910 0.386379
0 0.717675 0.363651 0.739571 0.386379
0 0.341190 0.416685 0.423546 0.439413
0 0.435311 0.416685 0.457207 0.439413
0 0.482372 0.416685 0.564728 0.439413
0 0.576148 0.416685 0.598389 0.439413
0 0.623554 0.416685 0.705910 0.439413
0 0.717675 0.416685 0.739571 0.439413
0 0.341190 0.477292 0.423546 0.500020
0 0.435311 0.477292 0.457616 0.500020
0 0.482372 0.477292 0.564728 0.500020
0 0.576493 0.477292 0.598798 0.500020
0 0.623554 0.477292 0.705910 0.500020
0 0.717675 0.477292 0.739980 0.500020
0 0.341190 0.560627 0.423546 0.583356
0 0.435311 0.560627 0.457207 0.583356
0 0.482372 0.560627 0.564728 0.583356
0 0.576148 0.560627 0.598389 0.583356
0 0.623554 0.560627 0.705910 0.583356
0 0.717675 0.560627 0.739571 0.583356
0 0.341190 0.651544 0.423546 0.674272
0 0.435311 0.651544 0.457207 0.674272
0 0.482372 0.651544 0.564728 0.674272
0 0.576148 0.651544 0.598389 0.674272
0 0.623554 0.651544 0.705910 0.674272
0 0.717675 0.651544 0.739571 0.674272
0 0.341190 0.712151 0.423546 0.734879
0 0.435311 0.712151 0.457616 0.734879
0 0.483025 0.712151 0.565382 0.734879
0 0.576493 0.712151 0.598798 0.734879
0 0.623554 0.712151 0.705910 0.734879
0 0.717675 0.712151 0.739980 0.734879
0 0.341190 0.795487 0.423546 0.818215
0 0.435311 0.795487 0.457207 0.818215
0 0.482372 0.795487 0.564728 0.818215
0 0.576148 0.795487 0.598389 0.818215
0 0.623554 0.795487 0.705910 0.818215
0 0.717675 0.795487 0.739571 0.818215
