0 0.058826 0.060607 0.465051 0.090913
0 0.505902 0.060607 0.576493 0.090913
0 0.586297 0.060607 0.749703 0.090913
0 0.858857 0.045456 0.894153 0.060607
0 0.752971 0.073234 0.941213 0.090913
0 0.341190 0.204554 0.423546 0.227282
0 0.435965 0.204554 0.457861 0.227282
0 0.483025 0.204554 0.565382 0.227282
0 0.576493 0.204554 0.598389 0.227282
0 0.623554 0.204554 0.705910 0.227282
0 0.717675 0.204554 0.739571 0.227282
0 0.823562 0.204554 0.905918 0.227282
0 0.917683 0.204554 0.939579 0.227282
0 0.341190 0.237382 0.423546 0.260110
0 0.435311 0.237382 0.457207 0.260110
0 0.482372 0.237382 0.564728 0.260110
0 0.576148 0.237382 0.598389 0.260110
0 0.623554 0.237382 0.705910 0.260110
0 0.717675 0.237382 0.739571 0.260110
0 0.823562 0.237382 0.905918 0.260110
0 0.917683 0.237382 0.939579 0.260110
0 0.341190 0.272738 0.423546 0.295466
0 0.435311 0.272738 0.457207 0.295466
0 0.482372 0.272738 0.564728 0.295466
0 0.576148 0.272738 0.598389 0.295466
0 0.624207 0.272738 0.706564 0.295466
0 0.718329 0.272738 0.740225 0.295466
0 0.823562 0.272738 0.905918 0.295466
0 0.917683 0.272738 0.939579 0.295466
0 0.823562 0.310617 0.905918 0.333346
0 0.917683 0.310617 0.939579 0.333346
0 0.341190 0.340923 0.423546 0.363651
0 0.434679 0.340923 0.456554 0.363651
0 0.481718 0.340923 0.564074 0.363651
0 0.575495 0.340923 0.598144 0.363651
0 0.624207 0.340923 0.706564 0.363651
0 0.718329 0.340923 0.740634 0.363651
0 0.823562 0.340923 0.905918 0.363651
0 0.917683 0.340923 0.939579 0.363651
0 0.341190 0.393957 0.423546 0.416685
0 0.435311 0.393957 0.457207 0.416685
0 0.482372 0.393957 0.564728 0.416685
0 0.576148 0.393957 0.598798 0.416685
0 0.623554 0.393957 0.705910 0.416685
0 0.717675 0.393957 0.739980 0.416685
0 0.823562 0.393957 0.905918 0.416685
0 0.917683 0.393957 0.939579 0.416685
0 0.341190 0.469715 0.423546 0.492443
0 0.435311 0.469715 0.457207 0.492443
0 0.482372 0.469715 0.564728 0.492443
0 0.576148 0.469715 0.598798 0.492443
0 0.623554 0.469715 0.705910 0.492443
0 0.717675 0.469715 0.739980 0.492443
0 0.823562 0.469715 0.905918 0.492443
0 0.917683 0.469715 0.939579 0.492443
0 0.341190 0.515171 0.423546 0.537899
0 0.435311 0.515171 0.457207 0.537899
0 0.482372 0.515171 0.564728 0.537899
0 0.576148 0.515171 0.598798 0.537899
0 0.623554 0.515171 0.705910 0.537899
0 0.717675 0.515171 0.739980 0.537899
0 0.823562 0.515171 0.905918 0.537899
0 0.917683 0.515171 0.939579 0.537899
0 0.341190 0.583356 0.423546 0.606084
0 0.435311 0.583356 0.457207 0.606084
0 0.482372 0.583356 0.564728 0.606084
0 0.576148 0.583356 0.598798 0.606084
0 0.623554 0.583356 0.705910 0.606084
0 0.717675 0.583356 0.739980 0.606084
0 0.823562 0.583356 0.905918 0.606084
0 0.917683 0.583356 0.939579 0.606084
0 0.823562 0.628812 0.905918 0.651540
0 0.917683 0.628812 0.939579 0.651540
0 0.341190 0.757608 0.423546 0.780336
0 0.435311 0.757608 0.457207 0.780336
0 0.482372 0.757608 0.564728 0.780336
0 0.576148 0.757608 0.598389 0.780336
0 0.623554 0.757608 0.705910 0.780336
0 0.717675 0.757608 0.739571 0.780336
0 0.341190 0.833366 0.423546 0.856094
0 0.435311 0.833366 0.457207 0.856094
0 0.482372 0.833366 0.564728 0.856094
0 0.576148 0.833366 0.598389 0.856094
0 0.623554 0.833366 0.705910 0.856094
0 0.717675 0.833366 0.739571 0.856094
0 0.341190 0.901550 0.423546 0.924279
0 0.435311 0.901550 0.457207 0.924279
0 0.482372 0.901550 0.564728 0.924279
0 0.576148 0.901550 0.598389 0.924279
0 0.623554 0.901550 0.705910 0.924279
0 0.717675 0.901550 0.739571 0.924279
