0 0.058826 0.060607 0.465050 0.090913
0 0.505901 0.060607 0.576492 0.090913
0 0.586297 0.060607 0.749701 0.090913
0 0.858942 0.045456 0.882386 0.060607
0 0.752969 0.073234 0.941212 0.090913
0 0.317659 0.166674 0.400015 0.189403
0 0.411780 0.166674 0.434085 0.189403
0 0.470606 0.166674 0.552962 0.189403
0 0.564727 0.166674 0.587032 0.189403
0 0.623553 0.166674 0.705909 0.189403
0 0.717674 0.166674 0.739979 0.189403
0 0.317659 0.196976 0.400015 0.219704
0 0.411780 0.196976 0.434085 0.219704
0 0.470606 0.196976 0.552962 0.219704
0 0.564727 0.196976 0.587032 0.219704
0 0.623553 0.196976 0.705909 0.219704
0 0.717674 0.196976 0.739979 0.219704
0 0.823560 0.196976 0.905916 0.219704
0 0.917682 0.196976 0.939986 0.219704
0 0.317659 0.234859 0.400015 0.257587
0 0.411780 0.234859 0.434085 0.257587
0 0.470606 0.234859 0.552962 0.257587
0 0.564727 0.234859 0.587032 0.257587
0 0.623553 0.234859 0.705909 0.257587
0 0.717674 0.234859 0.739979 0.257587
0 0.823560 0.234859 0.905916 0.257587
0 0.917682 0.234859 0.939986 0.257587
0 0.317659 0.280315 0.400015 0.303043
0 0.411780 0.280315 0.434085 0.303043
0 0.470606 0.280315 0.552962 0.303043
0 0.564727 0.280315 0.587032 0.303043
0 0.623553 0.280315 0.705909 0.303043
0 0.717674 0.280315 0.739979 0.303043
0 0.823560 0.280315 0.905916 0.303043
0 0.917682 0.280315 0.939986 0.303043
0 0.317659 0.325772 0.400015 0.348500
0 0.411780 0.325772 0.434085 0.348500
0 0.470606 0.325772 0.552962 0.348500
0 0.564727 0.325772 0.587032 0.348500
0 0.623553 0.325772 0.705909 0.348500
0 0.717674 0.325772 0.739979 0.348500
0 0.823560 0.325772 0.905916 0.348500
0 0.917682 0.325772 0.939986 0.348500
0 0.317659 0.371228 0.400015 0.393956
0 0.411780 0.371228 0.434085 0.393956
0 0.470606 0.371228 0.552962 0.393956
0 0.564727 0.371228 0.587032 0.393956
0 0.623553 0.371228 0.705909 0.393956
0 0.717674 0.371228 0.739979 0.393956
0 0.823560 0.371228 0.905916 0.393956
0 0.917682 0.371228 0.939986 0.393956
0 0.317659 0.409107 0.400015 0.431835
0 0.411780 0.409107 0.434085 0.431835
0 0.470606 0.409107 0.552962 0.431835
0 0.564727 0.409107 0.587032 0.431835
0 0.623553 0.409107 0.705909 0.431835
0 0.717674 0.409107 0.739979 0.431835
0 0.823560 0.409107 0.905916 0.431835
0 0.917682 0.409107 0.939986 0.431835
0 0.317659 0.446986 0.400015 0.469714
0 0.411780 0.446986 0.434085 0.469714
0 0.470606 0.446986 0.552962 0.469714
0 0.564727 0.446986 0.587032 0.469714
0 0.623553 0.446986 0.705909 0.469714
0 0.717674 0.446986 0.739979 0.469714
0 0.823560 0.446986 0.905916 0.469714
0 0.917682 0.446986 0.939986 0.469714
0 0.317659 0.492442 0.400015 0.515170
0 0.411780 0.492442 0.434085 0.515170
0 0.470606 0.492442 0.552962 0.515170
0 0.564727 0.492442 0.587032 0.515170
0 0.623553 0.492442 0.705909 0.515170
0 0.717674 0.492442 0.739979 0.515170
0 0.823560 0.492442 0.905916 0.515170
0 0.917682 0.492442 0.939986 0.515170
0 0.317659 0.537899 0.400015 0.560627
0 0.411780 0.537899 0.434085 0.560627
0 0.470606 0.537899 0.552962 0.560627
0 0.564727 0.537899 0.587032 0.560627
0 0.623553 0.537899 0.705909 0.560627
0 0.717674 0.537899 0.739979 0.560627
0 0.823560 0.537899 0.905916 0.560627
0 0.917682 0.537899 0.939986 0.560627
0 0.317659 0.568204 0.400015 0.590932
0 0.411780 0.568204 0.434085 0.590932
0 0.470606 0.568204 0.552962 0.590932
0 0.564727 0.568204 0.587032 0.590932
0 0.623553 0.568204 0.705909 0.590932
0 0.717674 0.568204 0.739979 0.590932
0 0.823560 0.568204 0.905916 0.590932
0 0.917682 0.568204 0.939986 0.590932
0 0.317659 0.621238 0.400015 0.643966
0 0.411780 0.621238 0.434085 0.643966
0 0.470606 0.621238 0.552962 0.643966
0 0.564727 0.621238 0.587032 0.643966
0 0.623553 0.621238 0.705909 0.643966
0 0.717674 0.621238 0.739979 0.643966
0 0.823560 0.621238 0.905916 0.643966
0 0.917682 0.621238 0.939986 0.643966
0 0.317659 0.681845 0.400015 0.704573
0 0.411780 0.681845 0.434085 0.704573
0 0.470606 0.681845 0.552962 0.704573
0 0.564727 0.681845 0.587032 0.704573
0 0.623553 0.681845 0.705909 0.704573
0 0.717674 0.681845 0.739979 0.704573
0 0.823560 0.681845 0.905916 0.704573
0 0.917682 0.681845 0.939986 0.704573
0 0.317659 0.719724 0.400015 0.742452
0 0.411780 0.719724 0.434085 0.742452
0 0.470606 0.719724 0.552962 0.742452
0 0.564727 0.719724 0.587032 0.742452
0 0.623553 0.719724 0.705909 0.742452
0 0.717674 0.719724 0.739979 0.742452
0 0.823560 0.719724 0.905916 0.742452
0 0.917682 0.719724 0.939986 0.742452
0 0.317659 0.780335 0.400015 0.803063
0 0.411780 0.780335 0.434085 0.803063
0 0.470606 0.780335 0.552962 0.803063
0 0.564727 0.780335 0.587032 0.803063
0 0.623553 0.780335 0.705909 0.803063
0 0.717674 0.780335 0.739979 0.803063
0 0.823560 0.780335 0.905916 0.803063
0 0.917682 0.780335 0.939986 0.803063
0 0.317659 0.818214 0.435310 0.840942
0 0.470606 0.818214 0.588257 0.840942
0 0.623553 0.818214 0.741204 0.840942
0 0.317659 0.856093 0.400015 0.878821
0 0.411780 0.856093 0.434085 0.878821
0 0.470606 0.856093 0.552962 0.878821
0 0.564727 0.856093 0.587032 0.878821
0 0.623553 0.856093 0.705909 0.878821
0 0.717674 0.856093 0.739979 0.878821
0 0.823560 0.856093 0.905916 0.878821
0 0.917682 0.856093 0.939986 0.878821
0 0.317659 0.886398 0.400015 0.909127
0 0.411780 0.886398 0.434085 0.909127
0 0.470606 0.886398 0.552962 0.909127
0 0.564727 0.886398 0.587032 0.909127
0 0.623553 0.886398 0.705909 0.909127
0 0.717674 0.886398 0.739979 0.909127
0 0.823560 0.886398 0.905916 0.909127
0 0.917682 0.886398 0.939986 0.909127
0 0.317659 0.916704 0.400015 0.939432
0 0.411780 0.916704 0.434085 0.939432
0 0.470606 0.916704 0.552962 0.939432
0 0.564727 0.916704 0.587032 0.939432
0 0.623553 0.916704 0.705909 0.939432
0 0.717674 0.916704 0.739979 0.939432
0 0.823560 0.916704 0.905916 0.939432
0 0.917682 0.916704 0.939986 0.939432
