0 0.058922 0.058081 0.397397 0.075758
0 0.671712 0.058081 0.707065 0.075758
0 0.716886 0.058081 0.798067 0.075758
0 0.200335 0.114902 0.216702 0.127529
0 0.200335 0.183087 0.216702 0.195714
0 0.471377 0.212131 0.636359 0.231072
0 0.648143 0.212131 0.682269 0.231072
0 0.471377 0.234859 0.636359 0.253801
0 0.648143 0.234859 0.682269 0.253801
0 0.471377 0.257587 0.636359 0.276529
0 0.648143 0.257587 0.682269 0.276529
0 0.471377 0.280316 0.636359 0.299257
0 0.648143 0.280316 0.682269 0.299257
0 0.200335 0.304305 0.216702 0.316932
0 0.777772 0.357335 0.794139 0.369962
0 0.400670 0.378802 0.518515 0.397743
0 0.777772 0.402792 0.794139 0.415418
0 0.106060 0.478555 0.122427 0.491181
0 0.284463 0.492443 0.683497 0.511384
0 0.718850 0.492443 0.942754 0.511384
0 0.765988 0.522748 0.941363 0.541690
0 0.106060 0.546738 0.122427 0.559365
0 0.673349 0.621238 0.942754 0.640180
0 0.673349 0.651540 0.942754 0.670482
0 0.718850 0.681846 0.942754 0.700787
0 0.919185 0.714675 0.935552 0.727302
0 0.190187 0.738670 0.612790 0.757611
0 0.742419 0.738670 0.942754 0.757611
0 0.190187 0.799273 0.612790 0.818215
0 0.742419 0.799273 0.942754 0.818215
0 0.190187 0.829579 0.612790 0.848520
0 0.742419 0.829579 0.942754 0.848520
0 0.190187 0.859885 0.483161 0.878826
0 0.553868 0.859885 0.612790 0.878826
0 0.742419 0.859885 0.942754 0.878826
