0 0.288081 0.113635 0.317492 0.136362
0 0.323374 0.113635 0.352784 0.136362
0 0.382194 0.113635 0.411604 0.136362
0 0.417486 0.113635 0.446897 0.136362
0 0.452779 0.113635 0.482189 0.136362
0 0.488071 0.113635 0.517481 0.136362
0 0.523363 0.113635 0.552773 0.136362
0 0.558655 0.113635 0.588066 0.136362
0 0.593948 0.113635 0.623358 0.136362
0 0.223518 0.151512 0.623497 0.174239
0 0.188225 0.181816 0.623497 0.204543
0 0.129405 0.212120 0.623497 0.234847
0 0.129405 0.249997 0.435271 0.272725
0 0.447035 0.249997 0.505856 0.272725
0 0.517620 0.249997 0.623497 0.272725
0 0.152933 0.287875 0.423507 0.306815
0 0.694081 0.151512 0.788194 0.166662
0 0.694081 0.245577 0.710420 0.258203
0 0.694081 0.275881 0.710420 0.288507
0 0.082354 0.571964 0.097059 0.583327
0 0.717610 0.594691 0.732315 0.606054
0 0.717610 0.617418 0.732315 0.628782
0 0.082354 0.647722 0.097059 0.659085
0 0.717610 0.670449 0.732315 0.681813
0 0.717610 0.693176 0.732315 0.704540
0 0.717610 0.712115 0.917599 0.734842
0 0.223518 0.765143 0.252928 0.787870
0 0.258810 0.765143 0.288220 0.787870
0 0.317630 0.765143 0.347041 0.787870
0 0.352923 0.765143 0.382333 0.787870
0 0.388215 0.765143 0.417625 0.787870
0 0.423507 0.765143 0.452918 0.787870
0 0.458800 0.765143 0.488210 0.787870
0 0.494092 0.765143 0.523502 0.787870
0 0.529384 0.765143 0.558794 0.787870
0 0.223518 0.795447 0.929363 0.818174
0 0.223518 0.825750 0.929363 0.848478
0 0.223518 0.856051 0.929363 0.876043
0 0.223518 0.893932 0.929363 0.916659
0 0.223518 0.931809 0.494092 0.946959
