0 0.058826 0.058081 0.467338 0.075758
0 0.670613 0.058081 0.705909 0.075758
0 0.715713 0.058081 0.796762 0.075758
0 0.752969 0.109854 0.894151 0.127533
0 0.905916 0.109854 0.939986 0.127533
0 0.752969 0.147733 0.894151 0.165412
0 0.905916 0.147733 0.939986 0.165412
0 0.529432 0.174248 0.670613 0.191927
0 0.752969 0.204553 0.894151 0.222232
0 0.905916 0.204553 0.939986 0.222232
0 0.752969 0.234859 0.894151 0.253800
0 0.905916 0.234859 0.939986 0.253800
0 0.752969 0.268951 0.894151 0.287893
0 0.905916 0.268951 0.939986 0.287893
0 0.752969 0.303043 0.894151 0.321985
0 0.905916 0.303043 0.939986 0.321985
0 0.752969 0.337136 0.894151 0.356077
0 0.905916 0.337136 0.939986 0.356077
0 0.752969 0.371228 0.894151 0.390169
0 0.905916 0.371228 0.939986 0.390169
0 0.752969 0.412894 0.894151 0.430572
0 0.905916 0.412894 0.939986 0.430572
0 0.752969 0.446986 0.894151 0.464665
0 0.905916 0.446986 0.939986 0.464665
0 0.752969 0.477291 0.894151 0.494970
0 0.905916 0.477291 0.939986 0.494970
0 0.752969 0.507597 0.894151 0.525276
0 0.905916 0.507597 0.939986 0.525276
0 0.752969 0.537899 0.894151 0.555577
0 0.905916 0.537899 0.939986 0.555577
0 0.752969 0.568204 0.894151 0.585883
0 0.905916 0.568204 0.939986 0.585883
0 0.458841 0.598510 0.576492 0.617451
0 0.588257 0.598510 0.622327 0.617451
0 0.694144 0.600404 0.713752 0.615556
0 0.835326 0.600404 0.854934 0.615556
0 0.188241 0.659115 0.207849 0.674268
0 0.188241 0.734877 0.207849 0.750029
0 0.400015 0.780335 0.564727 0.799276
0 0.576492 0.780335 0.610562 0.799276
0 0.400015 0.803063 0.564727 0.822004
0 0.576492 0.803063 0.610562 0.822004
0 0.400015 0.825791 0.564727 0.844733
0 0.576492 0.825791 0.610562 0.844733
0 0.400015 0.856093 0.564727 0.875034
0 0.576492 0.856093 0.610562 0.875034
0 0.188241 0.886397 0.207849 0.901549
