0 0.068814 0.039217 0.100000 0.058824
0 0.112548 0.039217 0.145455 0.058824
0 0.227287 0.117665 0.283124 0.147077
0 0.306263 0.117665 0.523578 0.147077
0 0.192186 0.156882 0.545468 0.186294
0 0.176782 0.197732 0.189408 0.214072
0 0.304054 0.197732 0.316681 0.214072
0 0.376782 0.197732 0.389408 0.214072
0 0.645455 0.098041 0.727273 0.117647
0 0.649495 0.138886 0.662121 0.155225
0 0.649495 0.168297 0.662121 0.184637
0 0.649495 0.197709 0.662121 0.214049
0 0.649495 0.227121 0.662121 0.243461
0 0.843939 0.197709 0.856566 0.214049
0 0.843939 0.227121 0.856566 0.243461
0 0.063636 0.303918 0.172727 0.323525
0 0.173990 0.303918 0.254545 0.323525
0 0.254545 0.303918 0.353598 0.323525
0 0.354545 0.303918 0.418182 0.323525
0 0.427273 0.303918 0.453598 0.323525
0 0.454545 0.303918 0.518182 0.323525
0 0.527273 0.303918 0.553599 0.323525
0 0.554545 0.303918 0.618182 0.323525
0 0.627273 0.303918 0.653599 0.323525
0 0.654545 0.303918 0.718182 0.323525
0 0.727273 0.303918 0.753598 0.323525
0 0.754545 0.303918 0.818182 0.323525
0 0.827273 0.303918 0.853598 0.323525
0 0.854545 0.303918 0.918182 0.323525
0 0.927273 0.303918 0.954545 0.323525
0 0.063636 0.323525 0.172727 0.343131
0 0.173990 0.323525 0.254545 0.343131
0 0.254545 0.323525 0.353598 0.343131
0 0.354545 0.323525 0.418182 0.343131
0 0.427273 0.323525 0.453598 0.343131
0 0.454545 0.323525 0.518182 0.343131
0 0.527273 0.323525 0.553599 0.343131
0 0.554545 0.323525 0.618182 0.343131
0 0.627273 0.323525 0.653599 0.343131
0 0.654545 0.323525 0.718182 0.343131
0 0.727273 0.323525 0.753598 0.343131
0 0.754545 0.323525 0.818182 0.343131
0 0.827273 0.323525 0.853598 0.343131
0 0.854545 0.323525 0.918182 0.343131
0 0.927273 0.323525 0.954545 0.343131
0 0.063636 0.343131 0.172727 0.362737
0 0.173990 0.343131 0.254545 0.362737
0 0.254545 0.343131 0.353598 0.362737
0 0.354545 0.343131 0.418182 0.362737
0 0.427273 0.343131 0.453598 0.362737
0 0.454545 0.343131 0.518182 0.362737
0 0.527273 0.343131 0.553599 0.362737
0 0.554545 0.343131 0.618182 0.362737
0 0.627273 0.343131 0.653599 0.362737
0 0.654545 0.343131 0.718182 0.362737
0 0.727273 0.343131 0.753598 0.362737
0 0.754545 0.343131 0.818182 0.362737
0 0.827273 0.343131 0.853598 0.362737
0 0.854545 0.343131 0.918182 0.362737
0 0.927273 0.343131 0.954545 0.362737
0 0.063636 0.362737 0.172727 0.382343
0 0.173990 0.362737 0.254545 0.382343
0 0.254545 0.362737 0.353598 0.382343
0 0.354545 0.362737 0.418182 0.382343
0 0.427273 0.362737 0.453598 0.382343
0 0.454545 0.362737 0.518182 0.382343
0 0.527273 0.362737 0.553599 0.382343
0 0.554545 0.362737 0.618182 0.382343
0 0.627273 0.362737 0.653599 0.382343
0 0.654545 0.362737 0.718182 0.382343
0 0.727273 0.362737 0.753598 0.382343
0 0.754545 0.362737 0.818182 0.382343
0 0.827273 0.362737 0.853598 0.382343
0 0.854545 0.362737 0.918182 0.382343
0 0.927273 0.362737 0.954545 0.382343
0 0.063636 0.382343 0.172727 0.401949
0 0.173990 0.382343 0.254545 0.401949
0 0.254545 0.382343 0.353598 0.401949
0 0.354545 0.382343 0.418182 0.401949
0 0.427273 0.382343 0.453598 0.401949
0 0.454545 0.382343 0.518182 0.401949
0 0.527273 0.382343 0.553599 0.401949
0 0.554545 0.382343 0.618182 0.401949
0 0.627273 0.382343 0.653599 0.401949
0 0.654545 0.382343 0.718182 0.401949
0 0.727273 0.382343 0.753598 0.401949
0 0.754545 0.382343 0.818182 0.401949
0 0.827273 0.382343 0.853598 0.401949
0 0.854545 0.382343 0.918182 0.401949
0 0.927273 0.382343 0.954545 0.401949
0 0.063636 0.401949 0.172727 0.421556
0 0.173990 0.401949 0.254545 0.421556
0 0.254545 0.401949 0.353598 0.421556
0 0.354545 0.401949 0.418182 0.421556
0 0.427273 0.401949 0.453598 0.421556
0 0.454545 0.401949 0.518182 0.421556
0 0.527273 0.401949 0.553599 0.421556
0 0.554545 0.401949 0.618182 0.421556
0 0.627273 0.401949 0.653599 0.421556
0 0.654545 0.401949 0.718182 0.421556
0 0.727273 0.401949 0.753598 0.421556
0 0.754545 0.401949 0.818182 0.421556
0 0.827273 0.401949 0.853598 0.421556
0 0.854545 0.401949 0.918182 0.421556
0 0.927273 0.401949 0.954545 0.421556
0 0.063636 0.421556 0.172727 0.441162
0 0.173990 0.421556 0.254545 0.441162
0 0.254545 0.421556 0.353598 0.441162
0 0.354545 0.421556 0.418182 0.441162
0 0.427273 0.421556 0.453598 0.441162
0 0.454545 0.421556 0.518182 0.441162
0 0.527273 0.421556 0.553599 0.441162
0 0.554545 0.421556 0.618182 0.441162
0 0.627273 0.421556 0.653599 0.441162
0 0.654545 0.421556 0.718182 0.441162
0 0.727273 0.421556 0.753598 0.441162
0 0.754545 0.421556 0.818182 0.441162
0 0.827273 0.421556 0.853598 0.441162
0 0.854545 0.421556 0.918182 0.441162
0 0.927273 0.421556 0.954545 0.441162
0 0.063636 0.441162 0.172727 0.460768
0 0.173990 0.441162 0.254545 0.460768
0 0.254545 0.441162 0.353598 0.460768
0 0.354545 0.441162 0.418182 0.460768
0 0.427273 0.441162 0.453598 0.460768
0 0.454545 0.441162 0.518182 0.460768
0 0.527273 0.441162 0.553599 0.460768
0 0.554545 0.441162 0.618182 0.460768
0 0.627273 0.441162 0.653599 0.460768
0 0.654545 0.441162 0.718182 0.460768
0 0.727273 0.441162 0.753598 0.460768
0 0.754545 0.441162 0.818182 0.460768
0 0.827273 0.441162 0.853598 0.460768
0 0.854545 0.441162 0.918182 0.460768
0 0.927273 0.441162 0.954545 0.460768
0 0.254545 0.490194 0.353598 0.509801
0 0.354545 0.490194 0.418182 0.509801
0 0.427273 0.490194 0.453598 0.509801
0 0.454545 0.490194 0.518182 0.509801
0 0.527273 0.490194 0.553599 0.509801
0 0.554545 0.490194 0.618182 0.509801
0 0.627273 0.490194 0.653599 0.509801
0 0.654545 0.490194 0.718182 0.509801
0 0.727273 0.490194 0.753598 0.509801
0 0.754545 0.490194 0.818182 0.509801
0 0.827273 0.490194 0.853598 0.509801
0 0.854545 0.490194 0.918182 0.509801
0 0.927273 0.490194 0.954545 0.509801
0 0.063636 0.549023 0.145455 0.568629
0 0.154545 0.549023 0.180871 0.568629
0 0.181818 0.549023 0.263636 0.568629
0 0.272727 0.549023 0.299053 0.568629
0 0.300000 0.549023 0.372727 0.568629
0 0.381818 0.549023 0.408144 0.568629
0 0.409091 0.549023 0.481818 0.568629
0 0.490909 0.549023 0.517235 0.568629
0 0.518182 0.549023 0.590909 0.568629
0 0.600000 0.549023 0.626326 0.568629
0 0.627273 0.549023 0.700000 0.568629
0 0.709091 0.549023 0.735417 0.568629
0 0.736364 0.549023 0.845455 0.568629
0 0.845455 0.549023 0.918182 0.568629
0 0.927273 0.549023 0.954545 0.568629
0 0.063636 0.568629 0.145455 0.588235
0 0.154545 0.568629 0.180871 0.588235
0 0.181818 0.568629 0.263636 0.588235
0 0.272727 0.568629 0.299053 0.588235
0 0.300000 0.568629 0.372727 0.588235
0 0.381818 0.568629 0.408144 0.588235
0 0.409091 0.568629 0.481818 0.588235
0 0.490909 0.568629 0.517235 0.588235
0 0.518182 0.568629 0.590909 0.588235
0 0.600000 0.568629 0.626326 0.588235
0 0.627273 0.568629 0.700000 0.588235
0 0.709091 0.568629 0.735417 0.588235
0 0.736364 0.568629 0.845455 0.588235
0 0.845455 0.568629 0.918182 0.588235
0 0.927273 0.568629 0.954545 0.588235
0 0.063636 0.588235 0.145455 0.607841
0 0.154545 0.588235 0.180871 0.607841
0 0.181818 0.588235 0.263636 0.607841
0 0.272727 0.588235 0.299053 0.607841
0 0.300000 0.588235 0.372727 0.607841
0 0.381818 0.588235 0.408144 0.607841
0 0.409091 0.588235 0.481818 0.607841
0 0.490909 0.588235 0.517235 0.607841
0 0.518182 0.588235 0.590909 0.607841
0 0.600000 0.588235 0.626326 0.607841
0 0.627273 0.588235 0.700000 0.607841
0 0.709091 0.588235 0.735417 0.607841
0 0.736364 0.588235 0.845455 0.607841
0 0.845455 0.588235 0.918182 0.607841
0 0.927273 0.588235 0.954545 0.607841
0 0.063636 0.607841 0.145455 0.627448
0 0.154545 0.607841 0.180871 0.627448
0 0.181818 0.607841 0.263636 0.627448
0 0.272727 0.607841 0.299053 0.627448
0 0.300000 0.607841 0.372727 0.627448
0 0.381818 0.607841 0.408144 0.627448
0 0.409091 0.607841 0.481818 0.627448
0 0.490909 0.607841 0.517235 0.627448
0 0.518182 0.607841 0.590909 0.627448
0 0.600000 0.607841 0.626326 0.627448
0 0.627273 0.607841 0.700000 0.627448
0 0.709091 0.607841 0.735417 0.627448
0 0.736364 0.607841 0.845455 0.627448
0 0.845455 0.607841 0.918182 0.627448
0 0.927273 0.607841 0.954545 0.627448
0 0.063636 0.627448 0.145455 0.647054
0 0.154545 0.627448 0.180871 0.647054
0 0.181818 0.627448 0.263636 0.647054
0 0.272727 0.627448 0.299053 0.647054
0 0.300000 0.627448 0.372727 0.647054
0 0.381818 0.627448 0.408144 0.647054
0 0.409091 0.627448 0.481818 0.647054
0 0.490909 0.627448 0.517235 0.647054
0 0.518182 0.627448 0.590909 0.647054
0 0.600000 0.627448 0.626326 0.647054
0 0.627273 0.627448 0.700000 0.647054
0 0.709091 0.627448 0.735417 0.647054
0 0.736364 0.627448 0.845455 0.647054
0 0.845455 0.627448 0.918182 0.647054
0 0.927273 0.627448 0.954545 0.647054
0 0.063636 0.647054 0.145455 0.666660
0 0.154545 0.647054 0.180871 0.666660
0 0.181818 0.647054 0.263636 0.666660
0 0.272727 0.647054 0.299053 0.666660
0 0.300000 0.647054 0.372727 0.666660
0 0.381818 0.647054 0.408144 0.666660
0 0.409091 0.647054 0.481818 0.666660
0 0.490909 0.647054 0.517235 0.666660
0 0.518182 0.647054 0.590909 0.666660
0 0.600000 0.647054 0.626326 0.666660
0 0.627273 0.647054 0.700000 0.666660
0 0.709091 0.647054 0.735417 0.666660
0 0.736364 0.647054 0.845455 0.666660
0 0.845455 0.647054 0.918182 0.666660
0 0.927273 0.647054 0.954545 0.666660
0 0.063636 0.666660 0.145455 0.686266
0 0.154545 0.666660 0.180871 0.686266
0 0.181818 0.666660 0.263636 0.686266
0 0.272727 0.666660 0.299053 0.686266
0 0.300000 0.666660 0.372727 0.686266
0 0.381818 0.666660 0.408144 0.686266
0 0.409091 0.666660 0.481818 0.686266
0 0.490909 0.666660 0.517235 0.686266
0 0.518182 0.666660 0.590909 0.686266
0 0.600000 0.666660 0.626326 0.686266
0 0.627273 0.666660 0.700000 0.686266
0 0.709091 0.666660 0.735417 0.686266
0 0.736364 0.666660 0.845455 0.686266
0 0.845455 0.666660 0.918182 0.686266
0 0.927273 0.666660 0.954545 0.686266
0 0.063636 0.686266 0.145455 0.705873
0 0.154545 0.686266 0.180871 0.705873
0 0.181818 0.686266 0.263636 0.705873
0 0.272727 0.686266 0.299053 0.705873
0 0.300000 0.686266 0.372727 0.705873
0 0.381818 0.686266 0.408144 0.705873
0 0.409091 0.686266 0.481818 0.705873
0 0.490909 0.686266 0.517235 0.705873
0 0.518182 0.686266 0.590909 0.705873
0 0.600000 0.686266 0.626326 0.705873
0 0.627273 0.686266 0.700000 0.705873
0 0.709091 0.686266 0.735417 0.705873
0 0.736364 0.686266 0.845455 0.705873
0 0.845455 0.686266 0.918182 0.705873
0 0.927273 0.686266 0.954545 0.705873
0 0.063636 0.705873 0.145455 0.725479
0 0.154545 0.705873 0.180871 0.725479
0 0.181818 0.705873 0.263636 0.725479
0 0.272727 0.705873 0.299053 0.725479
0 0.300000 0.705873 0.372727 0.725479
0 0.381818 0.705873 0.408144 0.725479
0 0.409091 0.705873 0.481818 0.725479
0 0.490909 0.705873 0.517235 0.725479
0 0.518182 0.705873 0.590909 0.725479
0 0.600000 0.705873 0.626326 0.725479
0 0.627273 0.705873 0.700000 0.725479
0 0.709091 0.705873 0.735417 0.725479
0 0.736364 0.705873 0.845455 0.725479
0 0.845455 0.705873 0.918182 0.725479
0 0.927273 0.705873 0.954545 0.725479
0 0.063636 0.764701 0.145455 0.784307
0 0.154545 0.764701 0.180871 0.784307
0 0.181818 0.764701 0.263636 0.784307
0 0.272727 0.764701 0.299053 0.784307
0 0.301263 0.764701 0.408144 0.784307
0 0.409091 0.764701 0.481818 0.784307
0 0.490909 0.764701 0.517235 0.784307
0 0.518182 0.764701 0.590909 0.784307
0 0.600000 0.764701 0.626326 0.784307
0 0.627273 0.764701 0.700000 0.784307
0 0.709091 0.764701 0.735417 0.784307
0 0.736364 0.764701 0.809091 0.784307
0 0.818182 0.764701 0.844508 0.784307
0 0.845455 0.764701 0.918182 0.784307
0 0.927273 0.764701 0.954545 0.784307
0 0.063636 0.784307 0.145455 0.803913
0 0.154545 0.784307 0.180871 0.803913
0 0.181818 0.784307 0.263636 0.803913
0 0.272727 0.784307 0.299053 0.803913
0 0.301263 0.784307 0.408144 0.803913
0 0.409091 0.784307 0.481818 0.803913
0 0.490909 0.784307 0.517235 0.803913
0 0.518182 0.784307 0.590909 0.803913
0 0.600000 0.784307 0.626326 0.803913
0 0.627273 0.784307 0.700000 0.803913
0 0.709091 0.784307 0.735417 0.803913
0 0.736364 0.784307 0.809091 0.803913
0 0.818182 0.784307 0.844508 0.803913
0 0.845455 0.784307 0.918182 0.803913
0 0.927273 0.784307 0.954545 0.803913
0 0.063636 0.803913 0.145455 0.823520
0 0.154545 0.803913 0.180871 0.823520
0 0.181818 0.803913 0.263636 0.823520
0 0.272727 0.803913 0.299053 0.823520
0 0.301263 0.803913 0.408144 0.823520
0 0.409091 0.803913 0.481818 0.823520
0 0.490909 0.803913 0.517235 0.823520
0 0.518182 0.803913 0.590909 0.823520
0 0.600000 0.803913 0.626326 0.823520
0 0.627273 0.803913 0.700000 0.823520
0 0.709091 0.803913 0.735417 0.823520
0 0.736364 0.803913 0.809091 0.823520
0 0.818182 0.803913 0.844508 0.823520
0 0.845455 0.803913 0.918182 0.823520
0 0.927273 0.803913 0.954545 0.823520
0 0.063636 0.823520 0.145455 0.843126
0 0.154545 0.823520 0.180871 0.843126
0 0.181818 0.823520 0.263636 0.843126
0 0.272727 0.823520 0.299053 0.843126
0 0.301263 0.823520 0.408144 0.843126
0 0.409091 0.823520 0.481818 0.843126
0 0.490909 0.823520 0.517235 0.843126
0 0.518182 0.823520 0.590909 0.843126
0 0.600000 0.823520 0.626326 0.843126
0 0.627273 0.823520 0.700000 0.843126
0 0.709091 0.823520 0.735417 0.843126
0 0.736364 0.823520 0.809091 0.843126
0 0.818182 0.823520 0.844508 0.843126
0 0.845455 0.823520 0.918182 0.843126
0 0.927273 0.823520 0.954545 0.843126
0 0.063636 0.843126 0.145455 0.862732
0 0.154545 0.843126 0.180871 0.862732
0 0.181818 0.843126 0.263636 0.862732
0 0.272727 0.843126 0.299053 0.862732
0 0.301263 0.843126 0.408144 0.862732
0 0.409091 0.843126 0.481818 0.862732
0 0.490909 0.843126 0.517235 0.862732
0 0.518182 0.843126 0.590909 0.862732
0 0.600000 0.843126 0.626326 0.862732
0 0.627273 0.843126 0.700000 0.862732
0 0.709091 0.843126 0.735417 0.862732
0 0.736364 0.843126 0.809091 0.862732
0 0.818182 0.843126 0.844508 0.862732
0 0.845455 0.843126 0.918182 0.862732
0 0.927273 0.843126 0.954545 0.862732
0 0.063636 0.862732 0.145455 0.882338
0 0.154545 0.862732 0.180871 0.882338
0 0.181818 0.862732 0.263636 0.882338
0 0.272727 0.862732 0.299053 0.882338
0 0.301263 0.862732 0.408144 0.882338
0 0.409091 0.862732 0.481818 0.882338
0 0.490909 0.862732 0.517235 0.882338
0 0.518182 0.862732 0.590909 0.882338
0 0.600000 0.862732 0.626326 0.882338
0 0.627273 0.862732 0.700000 0.882338
0 0.709091 0.862732 0.735417 0.882338
0 0.736364 0.862732 0.809091 0.882338
0 0.818182 0.862732 0.844508 0.882338
0 0.845455 0.862732 0.918182 0.882338
0 0.927273 0.862732 0.954545 0.882338
0 0.063636 0.882338 0.145455 0.901944
0 0.154545 0.882338 0.180871 0.901944
0 0.181818 0.882338 0.263636 0.901944
0 0.272727 0.882338 0.299053 0.901944
0 0.301263 0.882338 0.408144 0.901944
0 0.409091 0.882338 0.481818 0.901944
0 0.490909 0.882338 0.517235 0.901944
0 0.518182 0.882338 0.590909 0.901944
0 0.600000 0.882338 0.626326 0.901944
0 0.627273 0.882338 0.700000 0.901944
0 0.709091 0.882338 0.735417 0.901944
0 0.736364 0.882338 0.809091 0.901944
0 0.818182 0.882338 0.844508 0.901944
0 0.845455 0.882338 0.918182 0.901944
0 0.927273 0.882338 0.954545 0.901944
0 0.063636 0.901944 0.145455 0.921551
0 0.154545 0.901944 0.180871 0.921551
0 0.181818 0.901944 0.263636 0.921551
0 0.272727 0.901944 0.299053 0.921551
0 0.301263 0.901944 0.408144 0.921551
0 0.409091 0.901944 0.481818 0.921551
0 0.490909 0.901944 0.517235 0.921551
0 0.518182 0.901944 0.590909 0.921551
0 0.600000 0.901944 0.626326 0.921551
0 0.627273 0.901944 0.700000 0.921551
0 0.709091 0.901944 0.735417 0.921551
0 0.736364 0.901944 0.809091 0.921551
0 0.818182 0.901944 0.844508 0.921551
0 0.845455 0.901944 0.918182 0.921551
0 0.927273 0.901944 0.954545 0.921551
0 0.063636 0.921551 0.145455 0.941157
0 0.154545 0.921551 0.180871 0.941157
0 0.181818 0.921551 0.263636 0.941157
0 0.272727 0.921551 0.299053 0.941157
0 0.301263 0.921551 0.408144 0.941157
0 0.409091 0.921551 0.481818 0.941157
0 0.490909 0.921551 0.517235 0.941157
0 0.518182 0.921551 0.590909 0.941157
0 0.600000 0.921551 0.626326 0.941157
0 0.627273 0.921551 0.700000 0.941157
0 0.709091 0.921551 0.735417 0.941157
0 0.736364 0.921551 0.809091 0.941157
0 0.818182 0.921551 0.844508 0.941157
0 0.845455 0.921551 0.918182 0.941157
0 0.927273 0.921551 0.954545 0.941157
