0 0.058826 0.060607 0.465051 0.090913
0 0.505902 0.060607 0.576493 0.090913
0 0.586297 0.060607 0.749703 0.090913
0 0.858857 0.045456 0.894153 0.060607
0 0.752971 0.073234 0.941213 0.090913
0 0.341190 0.227282 0.423546 0.250010
0 0.435311 0.227282 0.457207 0.250010
0 0.482372 0.227282 0.564728 0.250010
0 0.576493 0.227282 0.598389 0.250010
0 0.623554 0.227282 0.705910 0.250010
0 0.717675 0.227282 0.739571 0.250010
0 0.823562 0.227282 0.905918 0.250010
0 0.916796 0.227282 0.939579 0.250010
0 0.341190 0.265161 0.423546 0.287889
0 0.435311 0.265161 0.457207 0.287889
0 0.482372 0.265161 0.564728 0.287889
0 0.576493 0.265161 0.598389 0.287889
0 0.623554 0.265161 0.705910 0.287889
0 0.717675 0.265161 0.739571 0.287889
0 0.823562 0.265161 0.905918 0.287889
0 0.916796 0.265161 0.939579 0.287889
0 0.341190 0.310617 0.423546 0.333346
0 0.435311 0.310617 0.457207 0.333346
0 0.482372 0.310617 0.564728 0.333346
0 0.576493 0.310617 0.598389 0.333346
0 0.623554 0.310617 0.705910 0.333346
0 0.717675 0.310617 0.739571 0.333346
0 0.823562 0.310617 0.905918 0.333346
0 0.916796 0.310617 0.939579 0.333346
0 0.341190 0.356074 0.423546 0.378802
0 0.435311 0.356074 0.457207 0.378802
0 0.482372 0.356074 0.564728 0.378802
0 0.576493 0.356074 0.598389 0.378802
0 0.623554 0.356074 0.705910 0.378802
0 0.717675 0.356074 0.739571 0.378802
0 0.823562 0.356074 0.905918 0.378802
0 0.917683 0.356074 0.939579 0.378802
0 0.341190 0.401530 0.423546 0.424258
0 0.435311 0.401530 0.457207 0.424258
0 0.482372 0.401530 0.564728 0.424258
0 0.576493 0.401530 0.598389 0.424258
0 0.623554 0.401530 0.705910 0.424258
0 0.717675 0.401530 0.739571 0.424258
0 0.823562 0.401530 0.905918 0.424258
0 0.917683 0.401530 0.939579 0.424258
0 0.341190 0.446987 0.423546 0.469715
0 0.435311 0.446987 0.457207 0.469715
0 0.482372 0.446987 0.564728 0.469715
0 0.576493 0.446987 0.598389 0.469715
0 0.623554 0.446987 0.705910 0.469715
0 0.717675 0.446987 0.739571 0.469715
0 0.823562 0.446987 0.905918 0.469715
0 0.917683 0.446987 0.939579 0.469715
0 0.341190 0.500020 0.423546 0.522748
0 0.435311 0.500020 0.457207 0.522748
0 0.482372 0.500020 0.564728 0.522748
0 0.576493 0.500020 0.598389 0.522748
0 0.623554 0.500020 0.705910 0.522748
0 0.717675 0.500020 0.739571 0.522748
0 0.823562 0.500020 0.905918 0.522748
0 0.917683 0.500020 0.939579 0.522748
0 0.341190 0.568205 0.423546 0.590933
0 0.435311 0.568205 0.457207 0.590933
0 0.482372 0.568205 0.564728 0.590933
0 0.576493 0.568205 0.598389 0.590933
0 0.623554 0.568205 0.705910 0.590933
0 0.717675 0.568205 0.739571 0.590933
0 0.823562 0.568205 0.905918 0.590933
0 0.917683 0.568205 0.939579 0.590933
0 0.341190 0.598510 0.423546 0.621238
0 0.435311 0.598510 0.457207 0.621238
0 0.482372 0.598510 0.564728 0.621238
0 0.576493 0.598510 0.598389 0.621238
0 0.623554 0.598510 0.705910 0.621238
0 0.717675 0.598510 0.739571 0.621238
0 0.823562 0.598510 0.905918 0.621238
0 0.917683 0.598510 0.939579 0.621238
0 0.341190 0.651540 0.423546 0.674268
0 0.435311 0.651540 0.457207 0.674268
0 0.482372 0.651540 0.564728 0.674268
0 0.576493 0.651540 0.598389 0.674268
0 0.623554 0.651540 0.705910 0.674268
0 0.717675 0.651540 0.739571 0.674268
0 0.823562 0.651540 0.905918 0.674268
0 0.917683 0.651540 0.939579 0.674268
0 0.341190 0.719725 0.423546 0.742453
0 0.435311 0.719725 0.457207 0.742453
0 0.482372 0.719725 0.564728 0.742453
0 0.576148 0.719725 0.598389 0.742453
0 0.623554 0.719725 0.705910 0.742453
0 0.717675 0.719725 0.739571 0.742453
0 0.823562 0.719725 0.905918 0.742453
0 0.917683 0.719725 0.939579 0.742453
0 0.341190 0.765177 0.423546 0.787906
0 0.435311 0.765181 0.457207 0.787909
0 0.482372 0.765181 0.564728 0.787909
0 0.576148 0.765181 0.598389 0.787909
0 0.623554 0.765181 0.705910 0.787909
0 0.717675 0.765185 0.739571 0.787913
0 0.823562 0.765181 0.905918 0.787909
0 0.917683 0.765181 0.939579 0.787909
0 0.341190 0.833366 0.423546 0.856094
0 0.435311 0.833366 0.457207 0.856094
0 0.482372 0.833366 0.564728 0.856094
0 0.576148 0.833366 0.598389 0.856094
0 0.623554 0.833366 0.705910 0.856094
0 0.717675 0.833366 0.739571 0.856094
0 0.823562 0.833366 0.905918 0.856094
0 0.917683 0.833366 0.939579 0.856094
0 0.341190 0.886399 0.458841 0.909128
0 0.482372 0.886399 0.600024 0.909128
0 0.623554 0.886399 0.741206 0.909128
