0 0.058826 0.060607 0.465050 0.090913
0 0.505901 0.060607 0.576492 0.090913
0 0.586297 0.060607 0.749701 0.090913
0 0.858942 0.045456 0.882386 0.060607
0 0.752969 0.073234 0.941212 0.090913
0 0.352954 0.174248 0.435310 0.196976
0 0.447076 0.174248 0.469380 0.196976
0 0.505901 0.174248 0.588257 0.196976
0 0.600023 0.174248 0.622327 0.196976
0 0.658848 0.174248 0.741204 0.196976
0 0.752969 0.174248 0.775274 0.196976
0 0.352954 0.212131 0.435310 0.234859
0 0.447076 0.212131 0.469380 0.234859
0 0.505901 0.212131 0.588257 0.234859
0 0.600023 0.212131 0.622327 0.234859
0 0.658848 0.212131 0.741204 0.234859
0 0.752969 0.212131 0.775274 0.234859
0 0.352954 0.250010 0.435310 0.272738
0 0.447076 0.250010 0.469380 0.272738
0 0.505901 0.250010 0.588257 0.272738
0 0.600023 0.250010 0.622327 0.272738
0 0.658848 0.250010 0.741204 0.272738
0 0.752969 0.250010 0.775274 0.272738
0 0.352954 0.310617 0.435310 0.333345
0 0.447076 0.310617 0.469380 0.333345
0 0.505901 0.310617 0.588257 0.333345
0 0.600023 0.310617 0.622327 0.333345
0 0.658848 0.310617 0.741204 0.333345
0 0.752969 0.310617 0.775274 0.333345
0 0.352954 0.371228 0.435310 0.393956
0 0.447076 0.371228 0.469380 0.393956
0 0.505901 0.371228 0.588257 0.393956
0 0.600023 0.371228 0.622327 0.393956
0 0.658848 0.371228 0.741204 0.393956
0 0.752969 0.371228 0.775274 0.393956
0 0.352954 0.454563 0.435310 0.477291
0 0.447076 0.454563 0.469380 0.477291
0 0.505901 0.454563 0.588257 0.477291
0 0.600023 0.454563 0.622327 0.477291
0 0.658848 0.454563 0.741204 0.477291
0 0.752969 0.454563 0.775274 0.477291
0 0.352954 0.530325 0.435310 0.553053
0 0.447076 0.530325 0.469380 0.553053
0 0.505901 0.530325 0.588257 0.553053
0 0.600023 0.530325 0.622327 0.553053
0 0.658848 0.530325 0.741204 0.553053
0 0.752969 0.530325 0.775274 0.553053
0 0.352954 0.583355 0.435310 0.606083
0 0.447076 0.583355 0.469380 0.606083
0 0.505901 0.583355 0.588257 0.606083
0 0.600023 0.583355 0.622327 0.606083
0 0.658848 0.583355 0.741204 0.606083
0 0.752969 0.583355 0.775274 0.606083
0 0.352954 0.666694 0.435310 0.689422
0 0.447076 0.666694 0.469380 0.689422
0 0.505901 0.666694 0.588257 0.689422
0 0.600023 0.666694 0.622327 0.689422
0 0.658848 0.666694 0.741204 0.689422
0 0.752969 0.666694 0.775274 0.689422
