0 0.058922 0.058081 0.397397 0.075758
0 0.671712 0.058081 0.707065 0.075758
0 0.716886 0.058081 0.798067 0.075758
0 0.730634 0.121218 0.895616 0.138897
0 0.907401 0.121218 0.941526 0.138897
0 0.730634 0.151520 0.895616 0.169199
0 0.907401 0.151520 0.941526 0.169199
0 0.542083 0.178039 0.683497 0.195718
0 0.730634 0.204554 0.895616 0.223495
0 0.907401 0.204554 0.941526 0.223495
0 0.730634 0.238646 0.895616 0.257587
0 0.907401 0.238646 0.941526 0.257587
0 0.730634 0.287889 0.895616 0.306831
0 0.907401 0.287889 0.941526 0.306831
0 0.730634 0.314408 0.895616 0.333349
0 0.907401 0.314408 0.941526 0.333349
0 0.730634 0.348500 0.895616 0.367442
0 0.907401 0.348500 0.941526 0.367442
0 0.730634 0.375015 0.895616 0.393957
0 0.907401 0.375015 0.941526 0.393957
0 0.730634 0.424258 0.895616 0.443200
0 0.907401 0.424258 0.941526 0.443200
0 0.730634 0.454564 0.895616 0.473505
0 0.907401 0.454564 0.941526 0.473505
0 0.730634 0.481079 0.895616 0.500020
0 0.907401 0.481079 0.941526 0.500020
0 0.730634 0.515171 0.895616 0.534113
0 0.907401 0.515171 0.941526 0.534113
0 0.730634 0.549263 0.895616 0.568205
0 0.907401 0.549263 0.941526 0.568205
0 0.730634 0.583356 0.895616 0.602297
0 0.907401 0.583356 0.941526 0.602297
0 0.565652 0.617448 0.683497 0.636389
0 0.695281 0.617448 0.729407 0.636389
0 0.813125 0.622500 0.829492 0.635127
0 0.813125 0.641440 0.829492 0.654067
0 0.200335 0.705835 0.216702 0.718462
0 0.200335 0.774020 0.216702 0.786647
0 0.471377 0.803060 0.636359 0.822002
0 0.648143 0.803060 0.682269 0.822002
0 0.471377 0.825788 0.636359 0.844730
0 0.648143 0.825788 0.682269 0.844730
0 0.471377 0.848524 0.636359 0.867466
0 0.648143 0.848524 0.682269 0.867466
0 0.471377 0.871245 0.636359 0.890186
0 0.648143 0.871245 0.682269 0.890186
0 0.200335 0.895238 0.216702 0.907865
