0 0.058826 0.073232 0.467339 0.090909
0 0.670615 0.073232 0.705910 0.090909
0 0.715714 0.073232 0.796763 0.090909
0 0.178438 0.137631 0.194779 0.150257
0 0.178438 0.198238 0.194779 0.210865
0 0.376485 0.234859 0.541198 0.252538
0 0.552963 0.234859 0.587033 0.252538
0 0.376485 0.261993 0.541198 0.279672
0 0.552963 0.261993 0.587033 0.279672
0 0.376485 0.289142 0.541198 0.306820
0 0.552963 0.289142 0.587033 0.306820
0 0.376485 0.316291 0.541198 0.333969
0 0.552963 0.316291 0.587033 0.333969
0 0.178438 0.342184 0.194779 0.354811
0 0.788266 0.395218 0.804607 0.407845
0 0.341190 0.416685 0.470607 0.434364
0 0.788266 0.448248 0.804607 0.460875
0 0.105887 0.518328 0.122227 0.530955
0 0.425180 0.515171 0.705910 0.532850
0 0.752971 0.515171 0.929448 0.532850
0 0.705910 0.545477 0.880999 0.563154
0 0.105887 0.571361 0.122227 0.583988
0 0.636953 0.643967 0.929448 0.661645
0 0.636953 0.674268 0.929448 0.691947
0 0.694145 0.712151 0.929448 0.729830
0 0.900035 0.751292 0.916376 0.763919
0 0.201642 0.772758 0.623554 0.790437
0 0.729440 0.772758 0.929448 0.790437
0 0.201642 0.833366 0.623554 0.851044
0 0.729440 0.833366 0.929448 0.851044
0 0.201642 0.863671 0.623554 0.881350
0 0.729440 0.863671 0.929448 0.881350
0 0.201642 0.893977 0.494137 0.911656
0 0.564728 0.893977 0.623554 0.911656
0 0.729440 0.893977 0.929448 0.911656
