0 0.058826 0.060609 0.517667 0.083335
0 0.564728 0.060607 0.600024 0.083335
0 0.609828 0.060607 0.690877 0.083335
0 0.764736 0.060609 0.941213 0.083335
0 0.317659 0.196976 0.411781 0.219705
0 0.419951 0.196976 0.445442 0.219705
0 0.470607 0.196976 0.564728 0.219705
0 0.572898 0.196976 0.598389 0.219705
0 0.623554 0.196976 0.717675 0.219705
0 0.725845 0.196976 0.751337 0.219705
0 0.317659 0.272738 0.411781 0.295466
0 0.419951 0.272738 0.445442 0.295466
0 0.470607 0.272738 0.564728 0.295466
0 0.572898 0.272738 0.598389 0.295466
0 0.623554 0.272738 0.717675 0.295466
0 0.725845 0.272738 0.751337 0.295466
0 0.317659 0.356074 0.411781 0.378802
0 0.419951 0.356074 0.445442 0.378802
0 0.470607 0.356074 0.564728 0.378802
0 0.572898 0.356074 0.598389 0.378802
0 0.623554 0.356074 0.717675 0.378802
0 0.725845 0.356074 0.751337 0.378802
0 0.317659 0.450773 0.411781 0.473501
0 0.419951 0.450773 0.445442 0.473501
0 0.470607 0.450773 0.564728 0.473501
0 0.572898 0.450773 0.598389 0.473501
0 0.623554 0.450773 0.717675 0.473501
0 0.725845 0.450773 0.751337 0.473501
0 0.317659 0.511384 0.411781 0.534113
0 0.419951 0.511384 0.445442 0.534113
0 0.470607 0.511384 0.564728 0.534113
0 0.572898 0.511384 0.598389 0.534113
0 0.623554 0.511384 0.717675 0.534113
0 0.725845 0.511384 0.751337 0.534113
0 0.317659 0.598510 0.411781 0.621238
0 0.419951 0.598510 0.445442 0.621238
0 0.470607 0.598510 0.564728 0.621238
0 0.572898 0.598510 0.598389 0.621238
0 0.623554 0.598510 0.717675 0.621238
0 0.725845 0.598510 0.751337 0.621238
0 0.317659 0.681846 0.411781 0.704574
0 0.419951 0.681846 0.445442 0.704574
0 0.470607 0.681846 0.564728 0.704574
0 0.572898 0.681846 0.598389 0.704574
0 0.623554 0.681846 0.717675 0.704574
0 0.725845 0.681846 0.751337 0.704574
0 0.317659 0.818215 0.411781 0.840943
0 0.419951 0.818215 0.445442 0.840943
0 0.470607 0.818215 0.564728 0.840943
0 0.572898 0.818215 0.598389 0.840943
0 0.623554 0.818215 0.717675 0.840943
0 0.725845 0.818215 0.751337 0.840943
