0 0.082353 0.075758 0.198775 0.090908
0 0.082353 0.090908 0.198775 0.106058
0 0.082353 0.106058 0.198775 0.121208
0 0.082353 0.121212 0.198775 0.136362
0 0.082353 0.136362 0.198775 0.151512
0 0.082353 0.151512 0.198775 0.166662
0 0.082353 0.166666 0.198775 0.181816
0 0.082353 0.181816 0.198775 0.196966
0 0.082353 0.196966 0.198775 0.212117
0 0.082353 0.212120 0.198775 0.227270
0 0.082353 0.227270 0.198775 0.242421
0 0.082353 0.242421 0.198775 0.257571
0 0.082353 0.257574 0.198775 0.272725
0 0.082353 0.272725 0.198775 0.287875
0 0.082353 0.287875 0.198775 0.303025
0 0.223529 0.075758 0.351716 0.090908
0 0.223529 0.090908 0.351716 0.106058
0 0.223529 0.106058 0.351716 0.121208
0 0.223529 0.121212 0.351716 0.136362
0 0.223529 0.136362 0.351716 0.151512
0 0.223529 0.151512 0.351716 0.166662
0 0.223529 0.166666 0.351716 0.181816
0 0.223529 0.181816 0.351716 0.196966
0 0.223529 0.196966 0.351716 0.212117
0 0.223529 0.212120 0.351716 0.227270
0 0.223529 0.227270 0.351716 0.242421
0 0.223529 0.242421 0.351716 0.257571
0 0.223529 0.257574 0.351716 0.272725
0 0.223529 0.272725 0.351716 0.287875
0 0.223529 0.287875 0.351716 0.303025
0 0.223529 0.303028 0.351716 0.318179
0 0.223529 0.333329 0.351716 0.348479
0 0.376471 0.075758 0.492892 0.090908
0 0.376471 0.090908 0.492892 0.106058
0 0.376471 0.106058 0.492892 0.121208
0 0.376471 0.121212 0.492892 0.136362
0 0.376471 0.136362 0.492892 0.151512
0 0.376471 0.151512 0.492892 0.166662
0 0.376471 0.166666 0.492892 0.181816
0 0.376471 0.181816 0.492892 0.196966
0 0.376471 0.196966 0.492892 0.212117
0 0.376471 0.212120 0.492892 0.227270
0 0.376471 0.227270 0.492892 0.242421
0 0.376471 0.242421 0.492892 0.257571
0 0.376471 0.257574 0.492892 0.272725
0 0.376471 0.272725 0.492892 0.287875
0 0.376471 0.287875 0.492892 0.303025
0 0.517647 0.075758 0.645833 0.090908
0 0.517647 0.090908 0.645833 0.106058
0 0.517647 0.106058 0.645833 0.121208
0 0.517647 0.121212 0.645833 0.136362
0 0.517647 0.136362 0.645833 0.151512
0 0.517647 0.151512 0.645833 0.166662
0 0.517647 0.166666 0.645833 0.181816
0 0.517647 0.181816 0.645833 0.196966
0 0.517647 0.196966 0.645833 0.212117
0 0.517647 0.212120 0.645833 0.227260
0 0.517647 0.227270 0.645833 0.242421
0 0.517647 0.242421 0.645833 0.257571
0 0.517647 0.257574 0.645833 0.272725
0 0.517647 0.272725 0.645833 0.287875
0 0.517647 0.287875 0.645833 0.303025
0 0.517647 0.303028 0.645833 0.318179
0 0.517647 0.333329 0.645833 0.348479
0 0.670588 0.075879 0.787010 0.091029
0 0.670588 0.091029 0.787010 0.106179
0 0.670588 0.106179 0.787010 0.121330
0 0.670588 0.121333 0.787010 0.136483
0 0.670588 0.136483 0.787010 0.151634
0 0.670588 0.151634 0.787010 0.166784
0 0.670588 0.166787 0.787010 0.181938
0 0.670588 0.181938 0.787010 0.197088
0 0.670588 0.197088 0.787010 0.212238
0 0.670588 0.212242 0.787010 0.227392
0 0.670588 0.227392 0.787010 0.242542
0 0.670588 0.242542 0.787010 0.257692
0 0.670588 0.257696 0.787010 0.272846
0 0.670588 0.272846 0.787010 0.287996
0 0.670588 0.287996 0.787010 0.303146
0 0.811765 0.075879 0.941176 0.091029
0 0.811765 0.091029 0.941176 0.106179
0 0.811765 0.106179 0.941176 0.121330
0 0.811765 0.121333 0.941176 0.136483
0 0.811765 0.136483 0.941176 0.151634
0 0.811765 0.151634 0.941176 0.166784
0 0.811765 0.166787 0.941176 0.181938
0 0.811765 0.181938 0.941176 0.197088
0 0.811765 0.197088 0.941176 0.212238
0 0.811765 0.212242 0.941176 0.227392
0 0.811765 0.227392 0.941176 0.242542
0 0.811765 0.242542 0.941176 0.257692
0 0.811765 0.257696 0.941176 0.272846
0 0.811765 0.272846 0.941176 0.287996
0 0.811765 0.287996 0.941176 0.303146
0 0.811765 0.333329 0.941176 0.348479
0 0.082353 0.363633 0.198775 0.378783
0 0.082353 0.378783 0.198775 0.393933
0 0.082353 0.393937 0.198775 0.409087
0 0.082353 0.409087 0.198775 0.424237
0 0.082353 0.424237 0.198775 0.439387
0 0.082353 0.439391 0.198775 0.454541
0 0.082353 0.454541 0.198775 0.469691
0 0.082353 0.469691 0.198775 0.484841
0 0.082353 0.484845 0.198775 0.499995
0 0.082353 0.499995 0.198775 0.515145
0 0.082353 0.515145 0.198775 0.530295
0 0.082353 0.530285 0.198775 0.545435
0 0.082353 0.545449 0.198775 0.560599
0 0.082353 0.560599 0.198775 0.575749
0 0.082353 0.575753 0.198775 0.590903
0 0.222876 0.363633 0.351062 0.378783
0 0.222876 0.378783 0.351062 0.393933
0 0.222876 0.393937 0.351062 0.409087
0 0.222876 0.409087 0.351062 0.424237
0 0.222876 0.424237 0.351062 0.439387
0 0.222876 0.439391 0.351062 0.454541
0 0.222876 0.454541 0.351062 0.469691
0 0.222876 0.469691 0.351062 0.484841
0 0.222876 0.484845 0.351062 0.499995
0 0.222876 0.499995 0.351062 0.515145
0 0.222876 0.515145 0.351062 0.530295
0 0.222876 0.530285 0.351062 0.545435
0 0.222876 0.545449 0.351062 0.560599
0 0.222876 0.560599 0.351062 0.575749
0 0.222876 0.575753 0.351062 0.590903
0 0.222876 0.590903 0.351062 0.606053
0 0.222876 0.621207 0.351062 0.636357
0 0.376471 0.363633 0.492892 0.378783
0 0.376471 0.378783 0.492892 0.393933
0 0.376471 0.393937 0.492892 0.409087
0 0.376471 0.409087 0.492892 0.424237
0 0.376471 0.424237 0.492892 0.439387
0 0.376471 0.439391 0.492892 0.454541
0 0.376471 0.454541 0.492892 0.469691
0 0.376471 0.469691 0.492892 0.484841
0 0.376471 0.484845 0.492892 0.499995
0 0.376471 0.499995 0.492892 0.515145
0 0.376471 0.515145 0.492892 0.530295
0 0.376471 0.530285 0.492892 0.545435
0 0.376471 0.545449 0.492892 0.560599
0 0.376471 0.560599 0.492892 0.575749
0 0.376471 0.575753 0.492892 0.590903
0 0.517647 0.363633 0.645833 0.378783
0 0.517647 0.378783 0.645833 0.393933
0 0.517647 0.393937 0.645833 0.409087
0 0.517647 0.409087 0.645833 0.424237
0 0.517647 0.424237 0.645833 0.439387
0 0.517647 0.439391 0.645833 0.454541
0 0.517647 0.454541 0.645833 0.469691
0 0.517647 0.469691 0.645833 0.484841
0 0.517647 0.484845 0.645833 0.499995
0 0.517647 0.499995 0.645833 0.515145
0 0.517647 0.515145 0.645833 0.530295
0 0.517647 0.530285 0.645833 0.545435
0 0.517647 0.545449 0.645833 0.560599
0 0.517647 0.560599 0.645833 0.575749
0 0.517647 0.575753 0.645833 0.590903
0 0.523529 0.621207 0.645833 0.636357
0 0.670588 0.363633 0.787010 0.378783
0 0.670588 0.378783 0.787010 0.393933
0 0.670588 0.393937 0.787010 0.409087
0 0.670588 0.409087 0.787010 0.424237
0 0.670588 0.424237 0.787010 0.439387
0 0.670588 0.439391 0.787010 0.454541
0 0.670588 0.454541 0.787010 0.469691
0 0.670588 0.469691 0.787010 0.484841
0 0.670588 0.484845 0.787010 0.499995
0 0.670588 0.499995 0.787010 0.515145
0 0.670588 0.515145 0.787010 0.530295
0 0.670588 0.530285 0.787010 0.545435
0 0.670588 0.545449 0.787010 0.560599
0 0.670588 0.560599 0.787010 0.575749
0 0.670588 0.575753 0.787010 0.590903
0 0.811765 0.363633 0.941176 0.378783
0 0.811765 0.378783 0.941176 0.393933
0 0.811765 0.393937 0.941176 0.409087
0 0.811765 0.409087 0.941176 0.424237
0 0.811765 0.424237 0.941176 0.439387
0 0.811765 0.439391 0.941176 0.454541
0 0.811765 0.454541 0.941176 0.469691
0 0.811765 0.469691 0.941176 0.484841
0 0.811765 0.484845 0.941176 0.499995
0 0.811765 0.499995 0.941176 0.515145
0 0.811765 0.515145 0.941176 0.530295
0 0.811765 0.530299 0.941176 0.545449
0 0.811765 0.545449 0.941176 0.560599
0 0.811765 0.560599 0.941176 0.575749
0 0.811765 0.575753 0.941176 0.590903
0 0.811765 0.590903 0.941176 0.606053
0 0.811765 0.621207 0.941176 0.636357
0 0.817647 0.651507 0.941176 0.666657
