0 0.800000 0.075759 0.904657 0.098486
0 0.905882 0.075759 0.941176 0.098486
0 0.800000 0.098486 0.904657 0.121213
0 0.905882 0.098486 0.941176 0.121213
0 0.800000 0.121213 0.904657 0.151518
0 0.905882 0.121213 0.941176 0.151518
0 0.800000 0.151514 0.904657 0.174241
0 0.905882 0.151514 0.941176 0.174241
0 0.800000 0.174241 0.904657 0.196968
0 0.905882 0.174241 0.941176 0.196968
0 0.800000 0.196968 0.904657 0.227273
0 0.905882 0.196968 0.941176 0.227273
0 0.800000 0.227273 0.904657 0.250000
0 0.905882 0.227273 0.941176 0.250000
0 0.800000 0.250000 0.904657 0.272727
0 0.905882 0.250000 0.941176 0.272727
0 0.717647 0.275883 0.730719 0.285984
0 0.903922 0.275883 0.916993 0.285984
0 0.235294 0.310605 0.470588 0.333332
0 0.517647 0.310605 0.682353 0.333332
0 0.823529 0.315655 0.941176 0.330806
0 0.305882 0.411616 0.941176 0.431818
0 0.154575 0.444444 0.387010 0.462122
0 0.781209 0.435605 0.794281 0.445706
0 0.823529 0.444444 0.941176 0.462122
0 0.229739 0.462122 0.728186 0.477273
0 0.242810 0.477273 0.728186 0.492423
0 0.794771 0.462122 0.941176 0.477273
0 0.794771 0.477273 0.941176 0.492423
