0 0.058826 0.060609 0.517667 0.083335
0 0.564728 0.060607 0.600024 0.083335
0 0.609828 0.060607 0.690877 0.083335
0 0.766370 0.060609 0.941213 0.083335
0 0.317659 0.166675 0.411781 0.189403
0 0.419951 0.166675 0.445442 0.189403
0 0.470607 0.166675 0.564728 0.189403
0 0.572898 0.166675 0.598389 0.189403
0 0.623554 0.166675 0.717675 0.189403
0 0.725845 0.166675 0.751337 0.189403
0 0.835327 0.166675 0.905918 0.189403
0 0.914088 0.166675 0.939579 0.189403
0 0.317659 0.204554 0.411781 0.227282
0 0.419951 0.204554 0.445442 0.227282
0 0.470607 0.204554 0.564728 0.227282
0 0.572898 0.204554 0.598389 0.227282
0 0.623554 0.204554 0.717675 0.227282
0 0.725845 0.204554 0.751337 0.227282
0 0.835327 0.204554 0.905918 0.227282
0 0.914088 0.204554 0.939579 0.227282
0 0.317659 0.257587 0.411781 0.280316
0 0.419951 0.257587 0.445442 0.280316
0 0.470607 0.257587 0.564728 0.280316
0 0.572898 0.257587 0.598389 0.280316
0 0.623554 0.257587 0.717675 0.280316
0 0.725845 0.257587 0.751337 0.280316
0 0.835327 0.257587 0.905918 0.280316
0 0.914088 0.257587 0.939579 0.280316
0 0.317659 0.310617 0.411781 0.333346
0 0.419951 0.310617 0.445442 0.333346
0 0.470607 0.310617 0.564728 0.333346
0 0.572898 0.310617 0.598389 0.333346
0 0.623554 0.310617 0.717675 0.333346
0 0.725845 0.310617 0.751337 0.333346
0 0.835327 0.310617 0.905918 0.333346
0 0.914088 0.310617 0.939579 0.333346
0 0.317659 0.348500 0.411781 0.371228
0 0.419951 0.348500 0.445442 0.371228
0 0.470607 0.348500 0.564728 0.371228
0 0.572898 0.348500 0.598389 0.371228
0 0.623554 0.348500 0.717675 0.371228
0 0.725845 0.348500 0.751337 0.371228
0 0.835327 0.348500 0.905918 0.371228
0 0.914088 0.348500 0.939579 0.371228
0 0.317659 0.409107 0.411781 0.431836
0 0.419951 0.409107 0.445442 0.431836
0 0.470607 0.409107 0.564728 0.431836
0 0.572898 0.409107 0.598389 0.431836
0 0.623554 0.409107 0.717675 0.431836
0 0.725845 0.409107 0.751337 0.431836
0 0.835327 0.409107 0.905918 0.431836
0 0.914088 0.409107 0.939579 0.431836
0 0.317659 0.439413 0.411781 0.462141
0 0.419951 0.439413 0.445442 0.462141
0 0.470607 0.439413 0.564728 0.462141
0 0.572898 0.439413 0.598389 0.462141
0 0.623554 0.439413 0.717675 0.462141
0 0.725845 0.439413 0.751337 0.462141
0 0.835327 0.439413 0.905918 0.462141
0 0.914088 0.439413 0.939579 0.462141
0 0.317659 0.515171 0.411781 0.537899
0 0.419951 0.515171 0.445442 0.537899
0 0.470607 0.515171 0.564728 0.537899
0 0.572898 0.515171 0.598389 0.537899
0 0.623554 0.515171 0.717675 0.537899
0 0.725845 0.515171 0.751337 0.537899
0 0.835327 0.515171 0.905918 0.537899
0 0.914088 0.515171 0.939579 0.537899
0 0.317659 0.590933 0.411781 0.613661
0 0.419951 0.590933 0.445442 0.613661
0 0.470607 0.590933 0.564728 0.613661
0 0.572898 0.590933 0.598389 0.613661
0 0.623554 0.590933 0.717675 0.613661
0 0.725845 0.590933 0.751337 0.613661
0 0.835327 0.590933 0.905918 0.613661
0 0.914088 0.590933 0.939579 0.613661
0 0.317659 0.636389 0.411781 0.659118
0 0.419951 0.636389 0.445442 0.659118
0 0.470607 0.636389 0.564728 0.659118
0 0.572898 0.636389 0.598389 0.659118
0 0.623554 0.636389 0.717675 0.659118
0 0.725845 0.636389 0.751337 0.659118
0 0.835327 0.636389 0.905918 0.659118
0 0.914088 0.636389 0.939579 0.659118
0 0.317659 0.727302 0.411781 0.750030
0 0.419951 0.727302 0.445442 0.750030
0 0.470607 0.727302 0.564728 0.750030
0 0.572898 0.727302 0.598389 0.750030
0 0.623554 0.727302 0.717675 0.750030
0 0.725845 0.727302 0.751337 0.750030
0 0.835327 0.727302 0.905918 0.750030
0 0.914088 0.727302 0.939579 0.750030
0 0.317659 0.772758 0.447076 0.795487
0 0.470607 0.772758 0.600024 0.795487
0 0.623554 0.772758 0.753624 0.795487
0 0.317659 0.833366 0.411781 0.856094
0 0.419951 0.833366 0.445442 0.856094
0 0.470607 0.833366 0.564728 0.856094
0 0.572898 0.833366 0.598389 0.856094
0 0.623554 0.833366 0.717675 0.856094
0 0.725845 0.833366 0.751337 0.856094
0 0.835327 0.833366 0.905918 0.856094
0 0.914088 0.833366 0.939579 0.856094
0 0.317659 0.863671 0.411781 0.886399
0 0.419951 0.863671 0.445442 0.886399
0 0.470607 0.863671 0.564728 0.886399
0 0.572898 0.863671 0.598389 0.886399
0 0.623554 0.863671 0.717675 0.886399
0 0.725845 0.863671 0.751337 0.886399
0 0.835327 0.863671 0.905918 0.886399
0 0.914088 0.863671 0.939579 0.886399
0 0.317659 0.893977 0.411781 0.916705
0 0.419951 0.893977 0.445442 0.916705
0 0.470607 0.893977 0.564728 0.916705
0 0.572898 0.893977 0.598389 0.916705
0 0.623554 0.893977 0.717675 0.916705
0 0.725845 0.893977 0.751337 0.916705
0 0.835327 0.893977 0.905918 0.916705
0 0.914088 0.893977 0.939579 0.916705
0 0.835327 0.924279 0.905918 0.947007
0 0.914088 0.924279 0.939579 0.947007
