0 0.827142 0.075758 0.917647 0.090908
0 0.058824 0.118684 0.645833 0.136362
0 0.647059 0.118684 0.941176 0.136362
0 0.082353 0.212120 0.198775 0.227270
0 0.082353 0.227270 0.198775 0.242421
0 0.082353 0.242421 0.198775 0.257571
0 0.082353 0.257574 0.198775 0.272725
0 0.082353 0.272725 0.198775 0.287875
0 0.082353 0.287875 0.198775 0.303025
0 0.082353 0.303028 0.198775 0.318179
0 0.082353 0.318179 0.198775 0.333329
0 0.082353 0.333329 0.198775 0.348479
0 0.082353 0.348483 0.198775 0.363633
0 0.082353 0.363633 0.198775 0.378783
0 0.082353 0.378783 0.198775 0.393933
0 0.082353 0.393937 0.198775 0.409087
0 0.082353 0.409087 0.198775 0.424237
0 0.082353 0.424237 0.198775 0.439387
0 0.223529 0.212120 0.351716 0.227270
0 0.223529 0.227270 0.351716 0.242421
0 0.223529 0.242421 0.351716 0.257571
0 0.223529 0.257574 0.351716 0.272725
0 0.223529 0.272725 0.351716 0.287875
0 0.223529 0.287875 0.351716 0.303025
0 0.223529 0.303028 0.351716 0.318179
0 0.223529 0.318179 0.351716 0.333329
0 0.223529 0.333329 0.351716 0.348479
0 0.223529 0.348483 0.351716 0.363633
0 0.223529 0.363633 0.351716 0.378783
0 0.223529 0.378783 0.351716 0.393933
0 0.223529 0.393937 0.351716 0.409087
0 0.223529 0.409087 0.351716 0.424237
0 0.223529 0.424237 0.351716 0.439387
0 0.223529 0.439391 0.351716 0.454541
0 0.223529 0.469691 0.351716 0.484841
0 0.376471 0.212120 0.492892 0.227270
0 0.376471 0.227270 0.492892 0.242421
0 0.376471 0.242421 0.492892 0.257571
0 0.376471 0.257574 0.492892 0.272725
0 0.376471 0.272725 0.492892 0.287875
0 0.376471 0.287875 0.492892 0.303025
0 0.376471 0.303028 0.492892 0.318179
0 0.376471 0.318179 0.492892 0.333329
0 0.376471 0.333329 0.492892 0.348479
0 0.376471 0.348483 0.492892 0.363633
0 0.376471 0.363633 0.492892 0.378783
0 0.376471 0.378783 0.492892 0.393933
0 0.376471 0.393937 0.492892 0.409087
0 0.376471 0.409087 0.492892 0.424237
0 0.376471 0.424237 0.492892 0.439387
0 0.517647 0.212120 0.645833 0.227270
0 0.517647 0.227270 0.645833 0.242421
0 0.517647 0.242421 0.645833 0.257571
0 0.517647 0.257574 0.645833 0.272725
0 0.517647 0.272725 0.645833 0.287875
0 0.517647 0.287875 0.645833 0.303025
0 0.517647 0.303028 0.645833 0.318179
0 0.517647 0.318179 0.645833 0.333329
0 0.517647 0.333329 0.645833 0.348479
0 0.517647 0.348483 0.645833 0.363633
0 0.517647 0.363633 0.645833 0.378783
0 0.517647 0.378783 0.645833 0.393933
0 0.517647 0.393937 0.645833 0.409087
0 0.517647 0.409087 0.645833 0.424237
0 0.517647 0.469691 0.645833 0.484841
0 0.670588 0.212120 0.787010 0.227270
0 0.670588 0.227270 0.787010 0.242421
0 0.670588 0.242421 0.787010 0.257571
0 0.670588 0.257574 0.787010 0.272725
0 0.670588 0.272725 0.787010 0.287875
0 0.670588 0.287875 0.787010 0.303025
0 0.670588 0.303028 0.787010 0.318179
0 0.670588 0.318179 0.787010 0.333329
0 0.670588 0.333329 0.787010 0.348479
0 0.670588 0.348483 0.787010 0.363633
0 0.670588 0.363633 0.787010 0.378783
0 0.670588 0.378783 0.787010 0.393933
0 0.670588 0.393937 0.787010 0.409087
0 0.670588 0.409087 0.787010 0.424237
0 0.670588 0.424237 0.787010 0.439387
0 0.811765 0.212120 0.941176 0.227270
0 0.811765 0.227270 0.941176 0.242421
0 0.811765 0.242421 0.941176 0.257571
0 0.811765 0.257574 0.941176 0.272725
0 0.811765 0.272725 0.941176 0.287875
0 0.811765 0.287875 0.941176 0.303025
0 0.811765 0.303028 0.941176 0.318179
0 0.811765 0.318179 0.941176 0.333329
0 0.811765 0.333329 0.941176 0.348479
0 0.811765 0.348483 0.941176 0.363633
0 0.811765 0.363633 0.941176 0.378783
0 0.811765 0.378783 0.941176 0.393933
0 0.811765 0.393937 0.941176 0.409087
0 0.811765 0.409087 0.941176 0.424237
0 0.811765 0.424237 0.941176 0.439387
0 0.811765 0.439391 0.941176 0.454541
0 0.811765 0.469691 0.941176 0.484841
0 0.082353 0.499995 0.198775 0.515145
0 0.082353 0.515145 0.198775 0.530295
0 0.082353 0.530299 0.198775 0.545449
0 0.082353 0.545449 0.198775 0.560599
0 0.082353 0.560599 0.198775 0.575749
0 0.082353 0.575753 0.198775 0.590903
0 0.082353 0.590903 0.198775 0.606053
0 0.082353 0.606053 0.198775 0.621203
0 0.082353 0.621207 0.198775 0.636357
0 0.082353 0.636357 0.198775 0.651507
0 0.082353 0.651507 0.198775 0.666657
0 0.082353 0.666661 0.198775 0.681811
0 0.082353 0.681811 0.198775 0.696961
0 0.082353 0.696961 0.198775 0.712111
0 0.082353 0.712115 0.198775 0.727265
0 0.223529 0.499995 0.351716 0.515145
0 0.223529 0.515145 0.351716 0.530295
0 0.223529 0.530299 0.351716 0.545449
0 0.223529 0.545449 0.351716 0.560599
0 0.223529 0.560599 0.351716 0.575749
0 0.223529 0.575753 0.351716 0.590903
0 0.223529 0.590903 0.351716 0.606053
0 0.223529 0.606053 0.351716 0.621203
0 0.223529 0.621207 0.351716 0.636357
0 0.223529 0.636357 0.351716 0.651507
0 0.223529 0.651507 0.351716 0.666657
0 0.223529 0.666661 0.351716 0.681811
0 0.223529 0.681811 0.351716 0.696961
0 0.223529 0.696961 0.351716 0.712111
0 0.223529 0.712115 0.351716 0.727265
0 0.223529 0.757569 0.351716 0.772719
0 0.376471 0.499995 0.492892 0.515145
0 0.376471 0.515145 0.492892 0.530295
0 0.376471 0.530299 0.492892 0.545449
0 0.376471 0.545449 0.492892 0.560599
0 0.376471 0.560599 0.492892 0.575749
0 0.376471 0.575753 0.492892 0.590903
0 0.376471 0.590903 0.492892 0.606053
0 0.376471 0.606053 0.492892 0.621203
0 0.376471 0.621207 0.492892 0.636357
0 0.376471 0.636357 0.492892 0.651507
0 0.376471 0.651507 0.492892 0.666657
0 0.376471 0.666661 0.492892 0.681811
0 0.376471 0.681811 0.492892 0.696961
0 0.376471 0.696961 0.492892 0.712111
0 0.376471 0.712115 0.492892 0.727265
0 0.517647 0.499995 0.645833 0.515145
0 0.517647 0.515145 0.645833 0.530295
0 0.517647 0.530299 0.645833 0.545449
0 0.517647 0.545449 0.645833 0.560599
0 0.517647 0.560599 0.645833 0.575749
0 0.517647 0.575753 0.645833 0.590903
0 0.517647 0.590903 0.645833 0.606053
0 0.517647 0.606053 0.645833 0.621203
0 0.517647 0.621207 0.645833 0.636357
0 0.517647 0.636357 0.645833 0.651507
0 0.517647 0.651507 0.645833 0.666657
0 0.517647 0.666661 0.645833 0.681811
0 0.517647 0.681811 0.645833 0.696961
0 0.517647 0.696961 0.645833 0.712111
0 0.517647 0.712115 0.645833 0.727265
0 0.517647 0.727265 0.645833 0.742416
0 0.517647 0.757569 0.645833 0.772719
0 0.670588 0.499995 0.787010 0.515145
0 0.670588 0.515145 0.787010 0.530295
0 0.670588 0.530299 0.787010 0.545449
0 0.670588 0.545449 0.787010 0.560599
0 0.670588 0.560599 0.787010 0.575749
0 0.670588 0.575753 0.787010 0.590903
0 0.670588 0.590903 0.787010 0.606053
0 0.670588 0.606053 0.787010 0.621203
0 0.670588 0.621207 0.787010 0.636357
0 0.670588 0.636357 0.787010 0.651507
0 0.670588 0.651507 0.787010 0.666657
0 0.670588 0.666661 0.787010 0.681811
0 0.670588 0.681811 0.787010 0.696961
0 0.670588 0.696961 0.787010 0.712111
0 0.670588 0.712115 0.787010 0.727265
0 0.811765 0.499995 0.941176 0.515145
0 0.811765 0.515145 0.941176 0.530295
0 0.811765 0.530299 0.941176 0.545449
0 0.811765 0.545449 0.941176 0.560599
0 0.811765 0.560599 0.941176 0.575749
0 0.811765 0.575753 0.941176 0.590903
0 0.811765 0.590903 0.941176 0.606053
0 0.811765 0.606053 0.941176 0.621203
0 0.811765 0.621207 0.941176 0.636357
0 0.811765 0.636357 0.941176 0.651507
0 0.811765 0.651507 0.941176 0.666657
0 0.811765 0.666661 0.941176 0.681811
0 0.811765 0.681811 0.941176 0.696961
0 0.811765 0.696961 0.941176 0.712111
0 0.811765 0.712115 0.941176 0.727265
0 0.811765 0.757569 0.941176 0.772719
