0 0.800000 0.075758 0.904657 0.090908
0 0.905882 0.075758 0.941176 0.090908
0 0.800000 0.106058 0.904657 0.121208
0 0.905882 0.106058 0.941176 0.121208
0 0.800000 0.136362 0.904657 0.151512
0 0.905882 0.136362 0.941176 0.151512
0 0.800000 0.166666 0.904657 0.181816
0 0.905882 0.166666 0.941176 0.181816
0 0.800000 0.196966 0.904657 0.212117
0 0.905882 0.196966 0.941176 0.212117
0 0.800000 0.227270 0.904657 0.242421
0 0.905882 0.227270 0.941176 0.242421
0 0.800000 0.242421 0.904657 0.257571
0 0.905882 0.242421 0.941176 0.257571
0 0.800000 0.257574 0.904657 0.272725
0 0.905882 0.257574 0.941176 0.272725
0 0.705882 0.275249 0.718954 0.285349
0 0.894118 0.275249 0.907190 0.285349
0 0.247059 0.303028 0.447059 0.318179
0 0.529412 0.303028 0.658824 0.318179
0 0.823529 0.303028 0.941176 0.318179
0 0.341176 0.366158 0.941176 0.393937
0 0.142810 0.408021 0.445833 0.424241
0 0.817320 0.395829 0.830392 0.405930
0 0.858823 0.406563 0.941176 0.424241
0 0.282353 0.424237 0.657598 0.439387
0 0.282353 0.439391 0.657598 0.454541
0 0.776471 0.424237 0.941176 0.439387
0 0.776471 0.439391 0.941176 0.454541
