0 0.831404 0.075762 0.909836 0.090913
0 0.058826 0.118690 0.645859 0.136369
0 0.647084 0.118690 0.941213 0.136369
0 0.082356 0.196976 0.198782 0.212127
0 0.082356 0.212131 0.198782 0.227282
0 0.082356 0.227282 0.198782 0.242433
0 0.082356 0.242433 0.198782 0.257584
0 0.082356 0.257587 0.198782 0.272738
0 0.082356 0.272738 0.198782 0.287889
0 0.082356 0.287889 0.198782 0.303040
0 0.082356 0.303044 0.198782 0.318195
0 0.082356 0.318195 0.198782 0.333346
0 0.082356 0.333346 0.198782 0.348496
0 0.082356 0.348500 0.198782 0.363651
0 0.082356 0.363651 0.198782 0.378802
0 0.082356 0.378802 0.198782 0.393953
0 0.082356 0.393957 0.198782 0.409107
0 0.082356 0.409107 0.198782 0.424258
0 0.223538 0.196976 0.351729 0.212127
0 0.223538 0.212131 0.351729 0.227282
0 0.223538 0.227282 0.351729 0.242433
0 0.223538 0.242433 0.351729 0.257584
0 0.223538 0.257587 0.351729 0.272738
0 0.223538 0.272738 0.351729 0.287889
0 0.223538 0.287889 0.351729 0.303040
0 0.223538 0.303044 0.351729 0.318195
0 0.223538 0.318195 0.351729 0.333346
0 0.223538 0.333346 0.351729 0.348496
0 0.223538 0.348500 0.351729 0.363651
0 0.223538 0.363651 0.351729 0.378802
0 0.223538 0.378802 0.351729 0.393953
0 0.223538 0.393957 0.351729 0.409107
0 0.223538 0.409107 0.351729 0.424258
0 0.223538 0.424258 0.351729 0.439409
0 0.223538 0.439413 0.351729 0.454564
0 0.376485 0.196976 0.492911 0.212127
0 0.376485 0.212131 0.492911 0.227282
0 0.376485 0.227282 0.492911 0.242433
0 0.376485 0.242433 0.492911 0.257584
0 0.376485 0.257587 0.492911 0.272738
0 0.376485 0.272738 0.492911 0.287889
0 0.376485 0.287889 0.492911 0.303040
0 0.376485 0.303044 0.492911 0.318195
0 0.376485 0.318195 0.492911 0.333346
0 0.376485 0.333346 0.492911 0.348496
0 0.376485 0.348500 0.492911 0.363651
0 0.376485 0.363651 0.492911 0.378802
0 0.376485 0.378802 0.492911 0.393953
0 0.376485 0.393957 0.492911 0.409107
0 0.376485 0.409107 0.492911 0.424258
0 0.517667 0.196976 0.645859 0.212127
0 0.517667 0.212131 0.645859 0.227282
0 0.517667 0.227282 0.645859 0.242433
0 0.517667 0.242433 0.645859 0.257584
0 0.517667 0.257587 0.645859 0.272738
0 0.517667 0.272738 0.645859 0.287889
0 0.517667 0.287889 0.645859 0.303040
0 0.517667 0.303044 0.645859 0.318195
0 0.517667 0.318195 0.645859 0.333346
0 0.517667 0.333346 0.645859 0.348496
0 0.517667 0.348500 0.645859 0.363651
0 0.517667 0.363651 0.645859 0.378802
0 0.517667 0.378802 0.645859 0.393953
0 0.517667 0.393957 0.645859 0.409107
0 0.517667 0.439413 0.645859 0.454564
0 0.670615 0.196976 0.787041 0.212127
0 0.670615 0.212131 0.787041 0.227282
0 0.670615 0.227282 0.787041 0.242433
0 0.670615 0.242433 0.787041 0.257584
0 0.670615 0.257587 0.787041 0.272738
0 0.670615 0.272738 0.787041 0.287889
0 0.670615 0.287889 0.787041 0.303040
0 0.670615 0.303044 0.787041 0.318195
0 0.670615 0.318195 0.787041 0.333346
0 0.670615 0.333346 0.787041 0.348496
0 0.670615 0.348500 0.787041 0.363651
0 0.670615 0.363651 0.787041 0.378802
0 0.670615 0.378802 0.787041 0.393953
0 0.670615 0.393957 0.787041 0.409107
0 0.670615 0.409107 0.787041 0.424258
0 0.811797 0.196976 0.941213 0.212127
0 0.811797 0.212131 0.941213 0.227282
0 0.811797 0.227282 0.941213 0.242433
0 0.811797 0.242433 0.941213 0.257584
0 0.811797 0.257587 0.941213 0.272738
0 0.811797 0.272738 0.941213 0.287889
0 0.811797 0.287889 0.941213 0.303040
0 0.811797 0.303044 0.941213 0.318195
0 0.811797 0.318195 0.941213 0.333346
0 0.811797 0.333346 0.941213 0.348496
0 0.811797 0.348500 0.941213 0.363651
0 0.811797 0.363651 0.941213 0.378802
0 0.811797 0.378802 0.941213 0.393953
0 0.811797 0.393957 0.941213 0.409107
0 0.811797 0.409107 0.941213 0.424258
0 0.811797 0.424258 0.941213 0.439409
0 0.811797 0.439413 0.941213 0.454564
0 0.082356 0.484869 0.198782 0.500020
0 0.082356 0.500020 0.198782 0.515171
0 0.082356 0.515171 0.198782 0.530322
0 0.082356 0.530326 0.198782 0.545477
0 0.082356 0.545477 0.198782 0.560627
0 0.082356 0.560627 0.198782 0.575778
0 0.082356 0.575782 0.198782 0.590933
0 0.082356 0.590933 0.198782 0.606084
0 0.082356 0.606084 0.198782 0.621235
0 0.082356 0.621238 0.198782 0.636389
0 0.082356 0.636389 0.198782 0.651540
0 0.082356 0.651540 0.198782 0.666691
0 0.082356 0.666695 0.198782 0.681846
0 0.082356 0.681846 0.198782 0.696997
0 0.082356 0.696997 0.198782 0.712148
0 0.223538 0.484869 0.351729 0.500020
0 0.223538 0.500020 0.351729 0.515171
0 0.223538 0.515171 0.351729 0.530322
0 0.223538 0.530326 0.351729 0.545477
0 0.223538 0.545477 0.351729 0.560627
0 0.223538 0.560627 0.351729 0.575778
0 0.223538 0.575782 0.351729 0.590933
0 0.223538 0.590933 0.351729 0.606084
0 0.223538 0.606084 0.351729 0.621235
0 0.223538 0.621238 0.351729 0.636389
0 0.223538 0.636389 0.351729 0.651540
0 0.223538 0.651540 0.351729 0.666691
0 0.223538 0.666695 0.351729 0.681846
0 0.223538 0.681846 0.351729 0.696997
0 0.223538 0.696997 0.351729 0.712148
0 0.223538 0.727302 0.351729 0.742453
0 0.376485 0.484869 0.492911 0.500020
0 0.376485 0.500020 0.492911 0.515171
0 0.376485 0.515171 0.492911 0.530322
0 0.376485 0.530326 0.492911 0.545477
0 0.376485 0.545477 0.492911 0.560627
0 0.376485 0.560627 0.492911 0.575778
0 0.376485 0.575782 0.492911 0.590933
0 0.376485 0.590933 0.492911 0.606084
0 0.376485 0.606084 0.492911 0.621235
0 0.376485 0.621238 0.492911 0.636389
0 0.376485 0.636389 0.492911 0.651540
0 0.376485 0.651540 0.492911 0.666691
0 0.376485 0.666695 0.492911 0.681846
0 0.376485 0.681846 0.492911 0.696997
0 0.376485 0.696997 0.492911 0.712148
0 0.517667 0.484869 0.645859 0.500020
0 0.517667 0.500020 0.645859 0.515171
0 0.517667 0.515171 0.645859 0.530322
0 0.517667 0.530326 0.645859 0.545477
0 0.517667 0.545477 0.645859 0.560627
0 0.517667 0.560627 0.645859 0.575778
0 0.517667 0.575782 0.645859 0.590933
0 0.517667 0.590933 0.645859 0.606084
0 0.517667 0.606084 0.645859 0.621235
0 0.517667 0.621238 0.645859 0.636389
0 0.517667 0.636389 0.645859 0.651540
0 0.517667 0.651540 0.645859 0.666691
0 0.517667 0.666695 0.645859 0.681846
0 0.517667 0.681846 0.645859 0.696997
0 0.517667 0.696997 0.645859 0.712148
0 0.517667 0.712151 0.645859 0.727302
0 0.517667 0.727302 0.645859 0.742453
0 0.670615 0.484869 0.787041 0.500020
0 0.670615 0.500020 0.787041 0.515171
0 0.670615 0.515171 0.787041 0.530322
0 0.670615 0.530326 0.787041 0.545477
0 0.670615 0.545477 0.787041 0.560627
0 0.670615 0.560627 0.787041 0.575778
0 0.670615 0.575782 0.787041 0.590933
0 0.670615 0.590933 0.787041 0.606084
0 0.670615 0.606084 0.787041 0.621235
0 0.670615 0.621238 0.787041 0.636389
0 0.670615 0.636389 0.787041 0.651540
0 0.670615 0.651540 0.787041 0.666691
0 0.670615 0.666695 0.787041 0.681846
0 0.670615 0.681846 0.787041 0.696997
0 0.670615 0.696997 0.787041 0.712148
0 0.811797 0.484869 0.941213 0.500020
0 0.811797 0.500020 0.941213 0.515171
0 0.811797 0.515171 0.941213 0.530322
0 0.811797 0.530326 0.941213 0.545477
0 0.811797 0.545477 0.941213 0.560627
0 0.811797 0.560627 0.941213 0.575778
0 0.811797 0.575782 0.941213 0.590933
0 0.811797 0.590933 0.941213 0.606084
0 0.811797 0.606084 0.941213 0.621235
0 0.811797 0.621238 0.941213 0.636389
0 0.811797 0.636389 0.941213 0.651540
0 0.811797 0.651540 0.941213 0.666691
0 0.811797 0.666695 0.941213 0.681846
0 0.811797 0.681846 0.941213 0.696997
0 0.811797 0.696997 0.941213 0.712148
0 0.811797 0.727302 0.941213 0.742453
