0 0.258834 0.098490 0.333366 0.121218
0 0.358027 0.098490 0.647084 0.121218
0 0.188243 0.128792 0.647084 0.151520
0 0.188243 0.159097 0.647084 0.181826
0 0.141182 0.189403 0.647084 0.212130
0 0.141182 0.227282 0.447076 0.250009
0 0.458841 0.227282 0.517667 0.250009
0 0.529433 0.227282 0.647084 0.250009
0 0.141182 0.265161 0.305894 0.287888
0 0.317659 0.265161 0.482372 0.287888
0 0.494137 0.265161 0.647084 0.287888
0 0.694145 0.159097 0.788266 0.174248
0 0.694145 0.250010 0.717097 0.265161
0 0.729324 0.250010 0.752276 0.265161
0 0.764620 0.250010 0.810643 0.265161
0 0.070589 0.390165 0.090198 0.405317
0 0.070589 0.454563 0.090198 0.469715
0 0.070589 0.515170 0.090198 0.530322
0 0.105885 0.621237 0.125493 0.636389
0 0.105885 0.659116 0.125493 0.674268
0 0.105885 0.700786 0.125493 0.715938
0 0.105885 0.768970 0.125493 0.784123
0 0.105885 0.810636 0.125493 0.825788
0 0.105885 0.863670 0.125493 0.878822
0 0.105885 0.928068 0.125493 0.943220
