0 0.082356 0.075762 0.198782 0.090913
0 0.082356 0.090913 0.198782 0.106064
0 0.082356 0.106064 0.198782 0.121215
0 0.082356 0.121218 0.198782 0.136369
0 0.082356 0.136369 0.198782 0.151520
0 0.082356 0.151520 0.198782 0.166671
0 0.082356 0.166675 0.198782 0.181826
0 0.082356 0.181826 0.198782 0.196976
0 0.082356 0.196976 0.198782 0.212127
0 0.082356 0.212131 0.198782 0.227282
0 0.082356 0.227282 0.198782 0.242433
0 0.082356 0.242433 0.198782 0.257584
0 0.082356 0.257587 0.198782 0.272738
0 0.082356 0.272738 0.198782 0.287889
0 0.082356 0.287889 0.198782 0.303040
0 0.223538 0.075762 0.351729 0.090913
0 0.223538 0.090913 0.351729 0.106064
0 0.223538 0.106064 0.351729 0.121215
0 0.223538 0.121218 0.351729 0.136369
0 0.223538 0.136369 0.351729 0.151520
0 0.223538 0.151520 0.351729 0.166671
0 0.223538 0.166675 0.351729 0.181826
0 0.223538 0.181826 0.351729 0.196976
0 0.223538 0.196976 0.351729 0.212127
0 0.223538 0.212131 0.351729 0.227282
0 0.223538 0.227282 0.351729 0.242433
0 0.223538 0.242433 0.351729 0.257584
0 0.223538 0.257587 0.351729 0.272738
0 0.223538 0.272738 0.351729 0.287889
0 0.223538 0.287889 0.351729 0.303040
0 0.223538 0.303044 0.351729 0.318195
0 0.223538 0.318195 0.351729 0.333346
0 0.376485 0.075762 0.492911 0.090913
0 0.376485 0.090913 0.492911 0.106064
0 0.376485 0.106064 0.492911 0.121215
0 0.376485 0.121218 0.492911 0.136369
0 0.376485 0.136369 0.492911 0.151520
0 0.376485 0.151520 0.492911 0.166671
0 0.376485 0.166675 0.492911 0.181826
0 0.376485 0.181826 0.492911 0.196976
0 0.376485 0.196976 0.492911 0.212127
0 0.376485 0.212131 0.492911 0.227282
0 0.376485 0.227282 0.492911 0.242433
0 0.376485 0.242433 0.492911 0.257584
0 0.376485 0.257587 0.492911 0.272738
0 0.376485 0.272738 0.492911 0.287889
0 0.376485 0.287889 0.492911 0.303040
0 0.517667 0.075762 0.645859 0.090913
0 0.517667 0.090913 0.645859 0.106064
0 0.517667 0.106064 0.645859 0.121215
0 0.517667 0.121218 0.645859 0.136369
0 0.517667 0.136369 0.645859 0.151520
0 0.517667 0.151520 0.645859 0.166671
0 0.517667 0.166675 0.645859 0.181826
0 0.517667 0.181826 0.645859 0.196976
0 0.517667 0.196976 0.645859 0.212127
0 0.517667 0.212131 0.645859 0.227282
0 0.517667 0.227282 0.645859 0.242433
0 0.517667 0.242433 0.645859 0.257584
0 0.517667 0.257587 0.645859 0.272738
0 0.517667 0.272738 0.645859 0.287889
0 0.517667 0.287889 0.645859 0.303040
0 0.517667 0.303044 0.645859 0.318195
0 0.517667 0.318195 0.645859 0.333346
0 0.670615 0.075762 0.787041 0.090913
0 0.670615 0.090913 0.787041 0.106064
0 0.670615 0.106064 0.787041 0.121215
0 0.670615 0.121218 0.787041 0.136369
0 0.670615 0.136369 0.787041 0.151520
0 0.670615 0.151520 0.787041 0.166671
0 0.670615 0.166675 0.787041 0.181826
0 0.670615 0.181826 0.787041 0.196976
0 0.670615 0.196976 0.787041 0.212127
0 0.670615 0.212131 0.787041 0.227282
0 0.670615 0.227282 0.787041 0.242433
0 0.670615 0.242433 0.787041 0.257584
0 0.670615 0.257587 0.787041 0.272738
0 0.670615 0.272738 0.787041 0.287889
0 0.670615 0.287889 0.787041 0.303040
0 0.811797 0.075762 0.941213 0.090913
0 0.811797 0.090913 0.941213 0.106064
0 0.811797 0.106064 0.941213 0.121215
0 0.811797 0.121218 0.941213 0.136369
0 0.811797 0.136369 0.941213 0.151520
0 0.811797 0.151520 0.941213 0.166671
0 0.811797 0.166675 0.941213 0.181826
0 0.811797 0.181826 0.941213 0.196976
0 0.811797 0.196976 0.941213 0.212127
0 0.811797 0.212131 0.941213 0.227282
0 0.811797 0.227282 0.941213 0.242433
0 0.811797 0.242433 0.941213 0.257584
0 0.811797 0.257587 0.941213 0.272738
0 0.811797 0.272738 0.941213 0.287889
0 0.811797 0.287889 0.941213 0.303040
0 0.811797 0.318195 0.941213 0.333346
0 0.082356 0.363651 0.198782 0.378802
0 0.082356 0.378802 0.198782 0.393953
0 0.082356 0.393957 0.198782 0.409107
0 0.082356 0.409107 0.198782 0.424258
0 0.082356 0.424258 0.198782 0.439409
0 0.082356 0.439413 0.198782 0.454564
0 0.082356 0.454564 0.198782 0.469715
0 0.082356 0.469715 0.198782 0.484866
0 0.082356 0.484869 0.198782 0.500020
0 0.082356 0.500020 0.198782 0.515171
0 0.082356 0.515171 0.198782 0.530322
0 0.082356 0.530326 0.198782 0.545477
0 0.082356 0.545477 0.198782 0.560627
0 0.082356 0.560627 0.198782 0.575778
0 0.082356 0.575782 0.198782 0.590933
0 0.223538 0.363651 0.351729 0.378802
0 0.223538 0.378802 0.351729 0.393953
0 0.223538 0.393957 0.351729 0.409107
0 0.223538 0.409107 0.351729 0.424258
0 0.223538 0.424258 0.351729 0.439409
0 0.223538 0.439413 0.351729 0.454564
0 0.223538 0.454564 0.351729 0.469715
0 0.223538 0.469715 0.351729 0.484866
0 0.223538 0.484869 0.351729 0.500020
0 0.223538 0.500020 0.351729 0.515171
0 0.223538 0.515171 0.351729 0.530322
0 0.223538 0.530326 0.351729 0.545477
0 0.223538 0.545477 0.351729 0.560627
0 0.223538 0.560627 0.351729 0.575778
0 0.223538 0.575782 0.351729 0.590933
0 0.223538 0.590933 0.351729 0.606084
0 0.223538 0.606084 0.351729 0.621235
0 0.376485 0.363651 0.492911 0.378802
0 0.376485 0.378802 0.492911 0.393953
0 0.376485 0.393957 0.492911 0.409107
0 0.376485 0.409107 0.492911 0.424258
0 0.376485 0.424258 0.492911 0.439409
0 0.376485 0.439413 0.492911 0.454564
0 0.376485 0.454564 0.492911 0.469715
0 0.376485 0.469715 0.492911 0.484866
0 0.376485 0.484869 0.492911 0.500020
0 0.376485 0.500020 0.492911 0.515171
0 0.376485 0.515171 0.492911 0.530322
0 0.376485 0.530326 0.492911 0.545477
0 0.376485 0.545477 0.492911 0.560627
0 0.376485 0.560627 0.492911 0.575778
0 0.376485 0.575782 0.492911 0.590933
0 0.517667 0.363651 0.645859 0.378802
0 0.517667 0.378802 0.645859 0.393953
0 0.517667 0.393957 0.645859 0.409107
0 0.517667 0.409107 0.645859 0.424258
0 0.517667 0.424258 0.645859 0.439409
0 0.517667 0.439413 0.645859 0.454564
0 0.517667 0.454564 0.645859 0.469715
0 0.517667 0.469715 0.645859 0.484866
0 0.517667 0.484869 0.645859 0.500020
0 0.517667 0.500020 0.645859 0.515171
0 0.517667 0.515171 0.645859 0.530322
0 0.517667 0.530326 0.645859 0.545477
0 0.517667 0.545477 0.645859 0.560627
0 0.517667 0.560627 0.645859 0.575778
0 0.517667 0.575782 0.645859 0.590933
0 0.517667 0.606084 0.645859 0.621235
0 0.670615 0.363651 0.787041 0.378802
0 0.670615 0.378802 0.787041 0.393953
0 0.670615 0.393957 0.787041 0.409107
0 0.670615 0.409107 0.787041 0.424258
0 0.670615 0.424258 0.787041 0.439409
0 0.670615 0.439413 0.787041 0.454564
0 0.670615 0.454564 0.787041 0.469715
0 0.670615 0.469715 0.787041 0.484866
0 0.670615 0.484869 0.787041 0.500020
0 0.670615 0.500020 0.787041 0.515171
0 0.670615 0.515171 0.787041 0.530322
0 0.670615 0.530326 0.787041 0.545477
0 0.670615 0.545477 0.787041 0.560627
0 0.670615 0.560627 0.787041 0.575778
0 0.670615 0.575782 0.787041 0.590933
0 0.811797 0.363651 0.941213 0.378802
0 0.811797 0.378802 0.941213 0.393953
0 0.811797 0.393957 0.941213 0.409107
0 0.811797 0.409107 0.941213 0.424258
0 0.811797 0.424258 0.941213 0.439409
0 0.811797 0.439413 0.941213 0.454564
0 0.811797 0.454564 0.941213 0.469715
0 0.811797 0.469715 0.941213 0.484866
0 0.811797 0.484869 0.941213 0.500020
0 0.811797 0.500020 0.941213 0.515171
0 0.811797 0.515171 0.941213 0.530322
0 0.811797 0.530326 0.941213 0.545477
0 0.811797 0.545477 0.941213 0.560627
0 0.811797 0.560627 0.941213 0.575778
0 0.811797 0.575782 0.941213 0.590933
0 0.811797 0.590933 0.941213 0.606084
0 0.811797 0.606084 0.941213 0.621235
0 0.670615 0.621238 0.941213 0.636389
