0 0.058826 0.058084 0.468971 0.083339
0 0.552963 0.058084 0.588258 0.083339
0 0.598063 0.058084 0.679112 0.083339
0 0.766370 0.058083 0.941213 0.083335
0 0.317659 0.159097 0.411781 0.181826
0 0.419951 0.159097 0.445442 0.181826
0 0.470607 0.159097 0.564728 0.181826
0 0.572898 0.159097 0.598389 0.181826
0 0.623554 0.159097 0.717675 0.181826
0 0.725845 0.159097 0.751337 0.181826
0 0.835327 0.159097 0.905918 0.181826
0 0.914088 0.159097 0.939579 0.181826
0 0.317659 0.204554 0.411781 0.227282
0 0.419951 0.204554 0.445442 0.227282
0 0.470607 0.204554 0.564728 0.227282
0 0.572898 0.204554 0.598389 0.227282
0 0.623554 0.204554 0.717675 0.227282
0 0.725845 0.204554 0.751337 0.227282
0 0.835327 0.204554 0.905918 0.227282
0 0.914088 0.204554 0.939579 0.227282
0 0.317659 0.250010 0.411781 0.272738
0 0.419951 0.250010 0.445442 0.272738
0 0.470607 0.250010 0.564728 0.272738
0 0.572898 0.250010 0.598389 0.272738
0 0.623554 0.250010 0.717675 0.272738
0 0.725845 0.250010 0.751337 0.272738
0 0.835327 0.250010 0.905918 0.272738
0 0.914088 0.250010 0.939579 0.272738
0 0.317659 0.295466 0.411781 0.318195
0 0.419951 0.295466 0.445442 0.318195
0 0.470607 0.295466 0.564728 0.318195
0 0.572898 0.295466 0.598389 0.318195
0 0.623554 0.295466 0.717675 0.318195
0 0.725845 0.295466 0.751337 0.318195
0 0.835327 0.295466 0.905918 0.318195
0 0.914088 0.295466 0.939579 0.318195
0 0.317659 0.340923 0.411781 0.363651
0 0.419951 0.340923 0.445442 0.363651
0 0.470607 0.340923 0.564728 0.363651
0 0.572898 0.340923 0.598389 0.363651
0 0.623554 0.340923 0.717675 0.363651
0 0.725845 0.340923 0.751337 0.363651
0 0.835327 0.340923 0.905918 0.363651
0 0.914088 0.340923 0.939579 0.363651
0 0.317659 0.386379 0.411781 0.409107
0 0.419951 0.386379 0.445442 0.409107
0 0.470607 0.386379 0.564728 0.409107
0 0.572898 0.386379 0.598389 0.409107
0 0.623554 0.386379 0.717675 0.409107
0 0.725845 0.386379 0.751337 0.409107
0 0.835327 0.386379 0.905918 0.409107
0 0.912033 0.386379 0.939579 0.409107
0 0.317659 0.416685 0.411781 0.439413
0 0.419951 0.416685 0.445442 0.439413
0 0.470607 0.416685 0.564728 0.439413
0 0.572898 0.416685 0.598389 0.439413
0 0.623554 0.416685 0.717675 0.439413
0 0.725845 0.416685 0.751337 0.439413
0 0.835327 0.416685 0.905918 0.439413
0 0.914088 0.416685 0.939579 0.439413
0 0.317659 0.446987 0.411781 0.469715
0 0.419951 0.446987 0.445442 0.469715
0 0.470607 0.446987 0.564728 0.469715
0 0.572898 0.446987 0.598389 0.469715
0 0.623554 0.446987 0.717675 0.469715
0 0.725845 0.446987 0.751337 0.469715
0 0.835327 0.446987 0.905918 0.469715
0 0.914088 0.446987 0.939579 0.469715
0 0.317659 0.515171 0.411781 0.537899
0 0.419951 0.515171 0.445442 0.537899
0 0.470607 0.515171 0.564728 0.537899
0 0.572898 0.515171 0.598389 0.537899
0 0.623554 0.515171 0.717675 0.537899
0 0.725845 0.515171 0.751337 0.537899
0 0.835327 0.515171 0.905918 0.537899
0 0.914088 0.515171 0.939579 0.537899
0 0.317659 0.583356 0.411781 0.606084
0 0.419951 0.583356 0.445442 0.606084
0 0.470607 0.583356 0.564728 0.606084
0 0.572898 0.583356 0.598389 0.606084
0 0.623554 0.583356 0.717675 0.606084
0 0.725845 0.583356 0.751337 0.606084
0 0.835327 0.583356 0.905918 0.606084
0 0.914088 0.583356 0.939579 0.606084
0 0.317659 0.628812 0.411781 0.651540
0 0.419951 0.628812 0.445442 0.651540
0 0.470607 0.628812 0.564728 0.651540
0 0.572898 0.628812 0.598389 0.651540
0 0.623554 0.628812 0.717675 0.651540
0 0.725845 0.628812 0.751337 0.651540
0 0.835327 0.628812 0.905918 0.651540
0 0.914088 0.628812 0.939579 0.651540
0 0.317659 0.712151 0.411781 0.734879
0 0.419951 0.712151 0.445442 0.734879
0 0.470607 0.712151 0.564728 0.734879
0 0.572898 0.712151 0.598389 0.734879
0 0.623554 0.712151 0.717675 0.734879
0 0.725845 0.712151 0.751337 0.734879
0 0.835327 0.712151 0.905918 0.734879
0 0.914088 0.712151 0.939579 0.734879
0 0.317659 0.757608 0.447076 0.780336
0 0.470607 0.757608 0.600024 0.780336
0 0.623554 0.757608 0.752971 0.780336
0 0.317659 0.803064 0.411781 0.825792
0 0.419951 0.803064 0.445442 0.825792
0 0.470607 0.803064 0.564728 0.825792
0 0.572898 0.803064 0.598389 0.825792
0 0.623554 0.803064 0.717675 0.825792
0 0.725845 0.803064 0.751337 0.825792
0 0.835327 0.803064 0.905918 0.825792
0 0.914088 0.803064 0.939579 0.825792
0 0.317659 0.833366 0.411781 0.856094
0 0.419951 0.833366 0.445442 0.856094
0 0.470607 0.833366 0.564728 0.856094
0 0.572898 0.833366 0.598389 0.856094
0 0.623554 0.833366 0.717675 0.856094
0 0.725845 0.833366 0.751337 0.856094
0 0.835327 0.833366 0.905918 0.856094
0 0.914088 0.833366 0.939579 0.856094
0 0.317659 0.863671 0.411781 0.886399
0 0.419951 0.863671 0.445442 0.886399
0 0.470607 0.863671 0.564728 0.886399
0 0.572898 0.863671 0.598389 0.886399
0 0.623554 0.863671 0.717675 0.886399
0 0.725845 0.863671 0.751337 0.886399
0 0.835327 0.863671 0.905918 0.886399
0 0.914088 0.863671 0.939579 0.886399
0 0.317659 0.893977 0.411781 0.916705
0 0.419951 0.893977 0.445442 0.916705
0 0.470607 0.893977 0.564728 0.916705
0 0.572898 0.893977 0.598389 0.916705
0 0.623554 0.893977 0.717675 0.916705
0 0.725845 0.893977 0.751337 0.916705
0 0.835327 0.893977 0.905918 0.916705
0 0.914088 0.893977 0.939579 0.916705
0 0.835327 0.924279 0.905918 0.947007
0 0.914088 0.924279 0.937945 0.947007
