0 0.068814 0.039217 0.100000 0.058824
0 0.112548 0.039217 0.145455 0.058824
0 0.236364 0.117647 0.292201 0.147059
0 0.315340 0.117647 0.532655 0.147059
0 0.192172 0.156864 0.545455 0.186276
0 0.176768 0.197709 0.189394 0.214049
0 0.304040 0.197709 0.316667 0.214049
0 0.376768 0.197709 0.389394 0.214049
0 0.831564 0.156864 0.832827 0.186276
0 0.718686 0.207515 0.731312 0.223855
0 0.794949 0.207515 0.807576 0.223855
0 0.063636 0.303918 0.172727 0.323525
0 0.173990 0.303918 0.254545 0.323525
0 0.254545 0.303918 0.353598 0.323525
0 0.354545 0.303918 0.418182 0.323525
0 0.427273 0.303918 0.453598 0.323525
0 0.454545 0.303918 0.518182 0.323525
0 0.527273 0.303918 0.553599 0.323525
0 0.554545 0.303918 0.618182 0.323525
0 0.627273 0.303918 0.653599 0.323525
0 0.654545 0.303918 0.718182 0.323525
0 0.727273 0.303918 0.753598 0.323525
0 0.754545 0.303918 0.818182 0.323525
0 0.827273 0.303918 0.853598 0.323525
0 0.854545 0.303918 0.918182 0.323525
0 0.927273 0.303918 0.954545 0.323525
0 0.063636 0.323525 0.172727 0.343131
0 0.173990 0.323525 0.254545 0.343131
0 0.254545 0.323525 0.353598 0.343131
0 0.354545 0.323525 0.418182 0.343131
0 0.427273 0.323525 0.453598 0.343131
0 0.454545 0.323525 0.518182 0.343131
0 0.527273 0.323525 0.553599 0.343131
0 0.554545 0.323525 0.618182 0.343131
0 0.627273 0.323525 0.653599 0.343131
0 0.654545 0.323525 0.718182 0.343131
0 0.727273 0.323525 0.753598 0.343131
0 0.754545 0.323525 0.818182 0.343131
0 0.827273 0.323525 0.853598 0.343131
0 0.854545 0.323525 0.918182 0.343131
0 0.927273 0.323525 0.954545 0.343131
0 0.063636 0.343131 0.172727 0.362737
0 0.173990 0.343131 0.254545 0.362737
0 0.254545 0.343131 0.353598 0.362737
0 0.354545 0.343131 0.418182 0.362737
0 0.427273 0.343131 0.453598 0.362737
0 0.454545 0.343131 0.518182 0.362737
0 0.527273 0.343131 0.553599 0.362737
0 0.554545 0.343131 0.618182 0.362737
0 0.627273 0.343131 0.653599 0.362737
0 0.654545 0.343131 0.718182 0.362737
0 0.727273 0.343131 0.753598 0.362737
0 0.754545 0.343131 0.818182 0.362737
0 0.827273 0.343131 0.853598 0.362737
0 0.854545 0.343131 0.918182 0.362737
0 0.927273 0.343131 0.954545 0.362737
0 0.063636 0.362737 0.172727 0.382343
0 0.173990 0.362737 0.254545 0.382343
0 0.254545 0.362737 0.353598 0.382343
0 0.354545 0.362737 0.418182 0.382343
0 0.427273 0.362737 0.453598 0.382343
0 0.454545 0.362737 0.518182 0.382343
0 0.527273 0.362737 0.553599 0.382343
0 0.554545 0.362737 0.618182 0.382343
0 0.627273 0.362737 0.653599 0.382343
0 0.654545 0.362737 0.718182 0.382343
0 0.727273 0.362737 0.753598 0.382343
0 0.754545 0.362737 0.818182 0.382343
0 0.827273 0.362737 0.853598 0.382343
0 0.854545 0.362737 0.918182 0.382343
0 0.927273 0.362737 0.954545 0.382343
0 0.063636 0.382343 0.172727 0.401949
0 0.173990 0.382343 0.254545 0.401949
0 0.254545 0.382343 0.353598 0.401949
0 0.354545 0.382343 0.418182 0.401949
0 0.427273 0.382343 0.453598 0.401949
0 0.454545 0.382343 0.518182 0.401949
0 0.527273 0.382343 0.553599 0.401949
0 0.554545 0.382343 0.618182 0.401949
0 0.627273 0.382343 0.653599 0.401949
0 0.654545 0.382343 0.718182 0.401949
0 0.727273 0.382343 0.753598 0.401949
0 0.754545 0.382343 0.818182 0.401949
0 0.827273 0.382343 0.853598 0.401949
0 0.854545 0.382343 0.918182 0.401949
0 0.927273 0.382343 0.954545 0.401949
0 0.063636 0.401949 0.172727 0.421556
0 0.173990 0.401949 0.254545 0.421556
0 0.254545 0.401949 0.353598 0.421556
0 0.354545 0.401949 0.418182 0.421556
0 0.427273 0.401949 0.453598 0.421556
0 0.454545 0.401949 0.518182 0.421556
0 0.527273 0.401949 0.553599 0.421556
0 0.554545 0.401949 0.618182 0.421556
0 0.627273 0.401949 0.653599 0.421556
0 0.654545 0.401949 0.718182 0.421556
0 0.727273 0.401949 0.753598 0.421556
0 0.754545 0.401949 0.818182 0.421556
0 0.827273 0.401949 0.853598 0.421556
0 0.854545 0.401949 0.918182 0.421556
0 0.927273 0.401949 0.954545 0.421556
0 0.063636 0.421556 0.172727 0.441162
0 0.173990 0.421556 0.254545 0.441162
0 0.254545 0.421556 0.353598 0.441162
0 0.354545 0.421556 0.418182 0.441162
0 0.427273 0.421556 0.453598 0.441162
0 0.454545 0.421556 0.518182 0.441162
0 0.527273 0.421556 0.553599 0.441162
0 0.554545 0.421556 0.618182 0.441162
0 0.627273 0.421556 0.653599 0.441162
0 0.654545 0.421556 0.718182 0.441162
0 0.727273 0.421556 0.753598 0.441162
0 0.754545 0.421556 0.818182 0.441162
0 0.827273 0.421556 0.853598 0.441162
0 0.854545 0.421556 0.918182 0.441162
0 0.927273 0.421556 0.954545 0.441162
0 0.063636 0.441162 0.172727 0.460768
0 0.173990 0.441162 0.254545 0.460768
0 0.254545 0.441162 0.353598 0.460768
0 0.354545 0.441162 0.418182 0.460768
0 0.427273 0.441162 0.453598 0.460768
0 0.454545 0.441162 0.518182 0.460768
0 0.527273 0.441162 0.553599 0.460768
0 0.554545 0.441162 0.618182 0.460768
0 0.627273 0.441162 0.653599 0.460768
0 0.654545 0.441162 0.718182 0.460768
0 0.727273 0.441162 0.753598 0.460768
0 0.754545 0.441162 0.818182 0.460768
0 0.827273 0.441162 0.853598 0.460768
0 0.854545 0.441162 0.918182 0.460768
0 0.927273 0.441162 0.954545 0.460768
0 0.254545 0.490194 0.353598 0.509801
0 0.354545 0.490194 0.418182 0.509801
0 0.427273 0.490194 0.453598 0.509801
0 0.454545 0.490194 0.518182 0.509801
0 0.527273 0.490194 0.553599 0.509801
0 0.554545 0.490194 0.618182 0.509801
0 0.627273 0.490194 0.653599 0.509801
0 0.654545 0.490194 0.718182 0.509801
0 0.727273 0.490194 0.753598 0.509801
0 0.754545 0.490194 0.818182 0.509801
0 0.827273 0.490194 0.853598 0.509801
0 0.854545 0.490194 0.918182 0.509801
0 0.927273 0.490194 0.954545 0.509801
0 0.063636 0.549018 0.145455 0.568624
0 0.154545 0.549018 0.180871 0.568624
0 0.181818 0.549018 0.263636 0.568624
0 0.272727 0.549018 0.299053 0.568624
0 0.300000 0.549018 0.372727 0.568624
0 0.381818 0.549018 0.408144 0.568624
0 0.409091 0.549018 0.481818 0.568624
0 0.490909 0.549018 0.517235 0.568624
0 0.518182 0.549018 0.590909 0.568624
0 0.600000 0.549018 0.626326 0.568624
0 0.627273 0.549018 0.700000 0.568624
0 0.709091 0.549018 0.735417 0.568624
0 0.736364 0.549018 0.809091 0.568624
0 0.818182 0.549018 0.844508 0.568624
0 0.845455 0.549018 0.918182 0.568624
0 0.927273 0.549018 0.954545 0.568624
0 0.063636 0.568624 0.145455 0.588230
0 0.154545 0.568624 0.180871 0.588230
0 0.181818 0.568624 0.263636 0.588230
0 0.272727 0.568624 0.299053 0.588230
0 0.300000 0.568624 0.372727 0.588230
0 0.381818 0.568624 0.408144 0.588230
0 0.409091 0.568624 0.481818 0.588230
0 0.490909 0.568624 0.517235 0.588230
0 0.518182 0.568624 0.590909 0.588230
0 0.600000 0.568624 0.626326 0.588230
0 0.627273 0.568624 0.700000 0.588230
0 0.709091 0.568624 0.735417 0.588230
0 0.736364 0.568624 0.809091 0.588230
0 0.818182 0.568624 0.844508 0.588230
0 0.845455 0.568624 0.918182 0.588230
0 0.927273 0.568624 0.954545 0.588230
0 0.063636 0.588230 0.145455 0.607837
0 0.154545 0.588230 0.180871 0.607837
0 0.181818 0.588230 0.263636 0.607837
0 0.272727 0.588230 0.299053 0.607837
0 0.300000 0.588230 0.372727 0.607837
0 0.381818 0.588230 0.408144 0.607837
0 0.409091 0.588230 0.481818 0.607837
0 0.490909 0.588230 0.517235 0.607837
0 0.518182 0.588230 0.590909 0.607837
0 0.600000 0.588230 0.626326 0.607837
0 0.627273 0.588230 0.700000 0.607837
0 0.709091 0.588230 0.735417 0.607837
0 0.736364 0.588230 0.809091 0.607837
0 0.818182 0.588230 0.844508 0.607837
0 0.845455 0.588230 0.918182 0.607837
0 0.927273 0.588230 0.954545 0.607837
0 0.063636 0.607837 0.145455 0.627443
0 0.154545 0.607837 0.180871 0.627443
0 0.181818 0.607837 0.263636 0.627443
0 0.272727 0.607837 0.299053 0.627443
0 0.300000 0.607837 0.372727 0.627443
0 0.381818 0.607837 0.408144 0.627443
0 0.409091 0.607837 0.481818 0.627443
0 0.490909 0.607837 0.517235 0.627443
0 0.518182 0.607837 0.590909 0.627443
0 0.600000 0.607837 0.626326 0.627443
0 0.627273 0.607837 0.700000 0.627443
0 0.709091 0.607837 0.735417 0.627443
0 0.736364 0.607837 0.809091 0.627443
0 0.818182 0.607837 0.844508 0.627443
0 0.845455 0.607837 0.918182 0.627443
0 0.927273 0.607837 0.954545 0.627443
0 0.063636 0.627443 0.145455 0.647049
0 0.154545 0.627443 0.180871 0.647049
0 0.181818 0.627443 0.263636 0.647049
0 0.272727 0.627443 0.299053 0.647049
0 0.300000 0.627443 0.372727 0.647049
0 0.381818 0.627443 0.408144 0.647049
0 0.409091 0.627443 0.481818 0.647049
0 0.490909 0.627443 0.517235 0.647049
0 0.518182 0.627443 0.590909 0.647049
0 0.600000 0.627443 0.626326 0.647049
0 0.627273 0.627443 0.700000 0.647049
0 0.709091 0.627443 0.735417 0.647049
0 0.736364 0.627443 0.809091 0.647049
0 0.818182 0.627443 0.844508 0.647049
0 0.845455 0.627443 0.918182 0.647049
0 0.927273 0.627443 0.954545 0.647049
0 0.063636 0.647049 0.145455 0.666655
0 0.154545 0.647049 0.180871 0.666655
0 0.181818 0.647049 0.263636 0.666655
0 0.272727 0.647049 0.299053 0.666655
0 0.300000 0.647049 0.372727 0.666655
0 0.381818 0.647049 0.408144 0.666655
0 0.409091 0.647049 0.481818 0.666655
0 0.490909 0.647049 0.517235 0.666655
0 0.518182 0.647049 0.590909 0.666655
0 0.600000 0.647049 0.626326 0.666655
0 0.627273 0.647049 0.700000 0.666655
0 0.709091 0.647049 0.735417 0.666655
0 0.736364 0.647049 0.809091 0.666655
0 0.818182 0.647049 0.844508 0.666655
0 0.845455 0.647049 0.918182 0.666655
0 0.927273 0.647049 0.954545 0.666655
0 0.063636 0.666655 0.145455 0.686261
0 0.154545 0.666655 0.180871 0.686261
0 0.181818 0.666655 0.263636 0.686261
0 0.272727 0.666655 0.299053 0.686261
0 0.300000 0.666655 0.372727 0.686261
0 0.381818 0.666655 0.408144 0.686261
0 0.409091 0.666655 0.481818 0.686261
0 0.490909 0.666655 0.517235 0.686261
0 0.518182 0.666655 0.590909 0.686261
0 0.600000 0.666655 0.626326 0.686261
0 0.627273 0.666655 0.700000 0.686261
0 0.709091 0.666655 0.735417 0.686261
0 0.736364 0.666655 0.809091 0.686261
0 0.818182 0.666655 0.844508 0.686261
0 0.845455 0.666655 0.918182 0.686261
0 0.927273 0.666655 0.954545 0.686261
0 0.063636 0.686261 0.145455 0.705868
0 0.154545 0.686261 0.180871 0.705868
0 0.181818 0.686261 0.263636 0.705868
0 0.272727 0.686261 0.299053 0.705868
0 0.300000 0.686261 0.372727 0.705868
0 0.381818 0.686261 0.408144 0.705868
0 0.409091 0.686261 0.481818 0.705868
0 0.490909 0.686261 0.517235 0.705868
0 0.518182 0.686261 0.590909 0.705868
0 0.600000 0.686261 0.626326 0.705868
0 0.627273 0.686261 0.700000 0.705868
0 0.709091 0.686261 0.735417 0.705868
0 0.736364 0.686261 0.809091 0.705868
0 0.818182 0.686261 0.844508 0.705868
0 0.845455 0.686261 0.918182 0.705868
0 0.927273 0.686261 0.954545 0.705868
0 0.063636 0.705868 0.145455 0.725474
0 0.154545 0.705868 0.180871 0.725474
0 0.181818 0.705868 0.263636 0.725474
0 0.272727 0.705868 0.299053 0.725474
0 0.300000 0.705868 0.372727 0.725474
0 0.381818 0.705868 0.408144 0.725474
0 0.409091 0.705868 0.481818 0.725474
0 0.490909 0.705868 0.517235 0.725474
0 0.518182 0.705868 0.590909 0.725474
0 0.600000 0.705868 0.626326 0.725474
0 0.627273 0.705868 0.700000 0.725474
0 0.709091 0.705868 0.735417 0.725474
0 0.736364 0.705868 0.809091 0.725474
0 0.818182 0.705868 0.844508 0.725474
0 0.845455 0.705868 0.918182 0.725474
0 0.927273 0.705868 0.954545 0.725474
0 0.063636 0.764706 0.145455 0.784312
0 0.154545 0.764706 0.180871 0.784312
0 0.181818 0.764706 0.263636 0.784312
0 0.272727 0.764706 0.299053 0.784312
0 0.300000 0.764706 0.372727 0.784312
0 0.381818 0.764706 0.408144 0.784312
0 0.409091 0.764706 0.481818 0.784312
0 0.490909 0.764706 0.517235 0.784312
0 0.518182 0.764706 0.590909 0.784312
0 0.600000 0.764706 0.626326 0.784312
0 0.627273 0.764706 0.700000 0.784312
0 0.709091 0.764706 0.735417 0.784312
0 0.736364 0.764706 0.809091 0.784312
0 0.818182 0.764706 0.844508 0.784312
0 0.845455 0.764706 0.918182 0.784312
0 0.927273 0.764706 0.954545 0.784312
0 0.063636 0.784312 0.145455 0.803918
0 0.154545 0.784312 0.180871 0.803918
0 0.181818 0.784312 0.263636 0.803918
0 0.272727 0.784312 0.299053 0.803918
0 0.300000 0.784312 0.372727 0.803918
0 0.381818 0.784312 0.408144 0.803918
0 0.409091 0.784312 0.481818 0.803918
0 0.490909 0.784312 0.517235 0.803918
0 0.518182 0.784312 0.590909 0.803918
0 0.600000 0.784312 0.626326 0.803918
0 0.627273 0.784312 0.700000 0.803918
0 0.709091 0.784312 0.735417 0.803918
0 0.736364 0.784312 0.809091 0.803918
0 0.818182 0.784312 0.844508 0.803918
0 0.845455 0.784312 0.918182 0.803918
0 0.927273 0.784312 0.954545 0.803918
0 0.063636 0.803918 0.145455 0.823525
0 0.154545 0.803918 0.180871 0.823525
0 0.181818 0.803918 0.263636 0.823525
0 0.272727 0.803918 0.299053 0.823525
0 0.300000 0.803918 0.372727 0.823525
0 0.381818 0.803918 0.408144 0.823525
0 0.409091 0.803918 0.481818 0.823525
0 0.490909 0.803918 0.517235 0.823525
0 0.518182 0.803918 0.590909 0.823525
0 0.600000 0.803918 0.626326 0.823525
0 0.627273 0.803918 0.700000 0.823525
0 0.709091 0.803918 0.735417 0.823525
0 0.736364 0.803918 0.809091 0.823525
0 0.818182 0.803918 0.844508 0.823525
0 0.845455 0.803918 0.918182 0.823525
0 0.927273 0.803918 0.954545 0.823525
0 0.063636 0.823525 0.145455 0.843131
0 0.154545 0.823525 0.180871 0.843131
0 0.181818 0.823525 0.263636 0.843131
0 0.272727 0.823525 0.299053 0.843131
0 0.300000 0.823525 0.372727 0.843131
0 0.381818 0.823525 0.408144 0.843131
0 0.409091 0.823525 0.481818 0.843131
0 0.490909 0.823525 0.517235 0.843131
0 0.518182 0.823525 0.590909 0.843131
0 0.600000 0.823525 0.626326 0.843131
0 0.627273 0.823525 0.700000 0.843131
0 0.709091 0.823525 0.735417 0.843131
0 0.736364 0.823525 0.809091 0.843131
0 0.818182 0.823525 0.844508 0.843131
0 0.845455 0.823525 0.918182 0.843131
0 0.927273 0.823525 0.954545 0.843131
0 0.063636 0.843131 0.145455 0.862737
0 0.154545 0.843131 0.180871 0.862737
0 0.181818 0.843131 0.263636 0.862737
0 0.272727 0.843131 0.299053 0.862737
0 0.300000 0.843131 0.372727 0.862737
0 0.381818 0.843131 0.408144 0.862737
0 0.409091 0.843131 0.481818 0.862737
0 0.490909 0.843131 0.517235 0.862737
0 0.518182 0.843131 0.590909 0.862737
0 0.600000 0.843131 0.626326 0.862737
0 0.627273 0.843131 0.700000 0.862737
0 0.709091 0.843131 0.735417 0.862737
0 0.736364 0.843131 0.809091 0.862737
0 0.818182 0.843131 0.844508 0.862737
0 0.845455 0.843131 0.918182 0.862737
0 0.927273 0.843131 0.954545 0.862737
0 0.063636 0.862737 0.145455 0.882343
0 0.154545 0.862737 0.180871 0.882343
0 0.181818 0.862737 0.263636 0.882343
0 0.272727 0.862737 0.299053 0.882343
0 0.300000 0.862737 0.372727 0.882343
0 0.381818 0.862737 0.408144 0.882343
0 0.409091 0.862737 0.481818 0.882343
0 0.490909 0.862737 0.517235 0.882343
0 0.518182 0.862737 0.590909 0.882343
0 0.600000 0.862737 0.626326 0.882343
0 0.627273 0.862737 0.700000 0.882343
0 0.709091 0.862737 0.735417 0.882343
0 0.736364 0.862737 0.809091 0.882343
0 0.818182 0.862737 0.844508 0.882343
0 0.845455 0.862737 0.918182 0.882343
0 0.927273 0.862737 0.954545 0.882343
0 0.063636 0.882343 0.145455 0.901949
0 0.154545 0.882343 0.180871 0.901949
0 0.181818 0.882343 0.263636 0.901949
0 0.272727 0.882343 0.299053 0.901949
0 0.300000 0.882343 0.372727 0.901949
0 0.381818 0.882343 0.408144 0.901949
0 0.409091 0.882343 0.481818 0.901949
0 0.490909 0.882343 0.517235 0.901949
0 0.518182 0.882343 0.590909 0.901949
0 0.600000 0.882343 0.626326 0.901949
0 0.627273 0.882343 0.700000 0.901949
0 0.709091 0.882343 0.735417 0.901949
0 0.736364 0.882343 0.809091 0.901949
0 0.818182 0.882343 0.844508 0.901949
0 0.845455 0.882343 0.918182 0.901949
0 0.927273 0.882343 0.954545 0.901949
0 0.063636 0.901949 0.145455 0.921556
0 0.154545 0.901949 0.180871 0.921556
0 0.181818 0.901949 0.263636 0.921556
0 0.272727 0.901949 0.299053 0.921556
0 0.300000 0.901949 0.372727 0.921556
0 0.381818 0.901949 0.408144 0.921556
0 0.409091 0.901949 0.481818 0.921556
0 0.490909 0.901949 0.517235 0.921556
0 0.518182 0.901949 0.590909 0.921556
0 0.600000 0.901949 0.626326 0.921556
0 0.627273 0.901949 0.700000 0.921556
0 0.709091 0.901949 0.735417 0.921556
0 0.736364 0.901949 0.809091 0.921556
0 0.818182 0.901949 0.844508 0.921556
0 0.845455 0.901949 0.918182 0.921556
0 0.927273 0.901949 0.954545 0.921556
0 0.063636 0.921556 0.145455 0.941162
0 0.154545 0.921556 0.180871 0.941162
0 0.181818 0.921556 0.263636 0.941162
0 0.272727 0.921556 0.299053 0.941162
0 0.300000 0.921556 0.372727 0.941162
0 0.381818 0.921556 0.408144 0.941162
0 0.409091 0.921556 0.481818 0.941162
0 0.490909 0.921556 0.517235 0.941162
0 0.518182 0.921556 0.590909 0.941162
0 0.600000 0.921556 0.626326 0.941162
0 0.627273 0.921556 0.700000 0.941162
0 0.709091 0.921556 0.735417 0.941162
0 0.736364 0.921556 0.809091 0.941162
0 0.818182 0.921556 0.844508 0.941162
0 0.845455 0.921556 0.918182 0.941162
0 0.927273 0.921556 0.954545 0.941162
