0 0.827142 0.075758 0.917647 0.090908
0 0.058824 0.118684 0.647059 0.136362
0 0.647059 0.118684 0.941176 0.136362
0 0.082353 0.212120 0.210539 0.227270
0 0.082353 0.227270 0.210539 0.242421
0 0.082353 0.242421 0.210539 0.257571
0 0.082353 0.257574 0.210539 0.272725
0 0.082353 0.272725 0.210539 0.287875
0 0.082353 0.287875 0.210539 0.303025
0 0.082353 0.303028 0.210539 0.318179
0 0.082353 0.318179 0.210539 0.333329
0 0.082353 0.333329 0.210539 0.348479
0 0.082353 0.348483 0.210539 0.363633
0 0.082353 0.363633 0.210539 0.378783
0 0.082353 0.378783 0.210539 0.393933
0 0.082353 0.393937 0.210539 0.409087
0 0.082353 0.409087 0.210539 0.424237
0 0.082353 0.424237 0.210539 0.439387
0 0.235294 0.212120 0.351716 0.227270
0 0.235294 0.227270 0.351716 0.242421
0 0.235294 0.242421 0.351716 0.257571
0 0.235294 0.257574 0.351716 0.272725
0 0.235294 0.272725 0.351716 0.287875
0 0.235294 0.287875 0.351716 0.303025
0 0.235294 0.303028 0.351716 0.318179
0 0.235294 0.318179 0.351716 0.333329
0 0.235294 0.333329 0.351716 0.348479
0 0.235294 0.348483 0.351716 0.363633
0 0.235294 0.363633 0.351716 0.378783
0 0.235294 0.378783 0.351716 0.393933
0 0.235294 0.393937 0.351716 0.409087
0 0.235294 0.409087 0.351716 0.424237
0 0.235294 0.424237 0.351716 0.439387
0 0.235294 0.439391 0.351716 0.454541
0 0.235294 0.469691 0.351716 0.484841
0 0.376471 0.212120 0.492892 0.227270
0 0.376471 0.227270 0.492892 0.242421
0 0.376471 0.242421 0.492892 0.257571
0 0.376471 0.257574 0.492892 0.272725
0 0.376471 0.272725 0.492892 0.287875
0 0.376471 0.287875 0.492892 0.303025
0 0.376471 0.303028 0.492892 0.318179
0 0.376471 0.318179 0.492892 0.333329
0 0.376471 0.333329 0.492892 0.348479
0 0.376471 0.348483 0.492892 0.363633
0 0.376471 0.363633 0.492892 0.378783
0 0.376471 0.378783 0.492892 0.393933
0 0.376471 0.393937 0.492892 0.409087
0 0.376471 0.409087 0.492892 0.424237
0 0.376471 0.424237 0.492892 0.439387
0 0.517647 0.212120 0.634069 0.227270
0 0.517647 0.227270 0.634069 0.242421
0 0.517647 0.242421 0.634069 0.257571
0 0.517647 0.257574 0.634069 0.272725
0 0.517647 0.272725 0.634069 0.287875
0 0.517647 0.287875 0.634069 0.303025
0 0.517647 0.303028 0.634069 0.318179
0 0.517647 0.318179 0.634069 0.333329
0 0.517647 0.333329 0.634069 0.348479
0 0.517647 0.348483 0.634069 0.363633
0 0.517647 0.363633 0.634069 0.378783
0 0.517647 0.378783 0.634069 0.393933
0 0.517647 0.393937 0.634069 0.409087
0 0.517647 0.409087 0.634069 0.424237
0 0.517647 0.469691 0.634069 0.484841
0 0.658824 0.212120 0.775245 0.227270
0 0.658824 0.227270 0.775245 0.242421
0 0.658824 0.242421 0.775245 0.257571
0 0.658824 0.257574 0.775245 0.272725
0 0.658824 0.272725 0.775245 0.287875
0 0.658824 0.287875 0.775245 0.303025
0 0.658824 0.303028 0.775245 0.318179
0 0.658824 0.318179 0.775245 0.333329
0 0.658824 0.333329 0.775245 0.348479
0 0.658824 0.348483 0.775245 0.363633
0 0.658824 0.363633 0.775245 0.378783
0 0.658824 0.378783 0.775245 0.393933
0 0.658824 0.393937 0.775245 0.409087
0 0.658824 0.409087 0.775245 0.424237
0 0.658824 0.424237 0.775245 0.439387
0 0.800000 0.212120 0.941176 0.227270
0 0.800000 0.227270 0.941176 0.242421
0 0.800000 0.242421 0.941176 0.257571
0 0.800000 0.257574 0.941176 0.272725
0 0.800000 0.272725 0.941176 0.287875
0 0.800000 0.287875 0.941176 0.303025
0 0.800000 0.303028 0.941176 0.318179
0 0.800000 0.318179 0.941176 0.333329
0 0.800000 0.333329 0.941176 0.348479
0 0.800000 0.348483 0.941176 0.363633
0 0.800000 0.363633 0.941176 0.378783
0 0.800000 0.378783 0.941176 0.393933
0 0.800000 0.393937 0.941176 0.409087
0 0.800000 0.409087 0.941176 0.424237
0 0.800000 0.424237 0.941176 0.439387
0 0.800000 0.439391 0.941176 0.454541
0 0.800000 0.469691 0.941176 0.484841
0 0.082353 0.499995 0.210539 0.515145
0 0.082353 0.515145 0.210539 0.530295
0 0.082353 0.530299 0.210539 0.545449
0 0.082353 0.545449 0.210539 0.560599
0 0.082353 0.560599 0.210539 0.575749
0 0.082353 0.575753 0.210539 0.590903
0 0.082353 0.590903 0.210539 0.606053
0 0.082353 0.606053 0.210539 0.621203
0 0.082353 0.621207 0.210539 0.636357
0 0.082353 0.636357 0.210539 0.651507
0 0.082353 0.651507 0.210539 0.666657
0 0.082353 0.666661 0.210539 0.681811
0 0.082353 0.681811 0.210539 0.696961
0 0.082353 0.696961 0.210539 0.712111
0 0.082353 0.712115 0.210539 0.727265
0 0.235294 0.499995 0.351716 0.515145
0 0.235294 0.515145 0.351716 0.530295
0 0.235294 0.530299 0.351716 0.545449
0 0.235294 0.545449 0.351716 0.560599
0 0.235294 0.560599 0.351716 0.575749
0 0.235294 0.575753 0.351716 0.590903
0 0.235294 0.590903 0.351716 0.606053
0 0.235294 0.606053 0.351716 0.621203
0 0.235294 0.621207 0.351716 0.636357
0 0.235294 0.636357 0.351716 0.651507
0 0.235294 0.651507 0.351716 0.666657
0 0.235294 0.666661 0.351716 0.681811
0 0.235294 0.681811 0.351716 0.696961
0 0.235294 0.696961 0.351716 0.712111
0 0.235294 0.712115 0.351716 0.727265
0 0.235294 0.757569 0.351716 0.772719
0 0.376471 0.499995 0.492892 0.515145
0 0.376471 0.515145 0.492892 0.530295
0 0.376471 0.530299 0.492892 0.545449
0 0.376471 0.545449 0.492892 0.560599
0 0.376471 0.560599 0.492892 0.575749
0 0.376471 0.575753 0.492892 0.590903
0 0.376471 0.590903 0.492892 0.606053
0 0.376471 0.606053 0.492892 0.621203
0 0.376471 0.621207 0.492892 0.636357
0 0.376471 0.636357 0.492892 0.651507
0 0.376471 0.651507 0.492892 0.666657
0 0.376471 0.666661 0.492892 0.681811
0 0.376471 0.681811 0.492892 0.696961
0 0.376471 0.696961 0.492892 0.712111
0 0.376471 0.712115 0.492892 0.727265
0 0.517647 0.499995 0.634069 0.515145
0 0.517647 0.515145 0.634069 0.530295
0 0.517647 0.530299 0.634069 0.545449
0 0.517647 0.545449 0.634069 0.560599
0 0.517647 0.560599 0.634069 0.575749
0 0.517647 0.575753 0.634069 0.590903
0 0.517647 0.590903 0.634069 0.606053
0 0.517647 0.606053 0.634069 0.621203
0 0.517647 0.621207 0.634069 0.636357
0 0.517647 0.636357 0.634069 0.651507
0 0.517647 0.651507 0.634069 0.666657
0 0.517647 0.666661 0.634069 0.681811
0 0.517647 0.681811 0.634069 0.696961
0 0.517647 0.696961 0.634069 0.712111
0 0.517647 0.712115 0.634069 0.727265
0 0.517647 0.727265 0.634069 0.742416
0 0.517647 0.757569 0.634069 0.772719
0 0.658824 0.499995 0.775245 0.515145
0 0.658824 0.515145 0.775245 0.530295
0 0.658824 0.530299 0.775245 0.545449
0 0.658824 0.545449 0.775245 0.560599
0 0.658824 0.560599 0.775245 0.575749
0 0.658824 0.575753 0.775245 0.590903
0 0.658824 0.590903 0.775245 0.606053
0 0.658824 0.606053 0.775245 0.621203
0 0.658824 0.621207 0.775245 0.636357
0 0.658824 0.636357 0.775245 0.651507
0 0.658824 0.651507 0.775245 0.666657
0 0.658824 0.666661 0.775245 0.681811
0 0.658824 0.681811 0.775245 0.696961
0 0.658824 0.696961 0.775245 0.712111
0 0.658824 0.712115 0.775245 0.727265
0 0.800000 0.499995 0.941176 0.515145
0 0.800000 0.515145 0.941176 0.530295
0 0.800000 0.530299 0.941176 0.545449
0 0.800000 0.545449 0.941176 0.560599
0 0.800000 0.560599 0.941176 0.575749
0 0.800000 0.575753 0.941176 0.590903
0 0.800000 0.590903 0.941176 0.606053
0 0.800000 0.606053 0.941176 0.621203
0 0.800000 0.621207 0.941176 0.636357
0 0.800000 0.636357 0.941176 0.651507
0 0.800000 0.651507 0.941176 0.666657
0 0.800000 0.666661 0.941176 0.681811
0 0.800000 0.681811 0.941176 0.696961
0 0.800000 0.696961 0.941176 0.712111
0 0.800000 0.712115 0.941176 0.727265
0 0.800000 0.757569 0.941176 0.772719
