0 0.058826 0.058081 0.492501 0.083335
0 0.529433 0.058081 0.564728 0.083335
0 0.574532 0.058081 0.655581 0.083335
0 0.764736 0.058083 0.941213 0.083335
0 0.317659 0.204554 0.400016 0.227282
0 0.404918 0.204554 0.434086 0.227282
0 0.458841 0.204554 0.541198 0.227282
0 0.546100 0.204554 0.575268 0.227282
0 0.600024 0.204554 0.682380 0.227282
0 0.687282 0.204554 0.716450 0.227282
0 0.317659 0.280316 0.400016 0.303044
0 0.404918 0.280316 0.434086 0.303044
0 0.458841 0.280316 0.541198 0.303044
0 0.546100 0.280316 0.575268 0.303044
0 0.600024 0.280316 0.682380 0.303044
0 0.687282 0.280316 0.716450 0.303044
0 0.317659 0.378802 0.400016 0.401530
0 0.404918 0.378802 0.434086 0.401530
0 0.458841 0.378802 0.541198 0.401530
0 0.546100 0.378802 0.575268 0.401530
0 0.600024 0.378802 0.682380 0.401530
0 0.687282 0.378802 0.716450 0.401530
0 0.317659 0.484869 0.400016 0.507598
0 0.404918 0.484869 0.434086 0.507598
0 0.458841 0.484869 0.541198 0.507598
0 0.546100 0.484869 0.575268 0.507598
0 0.600024 0.484869 0.682380 0.507598
0 0.687282 0.484869 0.716450 0.507598
0 0.317659 0.651540 0.400016 0.674268
0 0.404918 0.651540 0.434086 0.674268
0 0.458841 0.651540 0.541198 0.674268
0 0.546100 0.651540 0.575268 0.674268
0 0.600024 0.651540 0.682380 0.674268
0 0.687282 0.651540 0.716450 0.674268
