0 0.058922 0.060607 0.646507 0.075758
0 0.648143 0.060607 0.730634 0.075758
0 0.740455 0.060607 0.939480 0.075758
0 0.754203 0.113641 0.895616 0.132582
0 0.907401 0.113641 0.941117 0.132582
0 0.754203 0.143947 0.895616 0.162888
0 0.907401 0.143947 0.941117 0.162888
0 0.754203 0.166675 0.895616 0.185616
0 0.907401 0.166675 0.941117 0.185616
0 0.754203 0.189403 0.895616 0.208344
0 0.907401 0.189403 0.941117 0.208344
0 0.754203 0.227282 0.895616 0.246223
0 0.907401 0.227282 0.941117 0.246223
0 0.754203 0.257587 0.895616 0.276529
0 0.907401 0.257587 0.941117 0.276529
0 0.754203 0.287889 0.895616 0.306831
0 0.907401 0.287889 0.941117 0.306831
0 0.754203 0.325772 0.895616 0.344713
0 0.907401 0.325772 0.941117 0.344713
0 0.754203 0.356074 0.895616 0.375015
0 0.907401 0.356074 0.941117 0.375015
0 0.754203 0.393957 0.895616 0.412898
0 0.907401 0.393957 0.941117 0.412898
0 0.754203 0.424258 0.895616 0.443200
0 0.907401 0.424258 0.941117 0.443200
0 0.754203 0.454564 0.895616 0.473505
0 0.907401 0.454564 0.941117 0.473505
0 0.106060 0.549896 0.122427 0.562523
0 0.284463 0.553054 0.683497 0.575782
0 0.707065 0.553054 0.942754 0.575782
0 0.765988 0.583356 0.941363 0.602297
0 0.106060 0.606714 0.122427 0.619341
0 0.659928 0.689423 0.942754 0.712151
0 0.659928 0.719725 0.942754 0.742453
0 0.707065 0.750030 0.942754 0.772758
0 0.922786 0.782860 0.939153 0.795487
0 0.247473 0.803064 0.648143 0.825792
0 0.742419 0.803064 0.942754 0.825792
0 0.247473 0.863671 0.648143 0.886399
0 0.742419 0.863671 0.942754 0.886399
0 0.247473 0.893977 0.648143 0.916705
0 0.742419 0.893977 0.942754 0.916705
0 0.247473 0.924279 0.518515 0.947007
0 0.589221 0.924279 0.648143 0.947007
0 0.742419 0.924279 0.942754 0.947007
