0 0.058826 0.058081 0.492501 0.083335
0 0.529433 0.058081 0.564728 0.083335
0 0.574532 0.058081 0.655581 0.083335
0 0.764736 0.058083 0.941213 0.083335
0 0.317659 0.204554 0.400016 0.227282
0 0.404918 0.204554 0.434086 0.227282
0 0.458841 0.204554 0.541198 0.227282
0 0.546100 0.204554 0.575268 0.227282
0 0.600024 0.204554 0.682380 0.227282
0 0.687282 0.204554 0.716450 0.227282
0 0.317659 0.242433 0.400016 0.265161
0 0.404918 0.242433 0.434086 0.265161
0 0.458841 0.242433 0.541198 0.265161
0 0.546100 0.242433 0.575268 0.265161
0 0.600024 0.242433 0.682380 0.265161
0 0.687282 0.242433 0.716450 0.265161
0 0.847092 0.242433 0.905918 0.265161
0 0.910820 0.242433 0.939988 0.265161
0 0.317659 0.295466 0.400016 0.318195
0 0.404918 0.295466 0.434086 0.318195
0 0.458841 0.295466 0.541198 0.318195
0 0.546100 0.295466 0.575268 0.318195
0 0.600024 0.295466 0.682380 0.318195
0 0.687282 0.295466 0.716450 0.318195
0 0.847092 0.295466 0.905918 0.318195
0 0.910820 0.295466 0.939988 0.318195
0 0.317659 0.340923 0.400016 0.363651
0 0.404918 0.340923 0.434086 0.363651
0 0.458841 0.340923 0.541198 0.363651
0 0.546100 0.340923 0.575268 0.363651
0 0.600024 0.340923 0.682380 0.363651
0 0.687282 0.340923 0.716450 0.363651
0 0.847092 0.340923 0.905918 0.363651
0 0.910820 0.340923 0.939988 0.363651
0 0.317659 0.393957 0.400016 0.416685
0 0.404918 0.393957 0.434086 0.416685
0 0.458841 0.393957 0.541198 0.416685
0 0.546100 0.393957 0.575268 0.416685
0 0.600024 0.393957 0.682380 0.416685
0 0.687282 0.393957 0.716450 0.416685
0 0.847092 0.393957 0.905918 0.416685
0 0.910820 0.393957 0.939988 0.416685
0 0.317659 0.439413 0.400016 0.462141
0 0.404918 0.439413 0.434086 0.462141
0 0.458841 0.439413 0.541198 0.462141
0 0.546100 0.439413 0.575268 0.462141
0 0.600024 0.439413 0.682380 0.462141
0 0.687282 0.439413 0.716450 0.462141
0 0.847092 0.439413 0.905918 0.462141
0 0.910820 0.439413 0.939988 0.462141
0 0.317659 0.477292 0.400016 0.500020
0 0.404918 0.477292 0.434086 0.500020
0 0.458841 0.477292 0.541198 0.500020
0 0.546100 0.477292 0.575268 0.500020
0 0.600024 0.477292 0.682380 0.500020
0 0.687282 0.477292 0.716450 0.500020
0 0.847092 0.477292 0.905918 0.500020
0 0.910820 0.477292 0.939988 0.500020
0 0.317659 0.530326 0.400016 0.553054
0 0.404918 0.530326 0.434086 0.553054
0 0.458841 0.530326 0.541198 0.553054
0 0.546100 0.530326 0.575268 0.553054
0 0.600024 0.530326 0.682380 0.553054
0 0.687282 0.530326 0.716450 0.553054
0 0.847092 0.530326 0.905918 0.553054
0 0.910820 0.530326 0.939988 0.553054
0 0.317659 0.598510 0.400016 0.621238
0 0.404918 0.598510 0.434086 0.621238
0 0.458841 0.598510 0.541198 0.621238
0 0.546100 0.598510 0.575268 0.621238
0 0.600024 0.598510 0.682380 0.621238
0 0.687282 0.598510 0.716450 0.621238
0 0.847092 0.598510 0.905918 0.621238
0 0.910820 0.598510 0.939988 0.621238
0 0.317659 0.628812 0.400016 0.651540
0 0.404918 0.628812 0.434086 0.651540
0 0.458841 0.628812 0.541198 0.651540
0 0.546100 0.628812 0.575268 0.651540
0 0.600024 0.628812 0.682380 0.651540
0 0.687282 0.628812 0.716450 0.651540
0 0.847092 0.628812 0.905918 0.651540
0 0.910820 0.628812 0.939988 0.651540
0 0.317659 0.704574 0.400016 0.727302
0 0.404918 0.704574 0.434086 0.727302
0 0.458841 0.704574 0.541198 0.727302
0 0.546100 0.704574 0.575268 0.727302
0 0.600024 0.704574 0.682380 0.727302
0 0.687282 0.704574 0.716450 0.727302
0 0.847092 0.704574 0.905918 0.727302
0 0.910820 0.704574 0.939988 0.727302
0 0.317659 0.795487 0.400016 0.818215
0 0.404918 0.795487 0.434086 0.818215
0 0.458841 0.795487 0.541198 0.818215
0 0.546100 0.795487 0.575268 0.818215
0 0.600024 0.795487 0.682380 0.818215
0 0.687282 0.795487 0.716450 0.818215
0 0.847092 0.795487 0.905918 0.818215
0 0.910820 0.795487 0.939988 0.818215
0 0.317659 0.848520 0.400016 0.871249
0 0.404918 0.848520 0.434086 0.871249
0 0.458841 0.848520 0.541198 0.871249
0 0.546100 0.848520 0.575268 0.871249
0 0.600024 0.848520 0.682380 0.871249
0 0.687282 0.848520 0.716450 0.871249
0 0.847092 0.848520 0.905918 0.871249
0 0.910820 0.848520 0.939988 0.871249
