0 0.058824 0.058078 0.514379 0.075755
0 0.647059 0.058078 0.682353 0.075755
0 0.692157 0.058078 0.773203 0.075755
0 0.729412 0.098486 0.894118 0.121213
0 0.905882 0.098486 0.939542 0.121213
0 0.529412 0.128787 0.670588 0.150251
0 0.729412 0.159091 0.894118 0.181818
0 0.905882 0.159091 0.939542 0.181818
0 0.729412 0.189395 0.894118 0.212122
0 0.905882 0.189395 0.939542 0.212122
0 0.729412 0.227273 0.894118 0.250000
0 0.905882 0.227273 0.939542 0.250000
0 0.729412 0.257577 0.894118 0.280304
0 0.905882 0.257577 0.939542 0.280304
0 0.729412 0.287878 0.894118 0.310605
0 0.905882 0.287878 0.939542 0.310605
0 0.729412 0.325759 0.894118 0.348486
0 0.905882 0.325759 0.939542 0.348486
0 0.729412 0.356059 0.894118 0.378787
0 0.905882 0.356059 0.939542 0.378787
0 0.729412 0.393941 0.894118 0.416668
0 0.905882 0.393941 0.939542 0.416668
0 0.729412 0.424241 0.894118 0.446968
0 0.905882 0.424241 0.939542 0.446968
0 0.729412 0.454545 0.894118 0.477273
0 0.905882 0.454545 0.939542 0.477273
0 0.729412 0.484850 0.894118 0.507577
0 0.905882 0.484850 0.939542 0.507577
0 0.729412 0.515150 0.894118 0.537878
0 0.905882 0.515150 0.939542 0.537878
0 0.729412 0.545455 0.894118 0.568182
0 0.905882 0.545455 0.939542 0.568182
0 0.458824 0.575759 0.576471 0.598486
0 0.588235 0.575759 0.621895 0.598486
0 0.694118 0.584593 0.710457 0.597220
0 0.823529 0.584593 0.839869 0.597220
0 0.180392 0.630048 0.196732 0.642674
0 0.180392 0.652775 0.196732 0.665401
0 0.211765 0.704545 0.305882 0.727273
0 0.317647 0.704545 0.351307 0.727273
0 0.211765 0.742423 0.305882 0.765150
0 0.317647 0.742423 0.351307 0.765150
0 0.211765 0.780304 0.305882 0.803032
0 0.317647 0.780304 0.351307 0.803032
0 0.411765 0.704545 0.505882 0.727273
0 0.517647 0.704545 0.551307 0.727273
0 0.411765 0.742423 0.505882 0.765150
0 0.517647 0.742423 0.551307 0.765150
0 0.411765 0.780304 0.505882 0.803032
0 0.517647 0.780304 0.551307 0.803032
0 0.611765 0.704545 0.705882 0.727273
0 0.717647 0.704545 0.751307 0.727273
0 0.611765 0.742423 0.705882 0.765150
0 0.717647 0.742423 0.751307 0.765150
0 0.611765 0.780304 0.705882 0.803032
0 0.717647 0.780304 0.751307 0.803032
0 0.800000 0.704545 0.894118 0.727273
0 0.905882 0.704545 0.939542 0.727273
0 0.800000 0.742423 0.894118 0.765150
0 0.905882 0.742423 0.939542 0.765150
0 0.800000 0.780304 0.894118 0.803032
0 0.905882 0.780304 0.939542 0.803032
0 0.729412 0.810605 0.894118 0.833332
0 0.905882 0.810605 0.939542 0.833332
