0 0.058824 0.058078 0.514379 0.075755
0 0.647059 0.058078 0.682353 0.075755
0 0.692157 0.058078 0.773203 0.075755
0 0.792157 0.099747 0.808497 0.112374
0 0.341176 0.121213 0.470588 0.143941
0 0.729412 0.151514 0.894118 0.174241
0 0.905882 0.151514 0.939542 0.174241
0 0.729412 0.178032 0.894118 0.200759
0 0.905882 0.178032 0.939542 0.200759
0 0.729412 0.204545 0.894118 0.227273
0 0.905882 0.204545 0.939542 0.227273
0 0.729412 0.231059 0.894118 0.253787
0 0.905882 0.231059 0.939542 0.253787
0 0.729412 0.257577 0.894118 0.280304
0 0.905882 0.257577 0.939542 0.280304
0 0.729412 0.284091 0.894118 0.306818
0 0.905882 0.284091 0.939542 0.306818
0 0.729412 0.318182 0.894118 0.340909
0 0.905882 0.318182 0.939542 0.340909
0 0.729412 0.344696 0.894118 0.367423
0 0.905882 0.344696 0.939542 0.367423
0 0.729412 0.371213 0.894118 0.393941
0 0.905882 0.371213 0.939542 0.393941
0 0.729412 0.405304 0.894118 0.428032
0 0.905882 0.405304 0.939542 0.428032
0 0.729412 0.454545 0.894118 0.477273
0 0.905882 0.454545 0.939542 0.477273
0 0.729412 0.500000 0.894118 0.522727
0 0.905882 0.500000 0.939542 0.522727
0 0.082353 0.577020 0.098693 0.589646
0 0.389869 0.568182 0.670588 0.590909
0 0.705882 0.568182 0.894118 0.590909
0 0.670588 0.598486 0.837091 0.617427
0 0.082353 0.618687 0.098693 0.631313
0 0.695752 0.681818 0.929412 0.704545
0 0.695752 0.712122 0.929412 0.734850
0 0.752941 0.742423 0.929412 0.765150
0 0.905882 0.777778 0.922222 0.790404
0 0.201634 0.803032 0.623529 0.825759
0 0.729412 0.803032 0.929412 0.825759
0 0.201634 0.863636 0.623529 0.886364
0 0.729412 0.863636 0.929412 0.886364
0 0.201634 0.893941 0.623529 0.916668
0 0.729412 0.893941 0.929412 0.916668
0 0.201634 0.924241 0.494118 0.946968
0 0.564706 0.924241 0.623529 0.946968
0 0.729412 0.924241 0.929412 0.946968
