0 0.223538 0.098490 0.296278 0.121218
0 0.327841 0.098490 0.612165 0.121218
0 0.223538 0.128792 0.658849 0.151520
0 0.223538 0.159097 0.658849 0.181826
0 0.141182 0.189403 0.658849 0.212132
0 0.141182 0.227282 0.447076 0.250011
0 0.458841 0.227282 0.517667 0.250011
0 0.529433 0.227282 0.658849 0.250011
0 0.141182 0.265161 0.305894 0.287890
0 0.317659 0.265161 0.494137 0.287890
0 0.505902 0.265161 0.658849 0.286877
0 0.694145 0.159097 0.788266 0.174248
0 0.694145 0.234859 0.721270 0.250010
0 0.733035 0.234859 0.760161 0.250010
0 0.771924 0.234859 0.811143 0.250010
0 0.070589 0.401529 0.090198 0.416681
0 0.070589 0.462140 0.090198 0.477292
0 0.070589 0.522747 0.090198 0.537899
0 0.129415 0.628811 0.149024 0.643963
0 0.129415 0.666694 0.149024 0.681846
0 0.129415 0.704573 0.149024 0.719725
0 0.129415 0.772757 0.149024 0.787909
0 0.129415 0.810636 0.149024 0.825788
0 0.129415 0.863670 0.149024 0.878822
0 0.129415 0.924277 0.149024 0.939429
