0 0.058826 0.058083 0.480738 0.075762
0 0.552963 0.058081 0.588258 0.075758
0 0.598063 0.058081 0.679112 0.075758
0 0.752971 0.058083 0.941213 0.075762
0 0.070589 0.098489 0.090198 0.113641
0 0.070589 0.128791 0.090198 0.143943
0 0.095755 0.181826 0.917683 0.196976
0 0.095755 0.196976 0.917683 0.212127
0 0.095755 0.212131 0.917683 0.227282
0 0.095755 0.227282 0.917683 0.242433
0 0.095755 0.242433 0.917683 0.257584
0 0.095755 0.257587 0.917683 0.272738
0 0.095755 0.272738 0.917683 0.287889
0 0.095755 0.287889 0.917683 0.303040
0 0.095755 0.303044 0.917683 0.318195
0 0.095755 0.318195 0.917683 0.333346
0 0.095755 0.333346 0.917683 0.348496
0 0.095755 0.348500 0.917683 0.363651
0 0.095755 0.363651 0.917683 0.378802
0 0.095755 0.378802 0.917683 0.393953
0 0.095755 0.393957 0.917683 0.409107
0 0.095755 0.409107 0.917683 0.424258
0 0.095755 0.424258 0.917683 0.439409
0 0.095755 0.439413 0.917683 0.454564
0 0.095755 0.454564 0.917683 0.469715
0 0.095755 0.469715 0.917683 0.484866
0 0.095755 0.484869 0.917683 0.500020
0 0.095755 0.500020 0.917683 0.515171
0 0.095755 0.515171 0.917683 0.530322
0 0.095755 0.530326 0.917683 0.545477
0 0.095755 0.545477 0.917683 0.560627
0 0.095755 0.560627 0.917683 0.575778
0 0.095755 0.575782 0.917683 0.590933
0 0.636943 0.666695 0.929438 0.686896
0 0.636953 0.696997 0.929448 0.717198
0 0.694145 0.727302 0.929448 0.747504
0 0.905916 0.765180 0.925525 0.780332
0 0.225182 0.795487 0.647094 0.814428
0 0.741215 0.795487 0.929458 0.814428
0 0.225182 0.856094 0.647094 0.875035
0 0.741215 0.856094 0.929458 0.875035
0 0.225182 0.886399 0.647094 0.905341
0 0.741215 0.886399 0.929458 0.905341
0 0.225182 0.916705 0.470617 0.935646
0 0.552973 0.916705 0.592192 0.935646
0 0.741215 0.916705 0.929458 0.935646
