0 0.058826 0.058083 0.480738 0.075762
0 0.552963 0.058081 0.588258 0.075758
0 0.598063 0.058081 0.679112 0.075758
0 0.752971 0.058083 0.941213 0.075762
0 0.317659 0.151520 0.400016 0.174248
0 0.413088 0.151520 0.445851 0.174248
0 0.470607 0.151520 0.552963 0.174248
0 0.566035 0.151520 0.598798 0.174248
0 0.623554 0.151520 0.705910 0.174248
0 0.718982 0.151520 0.751745 0.174248
0 0.835327 0.151520 0.905918 0.174248
0 0.914088 0.151520 0.939988 0.174248
0 0.317655 0.181826 0.400011 0.204554
0 0.413083 0.181826 0.445846 0.204554
0 0.470602 0.181826 0.552958 0.204554
0 0.566030 0.181826 0.598793 0.204554
0 0.623549 0.181826 0.705905 0.204554
0 0.718978 0.181826 0.751740 0.204554
0 0.835322 0.181826 0.905913 0.204554
0 0.914083 0.181826 0.939983 0.204554
0 0.317659 0.212131 0.400016 0.234859
0 0.413088 0.212131 0.445851 0.234859
0 0.470607 0.212131 0.552963 0.234859
0 0.566035 0.212131 0.598798 0.234859
0 0.623554 0.212131 0.705910 0.234859
0 0.718982 0.212131 0.751745 0.234859
0 0.835327 0.212131 0.905918 0.234859
0 0.914088 0.212131 0.939988 0.234859
0 0.835327 0.242433 0.905918 0.265161
0 0.914088 0.242433 0.939988 0.265161
0 0.317659 0.272738 0.400016 0.295466
0 0.413088 0.272738 0.445851 0.295466
0 0.470607 0.272738 0.552963 0.295466
0 0.566035 0.272738 0.598798 0.295466
0 0.623554 0.272738 0.705910 0.295466
0 0.718982 0.272738 0.751745 0.295466
0 0.835327 0.272738 0.905918 0.295466
0 0.914088 0.272738 0.939988 0.295466
0 0.317655 0.318195 0.400011 0.340923
0 0.413083 0.318195 0.445846 0.340923
0 0.470602 0.318195 0.552958 0.340923
0 0.566030 0.318195 0.598793 0.340923
0 0.623549 0.318195 0.705905 0.340923
0 0.718978 0.318195 0.751740 0.340923
0 0.835322 0.318195 0.905913 0.340923
0 0.914083 0.318195 0.939983 0.340923
0 0.317659 0.363651 0.400016 0.386379
0 0.413088 0.363651 0.445851 0.386379
0 0.470607 0.363651 0.552963 0.386379
0 0.566035 0.363651 0.598798 0.386379
0 0.623554 0.363651 0.705910 0.386379
0 0.718982 0.363651 0.751745 0.386379
0 0.835327 0.363651 0.905918 0.386379
0 0.914088 0.363651 0.939988 0.386379
0 0.317659 0.416685 0.400016 0.439413
0 0.413088 0.416685 0.445851 0.439413
0 0.470607 0.416685 0.552963 0.439413
0 0.566035 0.416685 0.598798 0.439413
0 0.623554 0.416685 0.705910 0.439413
0 0.718982 0.416685 0.751745 0.439413
0 0.835327 0.416685 0.905918 0.439413
0 0.914088 0.416685 0.939988 0.439413
0 0.317659 0.462141 0.400016 0.484869
0 0.413088 0.462141 0.445851 0.484869
0 0.470607 0.462141 0.552963 0.484869
0 0.566035 0.462141 0.598798 0.484869
0 0.623554 0.462141 0.705910 0.484869
0 0.718982 0.462141 0.751745 0.484869
0 0.835327 0.462141 0.905918 0.484869
0 0.914088 0.462141 0.939988 0.484869
0 0.317659 0.530326 0.400016 0.553054
0 0.413088 0.530326 0.445851 0.553054
0 0.470607 0.530326 0.552963 0.553054
0 0.566035 0.530326 0.598798 0.553054
0 0.623554 0.530326 0.705910 0.553054
0 0.718982 0.530326 0.751745 0.553054
0 0.835327 0.530326 0.905918 0.553054
0 0.914088 0.530326 0.939988 0.553054
0 0.835327 0.575782 0.905918 0.598510
0 0.914088 0.575782 0.941213 0.598510
0 0.317659 0.712151 0.400016 0.734879
0 0.413088 0.712151 0.445851 0.734879
0 0.470607 0.712151 0.552963 0.734879
0 0.566035 0.712151 0.598798 0.734879
0 0.623554 0.712151 0.705910 0.734879
0 0.718982 0.712151 0.751745 0.734879
0 0.317659 0.765181 0.400016 0.787909
0 0.413088 0.765181 0.445851 0.787909
0 0.470607 0.765181 0.552963 0.787909
0 0.566035 0.765181 0.598798 0.787909
0 0.623554 0.765181 0.705910 0.787909
0 0.718982 0.765181 0.751745 0.787909
0 0.317659 0.818215 0.400016 0.840943
0 0.413088 0.818215 0.445851 0.840943
0 0.470607 0.818215 0.552963 0.840943
0 0.566035 0.818215 0.598798 0.840943
0 0.623554 0.818215 0.705910 0.840943
0 0.718982 0.818215 0.751745 0.840943
