0 0.082356 0.075762 0.175252 0.090913
0 0.176478 0.075762 0.210139 0.090913
0 0.082356 0.090913 0.175252 0.106064
0 0.176478 0.090913 0.210139 0.106064
0 0.082356 0.106064 0.175252 0.121215
0 0.176478 0.106064 0.210139 0.121215
0 0.082356 0.121218 0.175252 0.136369
0 0.176478 0.121218 0.210139 0.136369
0 0.082356 0.136369 0.175252 0.151520
0 0.176478 0.136369 0.210139 0.151520
0 0.082356 0.151520 0.175252 0.166671
0 0.176478 0.151520 0.210139 0.166671
0 0.082356 0.166675 0.175252 0.181826
0 0.176478 0.166675 0.210139 0.181826
0 0.082356 0.181826 0.175252 0.196976
0 0.176478 0.181826 0.210139 0.196976
0 0.082356 0.196980 0.175252 0.212131
0 0.176478 0.196980 0.210139 0.212131
0 0.082356 0.212131 0.175252 0.227282
0 0.176478 0.212131 0.210139 0.227282
0 0.082356 0.227282 0.175252 0.242433
0 0.176478 0.227282 0.210139 0.242433
0 0.082356 0.242433 0.175252 0.257584
0 0.176478 0.242433 0.210139 0.257584
0 0.082356 0.257587 0.175252 0.272738
0 0.176478 0.257587 0.210139 0.272738
0 0.082356 0.272738 0.175252 0.287889
0 0.176478 0.272738 0.210139 0.287889
0 0.082356 0.287889 0.175252 0.303040
0 0.176478 0.287889 0.210139 0.303040
0 0.082356 0.303044 0.175252 0.318195
0 0.176478 0.303044 0.210139 0.318195
0 0.235303 0.075762 0.316434 0.090913
0 0.317659 0.075762 0.351321 0.090913
0 0.235303 0.090913 0.316434 0.106064
0 0.317659 0.090913 0.351321 0.106064
0 0.235303 0.106064 0.316434 0.121215
0 0.317659 0.106064 0.351321 0.121215
0 0.235303 0.121218 0.316434 0.136369
0 0.317659 0.121218 0.351321 0.136369
0 0.235303 0.136369 0.316434 0.151520
0 0.317659 0.136369 0.351321 0.151520
0 0.235303 0.151520 0.316434 0.166671
0 0.317659 0.151520 0.351321 0.166671
0 0.235303 0.166675 0.316434 0.181826
0 0.317659 0.166675 0.351321 0.181826
0 0.235303 0.181826 0.316434 0.196976
0 0.317659 0.181826 0.351321 0.196976
0 0.235303 0.196980 0.316434 0.212131
0 0.317659 0.196980 0.351321 0.212131
0 0.235303 0.212131 0.316434 0.227282
0 0.317659 0.212131 0.351321 0.227282
0 0.235303 0.227282 0.316434 0.242433
0 0.317659 0.227282 0.351321 0.242433
0 0.235303 0.242437 0.316434 0.257587
0 0.317659 0.242437 0.351321 0.257587
0 0.235303 0.257587 0.316434 0.272738
0 0.317659 0.257587 0.351321 0.272738
0 0.235303 0.272738 0.316434 0.287889
0 0.317659 0.272738 0.351321 0.287889
0 0.235303 0.287889 0.316434 0.303040
0 0.317659 0.287889 0.351321 0.303040
0 0.195106 0.318195 0.351321 0.333346
0 0.376485 0.075762 0.457616 0.090913
0 0.458841 0.075762 0.492503 0.090913
0 0.376485 0.090913 0.457616 0.106064
0 0.458841 0.090913 0.492503 0.106064
0 0.376485 0.106064 0.457616 0.121215
0 0.458841 0.106064 0.492503 0.121215
0 0.376485 0.121218 0.457616 0.136369
0 0.458841 0.121218 0.492503 0.136369
0 0.376485 0.136369 0.457616 0.151520
0 0.458841 0.136369 0.492503 0.151520
0 0.376485 0.151520 0.457616 0.166671
0 0.458841 0.151520 0.492503 0.166671
0 0.376485 0.166675 0.457616 0.181826
0 0.458841 0.166675 0.492503 0.181826
0 0.376485 0.181826 0.457616 0.196976
0 0.458841 0.181826 0.492503 0.196976
0 0.376485 0.196976 0.457616 0.212127
0 0.458841 0.196976 0.492503 0.212127
0 0.376485 0.212131 0.457616 0.227282
0 0.458841 0.212131 0.492503 0.227282
0 0.376485 0.227282 0.457616 0.242433
0 0.458841 0.227282 0.492503 0.242433
0 0.376485 0.242433 0.457616 0.257584
0 0.458841 0.242433 0.492503 0.257584
0 0.376485 0.257587 0.457616 0.272738
0 0.458841 0.257587 0.492503 0.272738
0 0.376485 0.272738 0.457616 0.287889
0 0.458841 0.272738 0.492503 0.287889
0 0.376485 0.287889 0.457616 0.303040
0 0.458841 0.287889 0.492503 0.303040
0 0.376485 0.303044 0.457616 0.318195
0 0.458841 0.303044 0.492503 0.318195
0 0.517667 0.075762 0.598798 0.090913
0 0.600024 0.075762 0.633685 0.090913
0 0.517667 0.090913 0.598798 0.106064
0 0.600024 0.090913 0.633685 0.106064
0 0.517667 0.106064 0.598798 0.121215
0 0.600024 0.106064 0.633685 0.121215
0 0.517667 0.121218 0.598798 0.136369
0 0.600024 0.121218 0.633685 0.136369
0 0.517667 0.136369 0.598798 0.151520
0 0.600024 0.136369 0.633685 0.151520
0 0.517667 0.151520 0.598798 0.166671
0 0.600024 0.151520 0.633685 0.166671
0 0.517667 0.166675 0.598798 0.181826
0 0.600024 0.166675 0.633685 0.181826
0 0.517667 0.181826 0.598798 0.196976
0 0.600024 0.181826 0.633685 0.196976
0 0.517667 0.196980 0.598798 0.212131
0 0.600024 0.196980 0.633685 0.212131
0 0.517667 0.212131 0.598798 0.227282
0 0.600024 0.212131 0.633685 0.227282
0 0.517667 0.227282 0.598798 0.242433
0 0.600024 0.227282 0.633685 0.242433
0 0.517667 0.242437 0.598798 0.257587
0 0.600024 0.242437 0.633685 0.257587
0 0.517667 0.257587 0.598798 0.272738
0 0.600024 0.257587 0.633685 0.272738
0 0.517667 0.272738 0.598798 0.287889
0 0.600024 0.272738 0.633685 0.287889
0 0.517667 0.287889 0.598798 0.303040
0 0.600024 0.287889 0.633685 0.303040
0 0.490869 0.318195 0.633685 0.333346
0 0.658849 0.075762 0.751745 0.090913
0 0.752971 0.075762 0.786632 0.090913
0 0.658849 0.090913 0.751745 0.106064
0 0.752971 0.090913 0.786632 0.106064
0 0.658849 0.106064 0.751745 0.121215
0 0.752971 0.106064 0.786632 0.121215
0 0.658849 0.121218 0.751745 0.136369
0 0.752971 0.121218 0.786632 0.136369
0 0.658849 0.136369 0.751745 0.151520
0 0.752971 0.136369 0.786632 0.151520
0 0.658849 0.151520 0.751745 0.166671
0 0.752971 0.151520 0.786632 0.166671
0 0.658849 0.166675 0.751745 0.181826
0 0.752971 0.166675 0.786632 0.181826
0 0.658849 0.181826 0.751745 0.196976
0 0.752971 0.181826 0.786632 0.196976
0 0.658849 0.196980 0.751745 0.212131
0 0.752971 0.196980 0.786632 0.212131
0 0.658849 0.212131 0.751745 0.227282
0 0.752971 0.212131 0.786632 0.227282
0 0.658849 0.227282 0.751745 0.242433
0 0.752971 0.227282 0.786632 0.242433
0 0.658849 0.242433 0.751745 0.257584
0 0.752971 0.242433 0.786632 0.257584
0 0.658849 0.257587 0.751745 0.272738
0 0.752971 0.257587 0.786632 0.272738
0 0.658849 0.272738 0.751745 0.287889
0 0.752971 0.272738 0.786632 0.287889
0 0.658849 0.287889 0.751745 0.303040
0 0.752971 0.287889 0.786632 0.303040
0 0.658849 0.303044 0.751745 0.318195
0 0.752971 0.303044 0.786632 0.318195
0 0.811797 0.075762 0.904692 0.090913
0 0.905918 0.075762 0.941213 0.090913
0 0.811797 0.090913 0.904692 0.106064
0 0.905918 0.090913 0.941213 0.106064
0 0.811797 0.106064 0.904692 0.121215
0 0.905918 0.106064 0.941213 0.121215
0 0.811797 0.121218 0.904692 0.136369
0 0.905918 0.121218 0.941213 0.136369
0 0.811797 0.136369 0.904692 0.151520
0 0.905918 0.136369 0.941213 0.151520
0 0.811797 0.151520 0.904692 0.166671
0 0.905918 0.151520 0.941213 0.166671
0 0.811797 0.166675 0.904692 0.181826
0 0.905918 0.166675 0.941213 0.181826
0 0.811797 0.181826 0.904692 0.196976
0 0.905918 0.181826 0.941213 0.196976
0 0.811797 0.196976 0.904692 0.212127
0 0.905918 0.196976 0.941213 0.212127
0 0.811797 0.212131 0.904692 0.227282
0 0.905918 0.212131 0.941213 0.227282
0 0.811797 0.227282 0.904692 0.242433
0 0.905918 0.227282 0.941213 0.242433
0 0.811797 0.242433 0.904692 0.257584
0 0.905918 0.242433 0.941213 0.257584
0 0.811797 0.257587 0.904692 0.272738
0 0.905918 0.257587 0.941213 0.272738
0 0.811797 0.272738 0.904692 0.287889
0 0.905918 0.272738 0.941213 0.287889
0 0.773233 0.318195 0.941213 0.333346
0 0.082356 0.348500 0.175252 0.363651
0 0.176478 0.348500 0.210139 0.363651
0 0.082356 0.363651 0.175252 0.378802
0 0.176478 0.363651 0.210139 0.378802
0 0.082356 0.378802 0.175252 0.393953
0 0.176478 0.378802 0.210139 0.393953
0 0.082356 0.393957 0.175252 0.409107
0 0.176478 0.393957 0.210139 0.409107
0 0.082356 0.409107 0.175252 0.424258
0 0.176478 0.409107 0.210139 0.424258
0 0.082356 0.424258 0.175252 0.439409
0 0.176478 0.424258 0.210139 0.439409
0 0.082356 0.439413 0.175252 0.454564
0 0.176478 0.439413 0.210139 0.454564
0 0.082356 0.454564 0.175252 0.469715
0 0.176478 0.454564 0.210139 0.469715
0 0.082356 0.469718 0.175252 0.484869
0 0.176478 0.469718 0.210139 0.484869
0 0.082356 0.484869 0.175252 0.500020
0 0.176478 0.484869 0.210139 0.500020
0 0.082356 0.500020 0.175252 0.515171
0 0.176478 0.500020 0.210139 0.515171
0 0.082356 0.515171 0.175252 0.530322
0 0.176478 0.515171 0.210139 0.530322
0 0.082356 0.530326 0.175252 0.545477
0 0.176478 0.530326 0.210139 0.545477
0 0.082356 0.545477 0.175252 0.560627
0 0.176478 0.545477 0.210139 0.560627
0 0.082356 0.560627 0.175252 0.575778
0 0.176478 0.560627 0.210139 0.575778
0 0.082356 0.575782 0.175252 0.590933
0 0.176478 0.575782 0.210139 0.590933
0 0.235303 0.348500 0.316434 0.363651
0 0.317659 0.348500 0.351321 0.363651
0 0.235303 0.363651 0.316434 0.378802
0 0.317659 0.363651 0.351321 0.378802
0 0.235303 0.378802 0.316434 0.393953
0 0.317659 0.378802 0.351321 0.393953
0 0.235303 0.393957 0.316434 0.409107
0 0.317659 0.393957 0.351321 0.409107
0 0.235303 0.409107 0.316434 0.424258
0 0.317659 0.409107 0.351321 0.424258
0 0.235303 0.424258 0.316434 0.439409
0 0.317659 0.424258 0.351321 0.439409
0 0.235303 0.439413 0.316434 0.454564
0 0.317659 0.439413 0.351321 0.454564
0 0.235303 0.454564 0.316434 0.469715
0 0.317659 0.454564 0.351321 0.469715
0 0.235303 0.469718 0.316434 0.484869
0 0.317659 0.469718 0.351321 0.484869
0 0.235303 0.484869 0.316434 0.500020
0 0.317659 0.484869 0.351321 0.500020
0 0.235303 0.500020 0.316434 0.515171
0 0.317659 0.500020 0.351321 0.515171
0 0.235303 0.515175 0.316434 0.530326
0 0.317659 0.515175 0.351321 0.530326
0 0.235303 0.530326 0.316434 0.545477
0 0.317659 0.530326 0.351321 0.545477
0 0.235303 0.545477 0.316434 0.560627
0 0.317659 0.545477 0.351321 0.560627
0 0.235303 0.560627 0.316434 0.575778
0 0.317659 0.560627 0.351321 0.575778
0 0.195106 0.590933 0.351321 0.606084
0 0.376485 0.348500 0.457616 0.363651
0 0.458841 0.348500 0.492503 0.363651
0 0.376485 0.363651 0.457616 0.378802
0 0.458841 0.363651 0.492503 0.378802
0 0.376485 0.378802 0.457616 0.393953
0 0.458841 0.378802 0.492503 0.393953
0 0.376485 0.393957 0.457616 0.409107
0 0.458841 0.393957 0.492503 0.409107
0 0.376485 0.409107 0.457616 0.424258
0 0.458841 0.409107 0.492503 0.424258
0 0.376485 0.424258 0.457616 0.439409
0 0.458841 0.424258 0.492503 0.439409
0 0.376485 0.439413 0.457616 0.454564
0 0.458841 0.439413 0.492503 0.454564
0 0.376485 0.454564 0.457616 0.469715
0 0.458841 0.454564 0.492503 0.469715
0 0.376485 0.469718 0.457616 0.484869
0 0.458841 0.469718 0.492503 0.484869
0 0.376485 0.484869 0.457616 0.500020
0 0.458841 0.484869 0.492503 0.500020
0 0.376485 0.500020 0.457616 0.515171
0 0.458841 0.500020 0.492503 0.515171
0 0.376485 0.515171 0.457616 0.530322
0 0.458841 0.515171 0.492503 0.530322
0 0.376485 0.530326 0.457616 0.545477
0 0.458841 0.530326 0.492503 0.545477
0 0.376485 0.545477 0.457616 0.560627
0 0.458841 0.545477 0.492503 0.560627
0 0.376485 0.560627 0.457616 0.575778
0 0.458841 0.560627 0.492503 0.575778
0 0.376485 0.575782 0.457616 0.590933
0 0.458841 0.575782 0.492503 0.590933
0 0.517667 0.348500 0.598798 0.363651
0 0.600024 0.348500 0.633685 0.363651
0 0.517667 0.363651 0.598798 0.378802
0 0.600024 0.363651 0.633685 0.378802
0 0.517667 0.378802 0.598798 0.393953
0 0.600024 0.378802 0.633685 0.393953
0 0.517667 0.393957 0.598798 0.409107
0 0.600024 0.393957 0.633685 0.409107
0 0.517667 0.409107 0.598798 0.424258
0 0.600024 0.409107 0.633685 0.424258
0 0.517667 0.424258 0.598798 0.439409
0 0.600024 0.424258 0.633685 0.439409
0 0.517667 0.439413 0.598798 0.454564
0 0.600024 0.439413 0.633685 0.454564
0 0.517667 0.454564 0.598798 0.469715
0 0.600024 0.454564 0.633685 0.469715
0 0.517667 0.469718 0.598798 0.484869
0 0.600024 0.469718 0.633685 0.484869
0 0.517667 0.484869 0.598798 0.500020
0 0.600024 0.484869 0.633685 0.500020
0 0.517667 0.500020 0.598798 0.515171
0 0.600024 0.500020 0.633685 0.515171
0 0.517667 0.515175 0.598798 0.530326
0 0.600024 0.515175 0.633685 0.530326
0 0.517667 0.530326 0.598798 0.545477
0 0.600024 0.530326 0.633685 0.545477
0 0.517667 0.545477 0.598798 0.560627
0 0.600024 0.545477 0.633685 0.560627
0 0.490869 0.590933 0.633685 0.606084
0 0.658849 0.348500 0.751745 0.363651
0 0.752971 0.348500 0.786632 0.363651
0 0.658849 0.363651 0.751745 0.378802
0 0.752971 0.363651 0.786632 0.378802
0 0.658849 0.378802 0.751745 0.393953
0 0.752971 0.378802 0.786632 0.393953
0 0.658849 0.393957 0.751745 0.409107
0 0.752971 0.393957 0.786632 0.409107
0 0.658849 0.409107 0.751745 0.424258
0 0.752971 0.409107 0.786632 0.424258
0 0.658849 0.424258 0.751745 0.439409
0 0.752971 0.424258 0.786632 0.439409
0 0.658849 0.439413 0.751745 0.454564
0 0.752971 0.439413 0.786632 0.454564
0 0.658849 0.454564 0.751745 0.469715
0 0.752971 0.454564 0.786632 0.469715
0 0.658849 0.469715 0.751745 0.484866
0 0.752971 0.469715 0.786632 0.484866
0 0.658849 0.484869 0.751745 0.500020
0 0.752971 0.484869 0.786632 0.500020
0 0.658849 0.500020 0.751745 0.515171
0 0.752971 0.500020 0.786632 0.515171
0 0.658849 0.515171 0.751745 0.530322
0 0.752971 0.515171 0.786632 0.530322
0 0.658849 0.530326 0.751745 0.545477
0 0.752971 0.530326 0.786632 0.545477
0 0.658849 0.545477 0.751745 0.560627
0 0.752971 0.545477 0.786632 0.560627
0 0.658849 0.560627 0.751745 0.575778
0 0.752971 0.560627 0.786632 0.575778
0 0.658849 0.575782 0.751745 0.590933
0 0.752971 0.575782 0.786632 0.590933
0 0.811797 0.348500 0.904692 0.363651
0 0.905918 0.348500 0.941213 0.363651
0 0.811797 0.363651 0.904692 0.378802
0 0.905918 0.363651 0.941213 0.378802
0 0.811797 0.378802 0.904692 0.393953
0 0.905918 0.378802 0.941213 0.393953
0 0.811797 0.393957 0.904692 0.409107
0 0.905918 0.393957 0.941213 0.409107
0 0.811797 0.409107 0.904692 0.424258
0 0.905918 0.409107 0.941213 0.424258
0 0.811797 0.424258 0.904692 0.439409
0 0.905918 0.424258 0.941213 0.439409
0 0.811797 0.439413 0.904692 0.454564
0 0.905918 0.439413 0.941213 0.454564
0 0.811797 0.454564 0.904692 0.469715
0 0.905918 0.454564 0.941213 0.469715
0 0.811797 0.469718 0.904692 0.484869
0 0.905918 0.469718 0.941213 0.484869
0 0.811797 0.484869 0.904692 0.500020
0 0.905918 0.484869 0.941213 0.500020
0 0.811797 0.500020 0.904692 0.515171
0 0.905918 0.500020 0.941213 0.515171
0 0.811797 0.515175 0.904692 0.530326
0 0.905918 0.515175 0.941213 0.530326
0 0.811797 0.530326 0.904692 0.545477
0 0.905918 0.530326 0.941213 0.545477
0 0.811797 0.545477 0.904692 0.560627
0 0.905918 0.545477 0.941213 0.560627
0 0.811797 0.560627 0.904692 0.575778
0 0.905918 0.560627 0.941213 0.575778
0 0.773233 0.590933 0.941213 0.606084
0 0.764736 0.621238 0.941213 0.636389
