0 0.250046 0.094631 0.281810 0.117359
0 0.291399 0.094631 0.323163 0.117359
0 0.354340 0.094631 0.386105 0.117359
0 0.395650 0.094631 0.427415 0.117359
0 0.437248 0.094631 0.469013 0.117359
0 0.478670 0.094631 0.510435 0.117359
0 0.520288 0.094631 0.552052 0.117359
0 0.561709 0.094631 0.593474 0.117359
0 0.603529 0.094631 0.635294 0.117359
0 0.223529 0.121213 0.635294 0.143941
0 0.188235 0.151518 0.635294 0.174245
0 0.129412 0.181818 0.635294 0.203283
0 0.129412 0.215977 0.435294 0.235846
0 0.447059 0.215977 0.505882 0.235846
0 0.517647 0.215977 0.635294 0.235846
0 0.129412 0.250000 0.341830 0.269869
0 0.352941 0.250000 0.505882 0.269869
0 0.517647 0.250000 0.635294 0.269869
0 0.694118 0.143941 0.788235 0.159091
0 0.694118 0.219700 0.811765 0.234850
0 0.076144 0.371840 0.094118 0.385729
0 0.076144 0.440021 0.094118 0.453910
0 0.341176 0.598486 0.423529 0.621213
0 0.435294 0.598486 0.470588 0.621213
0 0.494118 0.598486 0.576471 0.621213
0 0.588235 0.598486 0.623529 0.621213
0 0.647059 0.598486 0.729412 0.621213
0 0.741176 0.598486 0.776471 0.621213
0 0.341176 0.643941 0.423529 0.666668
0 0.435294 0.643941 0.470588 0.666668
0 0.494118 0.643941 0.576471 0.666668
0 0.588235 0.643941 0.623529 0.666668
0 0.647059 0.643941 0.729412 0.666668
0 0.741176 0.643941 0.776471 0.666668
0 0.647059 0.681818 0.729412 0.704545
0 0.741176 0.681818 0.776471 0.704545
