0 0.058824 0.058081 0.529412 0.090909
0 0.529412 0.058081 0.752941 0.090909
0 0.752941 0.058081 0.941176 0.090909
0 0.064379 0.121843 0.082353 0.135732
0 0.094118 0.196968 0.917647 0.212119
0 0.094118 0.212122 0.917647 0.227273
0 0.094118 0.227273 0.917647 0.242423
0 0.094118 0.242423 0.917647 0.257573
0 0.094118 0.257577 0.917647 0.272727
0 0.094118 0.272727 0.917647 0.287878
0 0.094118 0.287878 0.917647 0.303028
0 0.094118 0.303032 0.917647 0.318182
0 0.094118 0.318182 0.917647 0.333332
0 0.094118 0.333332 0.917647 0.348482
0 0.094118 0.348486 0.917647 0.363636
0 0.094118 0.363636 0.917647 0.378787
0 0.094118 0.378787 0.917647 0.393937
0 0.094118 0.393941 0.917647 0.409091
0 0.094118 0.409091 0.917647 0.424241
0 0.094118 0.424241 0.917647 0.439391
0 0.094118 0.439395 0.917647 0.454545
0 0.094118 0.454545 0.917647 0.469696
0 0.094118 0.469696 0.917647 0.484846
0 0.094118 0.484850 0.917647 0.500000
0 0.094118 0.500000 0.917647 0.515150
0 0.094118 0.515150 0.917647 0.530300
0 0.694118 0.606059 0.929412 0.628787
0 0.694118 0.643941 0.929412 0.666668
0 0.752941 0.681818 0.929412 0.704545
0 0.911438 0.717804 0.929412 0.731693
0 0.223529 0.742423 0.647059 0.762624
0 0.223529 0.803032 0.647059 0.823232
0 0.223529 0.833332 0.647059 0.853533
0 0.223529 0.863636 0.470588 0.883837
0 0.552941 0.863636 0.647059 0.883837
0 0.741176 0.742423 0.929412 0.762624
0 0.741176 0.803032 0.929412 0.823232
0 0.741176 0.833332 0.929412 0.853533
0 0.741176 0.863636 0.929412 0.883837
