0 0.422876 0.151514 0.941176 0.166664
0 0.105882 0.199492 0.118954 0.209593
0 0.105882 0.214646 0.118954 0.224747
0 0.105882 0.244947 0.118954 0.255048
0 0.105882 0.260101 0.118954 0.270202
0 0.741176 0.287878 0.941176 0.303028
0 0.741176 0.318182 0.941176 0.333332
0 0.105882 0.366160 0.118954 0.376261
0 0.105882 0.381311 0.118954 0.391412
0 0.105882 0.396465 0.118954 0.406566
0 0.105882 0.411615 0.118954 0.421716
0 0.750980 0.439395 0.904657 0.454545
0 0.905882 0.439395 0.941176 0.454545
0 0.105882 0.517674 0.118954 0.527775
0 0.105882 0.532828 0.118954 0.542929
0 0.105882 0.547979 0.118954 0.558080
0 0.105882 0.563129 0.118954 0.573230
0 0.750980 0.590909 0.904657 0.606059
0 0.905882 0.590909 0.941176 0.606059
0 0.741176 0.621213 0.941176 0.636364
0 0.741176 0.651514 0.941176 0.666664
0 0.105882 0.699492 0.118954 0.709593
0 0.329412 0.699492 0.342484 0.709593
0 0.105882 0.744947 0.118954 0.755048
0 0.494118 0.744947 0.507190 0.755048
0 0.750980 0.772727 0.904657 0.787878
0 0.905882 0.772727 0.941176 0.787878
0 0.105882 0.820706 0.118954 0.830807
0 0.329412 0.820706 0.342484 0.830807
0 0.105882 0.866160 0.118954 0.876261
0 0.329412 0.866160 0.342484 0.876261
0 0.750980 0.893941 0.904657 0.909091
0 0.905882 0.893941 0.941176 0.909091
0 0.750980 0.939395 0.904657 0.954545
0 0.905882 0.939395 0.941176 0.954545
