0 0.354575 0.174241 0.941176 0.189391
0 0.647059 0.189395 0.941176 0.204545
0 0.105882 0.219697 0.375245 0.234850
0 0.378105 0.219697 0.739951 0.234850
0 0.741176 0.219697 0.941176 0.234850
0 0.105882 0.250001 0.375245 0.265154
0 0.378105 0.250001 0.739951 0.265154
0 0.741176 0.250001 0.941176 0.265154
0 0.105882 0.280302 0.810539 0.295455
0 0.811765 0.280302 0.941340 0.295455
0 0.105882 0.310606 0.941176 0.325759
0 0.105882 0.340910 0.516422 0.356063
0 0.519281 0.340910 0.810539 0.356063
0 0.811765 0.340910 0.941176 0.356063
0 0.922876 0.358583 0.935948 0.368684
0 0.105882 0.386365 0.728186 0.401518
0 0.729412 0.386365 0.941176 0.401518
0 0.105882 0.401514 0.282353 0.416667
0 0.305882 0.401514 0.458824 0.416667
0 0.517647 0.401514 0.682353 0.416667
0 0.705882 0.401514 0.764706 0.416667
0 0.788235 0.401514 0.941176 0.416667
0 0.811765 0.431818 0.941176 0.446968
0 0.811765 0.462122 0.941176 0.477273
0 0.811765 0.477273 0.941176 0.492423
0 0.811765 0.492423 0.941176 0.507573
0 0.811765 0.507577 0.941176 0.522727
0 0.811765 0.522727 0.941176 0.537878
0 0.821569 0.583332 0.941176 0.598482
0 0.821569 0.613636 0.941176 0.628787
0 0.921569 0.645833 0.936275 0.657197
0 0.811765 0.704545 0.941176 0.718433
0 0.176471 0.734850 0.352941 0.750000
0 0.470588 0.734850 0.803923 0.750000
0 0.921569 0.804924 0.936275 0.816288
0 0.921569 0.820075 0.936275 0.831438
