0 0.309150 0.159091 0.705882 0.174241
0 0.129412 0.207069 0.142484 0.217170
0 0.129412 0.222220 0.142484 0.232321
0 0.129412 0.260101 0.142484 0.270202
0 0.129412 0.275251 0.142484 0.285352
0 0.811765 0.303032 0.941176 0.318182
0 0.811765 0.333332 0.941176 0.348482
0 0.129412 0.381311 0.142484 0.391412
0 0.129412 0.396465 0.142484 0.406566
0 0.129412 0.411615 0.142484 0.421716
0 0.129412 0.426765 0.142484 0.436866
0 0.821569 0.454545 0.941176 0.469696
0 0.129412 0.532828 0.142484 0.542929
0 0.129412 0.547979 0.142484 0.558080
0 0.129412 0.563129 0.142484 0.573230
0 0.129412 0.578283 0.142484 0.588384
0 0.821569 0.606059 0.941176 0.621210
0 0.811765 0.636364 0.941176 0.651514
0 0.811765 0.666668 0.941176 0.681818
0 0.129412 0.714646 0.142484 0.724747
0 0.470588 0.714646 0.483660 0.724747
0 0.129412 0.752524 0.142484 0.762625
0 0.470588 0.752524 0.483660 0.762625
0 0.821569 0.772727 0.941176 0.787878
0 0.129412 0.820706 0.142484 0.830807
0 0.470588 0.820706 0.483660 0.830807
0 0.129412 0.858583 0.142484 0.868684
0 0.470588 0.858583 0.483660 0.868684
0 0.821569 0.878787 0.941176 0.893937
0 0.821569 0.924241 0.941176 0.939391
