0 0.633987 0.161750 0.941176 0.176900
0 0.708333 0.176904 0.941176 0.192054
0 0.105882 0.204681 0.468954 0.222359
0 0.472222 0.204681 0.716013 0.222359
0 0.719281 0.204681 0.941176 0.222359
0 0.105882 0.234985 0.468954 0.252663
0 0.472222 0.234985 0.716013 0.252663
0 0.719281 0.234985 0.941176 0.252663
0 0.105882 0.265285 0.786601 0.282963
0 0.789869 0.265285 0.941176 0.282963
0 0.105882 0.295590 0.941176 0.313268
0 0.105882 0.325894 0.468954 0.343572
0 0.472222 0.325894 0.716013 0.343572
0 0.719281 0.325894 0.941176 0.343572
0 0.922876 0.346092 0.935948 0.356193
0 0.105882 0.371348 0.680719 0.389027
0 0.683987 0.371348 0.941176 0.389027
0 0.105882 0.389023 0.258824 0.404175
0 0.282353 0.389023 0.447059 0.404175
0 0.505882 0.389023 0.682353 0.404175
0 0.705882 0.389023 0.764706 0.404175
0 0.776471 0.389023 0.941176 0.404175
0 0.811765 0.419327 0.904657 0.434477
0 0.905882 0.419327 0.941176 0.434477
0 0.811765 0.449631 0.904657 0.464782
0 0.905882 0.449631 0.941176 0.464782
0 0.811765 0.464782 0.904657 0.479932
0 0.905882 0.464782 0.941176 0.479932
0 0.811765 0.479932 0.904657 0.495082
0 0.905882 0.479932 0.941176 0.495082
0 0.811765 0.495086 0.904657 0.510236
0 0.905882 0.495086 0.941176 0.510236
0 0.811765 0.510236 0.904657 0.525386
0 0.905882 0.510236 0.941176 0.525386
0 0.811765 0.570841 0.904657 0.585991
0 0.905882 0.570841 0.941176 0.585991
0 0.811765 0.601145 0.904657 0.616295
0 0.905882 0.601145 0.941176 0.616295
0 0.922876 0.633973 0.935948 0.644074
0 0.811765 0.707205 0.941176 0.722355
0 0.661149 0.757577 0.941176 0.771986
0 0.922876 0.866157 0.935948 0.876258
0 0.922876 0.881311 0.935948 0.891412
0 0.293807 0.757577 0.441051 0.771467
