0 0.058824 0.972727 0.205882 0.995454
0 0.058824 0.111818 0.652941 0.131818
0 0.664706 0.111818 0.941176 0.131818
0 0.241176 0.263636 0.347059 0.281818
0 0.358824 0.263636 0.511765 0.281818
0 0.542484 0.263636 0.558824 0.276263
0 0.613072 0.263636 0.629412 0.276263
0 0.683660 0.263636 0.700000 0.276263
0 0.754248 0.263636 0.770588 0.276263
0 0.824837 0.263636 0.841176 0.276263
0 0.895425 0.263636 0.911765 0.276263
0 0.241176 0.286364 0.347059 0.304545
0 0.358824 0.286364 0.511765 0.304545
0 0.542484 0.286364 0.558824 0.298990
0 0.613072 0.286364 0.629412 0.298990
0 0.683660 0.286364 0.700000 0.298990
0 0.754248 0.286364 0.770588 0.298990
0 0.824837 0.286364 0.841176 0.298990
0 0.895425 0.286364 0.911765 0.298990
0 0.241176 0.309091 0.347059 0.327273
0 0.358824 0.309091 0.511765 0.327273
0 0.542484 0.309091 0.558824 0.321717
0 0.613072 0.309091 0.629412 0.321717
0 0.683660 0.309091 0.700000 0.321717
0 0.754248 0.309091 0.770588 0.321717
0 0.824837 0.309091 0.841176 0.321717
0 0.895425 0.309091 0.911765 0.321717
0 0.241176 0.331818 0.347059 0.350000
0 0.358824 0.331818 0.511765 0.350000
0 0.542484 0.331818 0.558824 0.344444
0 0.613072 0.331818 0.629412 0.344444
0 0.683660 0.331818 0.700000 0.344444
0 0.754248 0.331818 0.770588 0.344444
0 0.824837 0.331818 0.841176 0.344444
0 0.895425 0.331818 0.911765 0.344444
0 0.058824 0.368182 0.229412 0.463636
0 0.241176 0.354545 0.347059 0.463636
0 0.358824 0.354545 0.511765 0.463636
0 0.542484 0.354545 0.558824 0.367172
0 0.613072 0.354545 0.629412 0.367172
0 0.683660 0.354545 0.700000 0.367172
0 0.754248 0.354545 0.770588 0.367172
0 0.824837 0.354545 0.841176 0.367172
0 0.895425 0.354545 0.911765 0.367172
0 0.241176 0.468182 0.347059 0.554545
0 0.358824 0.468182 0.511765 0.554545
0 0.542484 0.468182 0.558824 0.480808
0 0.613072 0.468182 0.629412 0.480808
0 0.683660 0.468182 0.700000 0.480808
0 0.754248 0.468182 0.770588 0.480808
0 0.824837 0.468182 0.841176 0.480808
0 0.895425 0.468182 0.911765 0.480808
