0 0.058824 0.133840 0.739951 0.151518
0 0.741176 0.133840 0.941176 0.151518
0 0.058824 0.164140 0.941176 0.181818
0 0.058824 0.194444 0.941176 0.212122
0 0.058824 0.239899 0.739951 0.257577
0 0.741176 0.239899 0.941176 0.257577
0 0.058824 0.270203 0.941176 0.287881
0 0.058824 0.300504 0.941176 0.318182
0 0.106698 0.352273 0.119770 0.362374
0 0.847059 0.381626 0.860131 0.391727
0 0.905882 0.381626 0.918954 0.391727
0 0.847059 0.396780 0.860131 0.406881
0 0.905882 0.396780 0.918954 0.406881
0 0.847059 0.425503 0.860131 0.435604
0 0.905882 0.425503 0.918954 0.435604
0 0.106698 0.441922 0.119770 0.452023
0 0.106698 0.458332 0.119770 0.468433
0 0.130227 0.488636 0.143299 0.498737
0 0.847059 0.531566 0.860131 0.541667
0 0.905882 0.531566 0.918954 0.541667
0 0.130227 0.549241 0.143299 0.559342
0 0.847059 0.578283 0.860131 0.588384
0 0.905882 0.578285 0.918954 0.588386
0 0.130227 0.595011 0.143299 0.605112
0 0.847059 0.679294 0.860131 0.689395
0 0.905882 0.679294 0.918954 0.689395
0 0.811765 0.696968 0.941176 0.712119
0 0.482353 0.712122 0.941176 0.727273
0 0.105882 0.727273 0.941176 0.742423
0 0.105882 0.742423 0.941176 0.757573
0 0.105882 0.757577 0.941176 0.772727
0 0.811765 0.787878 0.941176 0.803028
0 0.811765 0.803032 0.941176 0.818182
0 0.847059 0.851010 0.860131 0.861111
0 0.905882 0.851010 0.918954 0.861111
0 0.847059 0.866160 0.860131 0.876261
0 0.905882 0.866160 0.918954 0.876261
0 0.623529 0.878787 0.941176 0.893937
0 0.105882 0.893941 0.941176 0.909091
0 0.105882 0.909091 0.941176 0.924241
0 0.105882 0.924241 0.941176 0.939391
