0 0.045455 0.173204 0.817235 0.196082
0 0.818182 0.173204 0.954545 0.196082
0 0.827273 0.196077 0.954545 0.215683
0 0.827273 0.215688 0.954545 0.235294
0 0.073674 0.294118 0.272727 0.333335
0 0.272727 0.313725 0.363636 0.333335
0 0.363636 0.313725 0.454545 0.333335
0 0.454545 0.313725 0.572727 0.333335
0 0.572727 0.313725 0.700000 0.333335
0 0.700000 0.313725 0.826326 0.333335
0 0.827273 0.313725 0.954545 0.333335
0 0.073674 0.333335 0.272727 0.372552
0 0.272727 0.352943 0.363636 0.372552
0 0.363636 0.352943 0.454545 0.372552
0 0.454545 0.352943 0.572727 0.372552
0 0.572727 0.352943 0.700000 0.372552
0 0.700000 0.352943 0.826326 0.372552
0 0.827273 0.352943 0.954545 0.372552
0 0.073674 0.372552 0.272727 0.411770
0 0.272727 0.392160 0.363636 0.411770
0 0.363636 0.392160 0.454545 0.411770
0 0.454545 0.392160 0.572727 0.411770
0 0.572727 0.392160 0.700000 0.411770
0 0.700000 0.392160 0.826326 0.411770
0 0.827273 0.392160 0.954545 0.411770
0 0.073674 0.411770 0.272727 0.450987
0 0.272727 0.431377 0.363636 0.450987
0 0.363636 0.431377 0.454545 0.450987
0 0.454545 0.431377 0.572727 0.450987
0 0.572727 0.431377 0.700000 0.450987
0 0.700000 0.431377 0.826326 0.450987
0 0.827273 0.431377 0.954545 0.450987
0 0.073674 0.450987 0.272727 0.490204
0 0.272727 0.470595 0.363636 0.490204
0 0.363636 0.470595 0.454545 0.490204
0 0.454545 0.470595 0.572727 0.490204
0 0.572727 0.470595 0.700000 0.490204
0 0.700000 0.470595 0.826326 0.490204
0 0.827273 0.470595 0.954545 0.490204
0 0.073674 0.490204 0.272727 0.529422
0 0.272727 0.509812 0.363636 0.529422
0 0.363636 0.509812 0.454545 0.529422
0 0.454545 0.509812 0.572727 0.529422
0 0.572727 0.509812 0.700000 0.529422
0 0.700000 0.509812 0.826326 0.529422
0 0.827273 0.509812 0.954545 0.529422
0 0.073674 0.529422 0.272727 0.568639
0 0.272727 0.549029 0.363636 0.568639
0 0.363636 0.549029 0.454545 0.568639
0 0.454545 0.549029 0.572727 0.568639
0 0.572727 0.549029 0.700000 0.568639
0 0.700000 0.549029 0.826326 0.568639
0 0.827273 0.549029 0.954545 0.568639
0 0.073674 0.568639 0.272727 0.607856
0 0.272727 0.588247 0.363636 0.607856
0 0.363636 0.588247 0.454545 0.607856
0 0.454545 0.588247 0.572727 0.607856
0 0.572727 0.588247 0.700000 0.607856
0 0.700000 0.588247 0.826326 0.607856
0 0.827273 0.588247 0.954545 0.607856
0 0.073674 0.607856 0.272727 0.647074
0 0.272727 0.627464 0.363636 0.647074
0 0.363636 0.627464 0.454545 0.647074
0 0.454545 0.627464 0.572727 0.647074
0 0.572727 0.627464 0.700000 0.647074
0 0.700000 0.627464 0.826326 0.647074
0 0.827273 0.627464 0.954545 0.647074
0 0.073674 0.647074 0.272727 0.686291
0 0.272727 0.666681 0.363636 0.686291
0 0.363636 0.666681 0.454545 0.686291
0 0.454545 0.666681 0.572727 0.686291
0 0.572727 0.666681 0.700000 0.686291
0 0.700000 0.666681 0.826326 0.686291
0 0.827273 0.666681 0.954545 0.686291
0 0.073674 0.686291 0.272727 0.725508
0 0.272727 0.705899 0.363636 0.725508
0 0.363636 0.705899 0.454545 0.725508
0 0.454545 0.705899 0.572727 0.725508
0 0.572727 0.705899 0.700000 0.725508
0 0.700000 0.705899 0.826326 0.725508
0 0.827273 0.705899 0.954545 0.725508
0 0.073674 0.725508 0.272727 0.764725
0 0.272727 0.745116 0.363636 0.764725
0 0.363636 0.745116 0.454545 0.764725
0 0.454545 0.745116 0.572727 0.764725
0 0.572727 0.745116 0.700000 0.764725
0 0.700000 0.745116 0.826326 0.764725
0 0.827273 0.745116 0.954545 0.764725
0 0.073674 0.764725 0.272727 0.803943
0 0.272727 0.784333 0.363636 0.803943
0 0.363636 0.784333 0.454545 0.803943
0 0.454545 0.784333 0.572727 0.803943
0 0.572727 0.784333 0.700000 0.803943
0 0.700000 0.784333 0.826326 0.803943
0 0.827273 0.784333 0.954545 0.803943
0 0.073674 0.803943 0.272727 0.843160
0 0.272727 0.823551 0.363636 0.843160
0 0.363636 0.823551 0.454545 0.843160
0 0.454545 0.823551 0.572727 0.843160
0 0.572727 0.823551 0.700000 0.843160
0 0.700000 0.823551 0.826326 0.843160
0 0.827273 0.823551 0.954545 0.843160
0 0.073674 0.843160 0.272727 0.882377
0 0.272727 0.862768 0.363636 0.882377
0 0.363636 0.862768 0.454545 0.882377
0 0.454545 0.862768 0.572727 0.882377
0 0.572727 0.862768 0.700000 0.882377
0 0.700000 0.862768 0.826326 0.882377
0 0.827273 0.862768 0.954545 0.882377
0 0.272727 0.901985 0.363636 0.921595
0 0.363636 0.901985 0.454545 0.921595
0 0.454545 0.901985 0.572727 0.921595
0 0.572727 0.901985 0.700000 0.921595
0 0.700000 0.901985 0.826326 0.921595
0 0.827273 0.901985 0.954545 0.921595
