0 0.218434 0.176471 0.219696 0.196077
0 0.219696 0.176471 0.365717 0.196077
0 0.366664 0.176471 0.512686 0.196077
0 0.513633 0.176471 0.659654 0.196077
0 0.660601 0.176471 0.806622 0.196077
0 0.807569 0.176471 0.954538 0.196077
0 0.218434 0.196077 0.219696 0.215688
0 0.219696 0.196077 0.365717 0.215688
0 0.366664 0.196077 0.512686 0.215688
0 0.513633 0.196077 0.659654 0.215688
0 0.660601 0.196077 0.806622 0.215688
0 0.807569 0.196077 0.954538 0.215688
0 0.218434 0.215688 0.219696 0.235294
0 0.219696 0.215688 0.365717 0.235294
0 0.366664 0.215688 0.512686 0.235294
0 0.513633 0.215688 0.659654 0.235294
0 0.660601 0.215688 0.806622 0.235294
0 0.807569 0.215688 0.954538 0.235294
0 0.218434 0.235294 0.219696 0.254900
0 0.219696 0.235294 0.365717 0.254900
0 0.366664 0.235294 0.512686 0.254900
0 0.513633 0.235294 0.659654 0.254900
0 0.660601 0.235294 0.806622 0.254900
0 0.807569 0.235294 0.954538 0.254900
0 0.218434 0.254900 0.219696 0.274507
0 0.219696 0.254900 0.365717 0.274507
0 0.366664 0.254900 0.512686 0.274507
0 0.513633 0.254900 0.659654 0.274507
0 0.660601 0.254900 0.806622 0.274507
0 0.807569 0.254900 0.954538 0.274507
0 0.218434 0.274507 0.219696 0.294118
0 0.219696 0.274507 0.365717 0.294118
0 0.366664 0.274507 0.512686 0.294118
0 0.513633 0.274507 0.659654 0.294118
0 0.660601 0.274507 0.806622 0.294118
0 0.807569 0.274507 0.954538 0.294118
0 0.218434 0.294118 0.219696 0.313724
0 0.219696 0.294118 0.365717 0.313724
0 0.366664 0.294118 0.512686 0.313724
0 0.513633 0.294118 0.659654 0.313724
0 0.660601 0.294118 0.806622 0.313724
0 0.807569 0.294118 0.954538 0.313724
0 0.218434 0.313724 0.219696 0.333335
0 0.219696 0.313724 0.365717 0.333335
0 0.366664 0.313724 0.512686 0.333335
0 0.513633 0.313724 0.659654 0.333335
0 0.660601 0.313724 0.806622 0.333335
0 0.807569 0.313724 0.954538 0.333335
0 0.072739 0.392159 0.218760 0.411765
0 0.219707 0.392159 0.365729 0.411765
0 0.366676 0.392159 0.512697 0.411765
0 0.513644 0.392159 0.659665 0.411765
0 0.660612 0.392159 0.806634 0.411765
0 0.807581 0.392159 0.954549 0.411765
0 0.072739 0.411765 0.218760 0.431371
0 0.219707 0.411765 0.365729 0.431371
0 0.366676 0.411765 0.512697 0.431371
0 0.513644 0.411765 0.659665 0.431371
0 0.660612 0.411765 0.806634 0.431371
0 0.807581 0.411765 0.954549 0.431371
0 0.072739 0.431371 0.218760 0.450977
0 0.219707 0.431371 0.365729 0.450977
0 0.366676 0.431371 0.512697 0.450977
0 0.513644 0.431371 0.659665 0.450977
0 0.660612 0.431371 0.806634 0.450977
0 0.807581 0.431371 0.954549 0.450977
0 0.072739 0.450977 0.218760 0.470583
0 0.219707 0.450977 0.365729 0.470583
0 0.366676 0.450977 0.512697 0.470583
0 0.513644 0.450977 0.659665 0.470583
0 0.660612 0.450977 0.806634 0.470583
0 0.807581 0.450977 0.954549 0.470583
0 0.072739 0.470583 0.218760 0.490190
0 0.219707 0.470583 0.365729 0.490190
0 0.366676 0.470583 0.512697 0.490190
0 0.513644 0.470583 0.659665 0.490190
0 0.660612 0.470583 0.806634 0.490190
0 0.807581 0.470583 0.954549 0.490190
0 0.072739 0.490190 0.218760 0.509796
0 0.219707 0.490190 0.365729 0.509796
0 0.366676 0.490190 0.512697 0.509796
0 0.513644 0.490190 0.659665 0.509796
0 0.660612 0.490190 0.806634 0.509796
0 0.807581 0.490190 0.954549 0.509796
0 0.072739 0.509796 0.218760 0.529402
0 0.219707 0.509796 0.365729 0.529402
0 0.366676 0.509796 0.512697 0.529402
0 0.513644 0.509796 0.659665 0.529402
0 0.660612 0.509796 0.806634 0.529402
0 0.807581 0.509796 0.954549 0.529402
0 0.072739 0.529402 0.218760 0.549008
0 0.219707 0.529402 0.365729 0.549008
0 0.366676 0.529402 0.512697 0.549008
0 0.513644 0.529402 0.659665 0.549008
0 0.660612 0.529402 0.806634 0.549008
0 0.807581 0.529402 0.954549 0.549008
0 0.660605 0.568626 0.806626 0.588235
0 0.807577 0.568626 0.954545 0.588235
