0 0.929292 0.140724 0.939393 0.153796
0 0.045455 0.173204 0.680871 0.196082
0 0.681818 0.173204 0.818182 0.196082
0 0.818182 0.173204 0.954545 0.196082
0 0.126010 0.333330 0.127273 0.352936
0 0.127273 0.333330 0.244508 0.352936
0 0.245455 0.333330 0.362689 0.352936
0 0.363636 0.333330 0.480871 0.352936
0 0.488510 0.334962 0.501136 0.351302
0 0.515783 0.334962 0.528409 0.351302
0 0.536364 0.333330 0.653599 0.352936
0 0.654545 0.333330 0.771780 0.352936
0 0.772727 0.333330 0.889962 0.352936
0 0.890909 0.333330 0.954545 0.352936
0 0.126010 0.352936 0.127273 0.372542
0 0.127273 0.352936 0.244508 0.372542
0 0.245455 0.352936 0.362689 0.372542
0 0.363636 0.352936 0.480871 0.372542
0 0.488510 0.354569 0.501136 0.370909
0 0.515783 0.354569 0.528409 0.370909
0 0.536364 0.352936 0.653599 0.372542
0 0.654545 0.352936 0.771780 0.372542
0 0.772727 0.352936 0.889962 0.372542
0 0.890909 0.352936 0.954545 0.372542
0 0.126010 0.372542 0.127273 0.392149
0 0.127273 0.372542 0.244508 0.392149
0 0.245455 0.372542 0.362689 0.392149
0 0.363636 0.372542 0.480871 0.392149
0 0.488510 0.375809 0.501136 0.392149
0 0.515783 0.375809 0.528409 0.392149
0 0.536364 0.372542 0.653599 0.392149
0 0.654545 0.372542 0.771780 0.392149
0 0.772727 0.372542 0.889962 0.392149
0 0.890909 0.372542 0.954545 0.392149
0 0.126010 0.392149 0.127273 0.411755
0 0.127273 0.392149 0.244508 0.411755
0 0.245455 0.392149 0.362689 0.411755
0 0.363636 0.392149 0.480871 0.411755
0 0.488510 0.395415 0.501136 0.411755
0 0.515783 0.395415 0.528409 0.411755
0 0.536364 0.392149 0.653599 0.411755
0 0.654545 0.392149 0.771780 0.411755
0 0.772727 0.392149 0.889962 0.411755
0 0.890909 0.392149 0.954545 0.411755
0 0.072727 0.411755 0.127273 0.431361
0 0.127273 0.411755 0.244508 0.431361
0 0.245455 0.411755 0.362689 0.431361
0 0.363636 0.411755 0.480871 0.431361
0 0.488510 0.415021 0.501136 0.431361
0 0.515783 0.415021 0.528409 0.431361
0 0.536364 0.411755 0.653599 0.431361
0 0.654545 0.411755 0.771780 0.431361
0 0.772727 0.411755 0.889962 0.431361
0 0.890909 0.411755 0.954545 0.431361
0 0.072727 0.431361 0.127273 0.450967
0 0.127273 0.431361 0.244508 0.450967
0 0.245455 0.431361 0.362689 0.450967
0 0.363636 0.431361 0.480871 0.450967
0 0.488510 0.434627 0.501136 0.450967
0 0.515783 0.434627 0.528409 0.450967
0 0.536364 0.431361 0.653599 0.450967
0 0.654545 0.431361 0.771780 0.450967
0 0.772727 0.431361 0.889962 0.450967
0 0.890909 0.431361 0.954545 0.450967
0 0.072727 0.450967 0.127273 0.470574
0 0.127273 0.450967 0.244508 0.470574
0 0.245455 0.450967 0.362689 0.470574
0 0.363636 0.450967 0.480871 0.470574
0 0.488510 0.454234 0.501136 0.470574
0 0.515783 0.454234 0.528409 0.470574
0 0.536364 0.450967 0.653599 0.470574
0 0.654545 0.450967 0.771780 0.470574
0 0.772727 0.450967 0.889962 0.470574
0 0.890909 0.450967 0.954545 0.470574
0 0.072727 0.470574 0.127273 0.490180
0 0.127273 0.470574 0.244508 0.490180
0 0.245455 0.470574 0.362689 0.490180
0 0.363636 0.470574 0.480871 0.490180
0 0.488510 0.472206 0.501136 0.488546
0 0.515783 0.472206 0.528409 0.488546
0 0.536364 0.470574 0.653599 0.490180
0 0.654545 0.470574 0.771780 0.490180
0 0.772727 0.470574 0.889962 0.490180
0 0.890909 0.470574 0.954545 0.490180
0 0.180556 0.568629 0.181818 0.588235
0 0.181818 0.568629 0.335417 0.588235
0 0.336364 0.568629 0.489962 0.588235
0 0.490909 0.568629 0.644508 0.588235
0 0.645455 0.568629 0.799053 0.588235
0 0.800000 0.568629 0.954545 0.588235
0 0.180556 0.588235 0.181818 0.607841
0 0.181818 0.588235 0.335417 0.607841
0 0.336364 0.588235 0.489962 0.607841
0 0.490909 0.588235 0.644508 0.607841
0 0.645455 0.588235 0.799053 0.607841
0 0.800000 0.588235 0.954545 0.607841
0 0.180556 0.607841 0.181818 0.627448
0 0.181818 0.607841 0.335417 0.627448
0 0.336364 0.607841 0.489962 0.627448
0 0.490909 0.607841 0.644508 0.627448
0 0.645455 0.607841 0.799053 0.627448
0 0.800000 0.607841 0.954545 0.627448
0 0.180556 0.627448 0.181818 0.647054
0 0.181818 0.627448 0.335417 0.647054
0 0.336364 0.627448 0.489962 0.647054
0 0.490909 0.627448 0.644508 0.647054
0 0.645455 0.627448 0.799053 0.647054
0 0.800000 0.627448 0.954545 0.647054
0 0.072727 0.647054 0.181818 0.666660
0 0.181818 0.647054 0.335417 0.666660
0 0.336364 0.647054 0.489962 0.666660
0 0.490909 0.647054 0.644508 0.666660
0 0.645455 0.647054 0.799053 0.666660
0 0.800000 0.647054 0.954545 0.666660
0 0.072727 0.666660 0.181818 0.686266
0 0.181818 0.666660 0.335417 0.686266
0 0.336364 0.666660 0.489962 0.686266
0 0.490909 0.666660 0.644508 0.686266
0 0.645455 0.666660 0.799053 0.686266
0 0.800000 0.666660 0.954545 0.686266
0 0.072727 0.686266 0.181818 0.705873
0 0.181818 0.686266 0.335417 0.705873
0 0.336364 0.686266 0.489962 0.705873
0 0.490909 0.686266 0.644508 0.705873
0 0.645455 0.686266 0.799053 0.705873
0 0.800000 0.686266 0.954545 0.705873
0 0.072727 0.705873 0.181818 0.725479
0 0.181818 0.705873 0.335417 0.725479
0 0.336364 0.705873 0.489962 0.725479
0 0.490909 0.705873 0.644508 0.725479
0 0.645455 0.705873 0.799053 0.725479
0 0.800000 0.705873 0.954545 0.725479
0 0.072727 0.764706 0.248144 0.784312
0 0.249091 0.764706 0.424508 0.784312
0 0.425455 0.764706 0.600871 0.784312
0 0.601818 0.764706 0.777235 0.784312
0 0.778182 0.764706 0.954545 0.784312
0 0.072727 0.784312 0.248144 0.803918
0 0.249091 0.784312 0.424508 0.803918
0 0.425455 0.784312 0.600871 0.803918
0 0.601818 0.784312 0.777235 0.803918
0 0.778182 0.784312 0.954545 0.803918
0 0.072727 0.803918 0.248144 0.823525
0 0.249091 0.803918 0.424508 0.823525
0 0.425455 0.803918 0.600871 0.823525
0 0.601818 0.803918 0.777235 0.823525
0 0.778182 0.803918 0.954545 0.823525
0 0.072727 0.823525 0.248144 0.843131
0 0.249091 0.823525 0.424508 0.843131
0 0.425455 0.823525 0.600871 0.843131
0 0.601818 0.823525 0.777235 0.843131
0 0.778182 0.823525 0.954545 0.843131
0 0.072727 0.843131 0.248144 0.862737
0 0.249091 0.843131 0.424508 0.862737
0 0.425455 0.843131 0.600871 0.862737
0 0.601818 0.843131 0.777235 0.862737
0 0.778182 0.843131 0.954545 0.862737
0 0.072727 0.862737 0.248144 0.882343
0 0.249091 0.862737 0.424508 0.882343
0 0.425455 0.862737 0.600871 0.882343
0 0.601818 0.862737 0.777235 0.882343
0 0.778182 0.862737 0.954545 0.882343
0 0.072727 0.882343 0.248144 0.901949
0 0.249091 0.882343 0.424508 0.901949
0 0.425455 0.882343 0.600871 0.901949
0 0.601818 0.882343 0.777235 0.901949
0 0.778182 0.882343 0.954545 0.901949
0 0.072727 0.901949 0.248144 0.921556
0 0.249091 0.901949 0.424508 0.921556
0 0.425455 0.901949 0.600871 0.921556
0 0.601818 0.901949 0.777235 0.921556
0 0.778182 0.901949 0.954545 0.921556
0 0.601818 0.921570 0.777235 0.941176
0 0.778182 0.921570 0.954545 0.941176
