0 0.058824 0.133840 0.728186 0.151518
0 0.729412 0.133840 0.941176 0.151518
0 0.058824 0.164140 0.941176 0.181818
0 0.058824 0.194444 0.941176 0.212122
0 0.058824 0.239899 0.728186 0.257577
0 0.729412 0.239899 0.941176 0.257577
0 0.847059 0.272727 0.941176 0.287878
0 0.105882 0.303032 0.941176 0.318182
0 0.105882 0.318182 0.941176 0.333332
0 0.105882 0.333332 0.941176 0.348482
0 0.105882 0.348486 0.941176 0.363636
0 0.105882 0.363636 0.941176 0.378787
0 0.105882 0.378787 0.941176 0.393937
0 0.105882 0.393941 0.941176 0.409091
0 0.105882 0.409091 0.941176 0.424241
0 0.823529 0.469696 0.941176 0.484846
0 0.847059 0.484850 0.941176 0.500000
0 0.847059 0.532828 0.860131 0.542929
0 0.905882 0.532828 0.918954 0.542929
0 0.905882 0.547979 0.918954 0.558080
0 0.847059 0.547979 0.860131 0.558080
0 0.105882 0.575759 0.941176 0.590909
0 0.105882 0.590909 0.941176 0.606059
0 0.105882 0.606059 0.941176 0.621210
0 0.105882 0.621213 0.941176 0.636364
0 0.105882 0.636364 0.941176 0.651514
0 0.105882 0.651514 0.941176 0.666664
0 0.105882 0.666668 0.941176 0.681818
0 0.105882 0.681818 0.941176 0.696968
