0 0.045455 0.153593 0.817235 0.176471
0 0.818182 0.153593 0.954545 0.176471
0 0.073990 0.294118 0.217235 0.333335
0 0.218182 0.313725 0.300000 0.333335
0 0.300000 0.313725 0.408144 0.333335
0 0.409091 0.313725 0.517235 0.333335
0 0.518182 0.313725 0.626326 0.333335
0 0.627273 0.313725 0.735417 0.333335
0 0.736364 0.313725 0.844508 0.333335
0 0.845455 0.313725 0.954545 0.333335
0 0.073990 0.333335 0.217235 0.372552
0 0.218182 0.352943 0.300000 0.372552
0 0.300000 0.352943 0.408144 0.372552
0 0.409091 0.352943 0.517235 0.372552
0 0.518182 0.352943 0.626326 0.372552
0 0.627273 0.352943 0.735417 0.372552
0 0.736364 0.352943 0.844508 0.372552
0 0.845455 0.352943 0.954545 0.372552
0 0.073990 0.372552 0.217235 0.411770
0 0.218182 0.392160 0.300000 0.411770
0 0.300000 0.392160 0.408144 0.411770
0 0.409091 0.392160 0.517235 0.411770
0 0.518182 0.392160 0.626326 0.411770
0 0.627273 0.392160 0.735417 0.411770
0 0.736364 0.392160 0.844508 0.411770
0 0.845455 0.392160 0.954545 0.411770
0 0.073990 0.411770 0.217235 0.450987
0 0.218182 0.431377 0.300000 0.450987
0 0.300000 0.431377 0.408144 0.450987
0 0.409091 0.431377 0.517235 0.450987
0 0.518182 0.431377 0.626326 0.450987
0 0.627273 0.431377 0.735417 0.450987
0 0.736364 0.431377 0.844508 0.450987
0 0.845455 0.431377 0.954545 0.450987
0 0.073990 0.450987 0.217235 0.490204
0 0.218182 0.470595 0.300000 0.490204
0 0.300000 0.470595 0.408144 0.490204
0 0.409091 0.470595 0.517235 0.490204
0 0.518182 0.470595 0.626326 0.490204
0 0.627273 0.470595 0.735417 0.490204
0 0.736364 0.470595 0.844508 0.490204
0 0.845455 0.470595 0.954545 0.490204
0 0.073990 0.490204 0.217235 0.529422
0 0.218182 0.509812 0.300000 0.529422
0 0.300000 0.509812 0.408144 0.529422
0 0.409091 0.509812 0.517235 0.529422
0 0.518182 0.509812 0.626326 0.529422
0 0.627273 0.509812 0.735417 0.529422
0 0.736364 0.509812 0.844508 0.529422
0 0.845455 0.509812 0.954545 0.529422
0 0.073990 0.529422 0.217235 0.568639
0 0.218182 0.549029 0.300000 0.568639
0 0.300000 0.549029 0.408144 0.568639
0 0.409091 0.549029 0.517235 0.568639
0 0.518182 0.549029 0.626326 0.568639
0 0.627273 0.549029 0.735417 0.568639
0 0.736364 0.549029 0.844508 0.568639
0 0.845455 0.549029 0.954545 0.568639
0 0.073990 0.568639 0.217235 0.607856
0 0.218182 0.588247 0.300000 0.607856
0 0.300000 0.588247 0.408144 0.607856
0 0.409091 0.588247 0.517235 0.607856
0 0.518182 0.588247 0.626326 0.607856
0 0.627273 0.588247 0.735417 0.607856
0 0.736364 0.588247 0.844508 0.607856
0 0.845455 0.588247 0.954545 0.607856
0 0.073990 0.607856 0.217235 0.647074
0 0.218182 0.627464 0.300000 0.647074
0 0.300000 0.627464 0.408144 0.647074
0 0.409091 0.627464 0.517235 0.647074
0 0.518182 0.627464 0.626326 0.647074
0 0.627273 0.627464 0.735417 0.647074
0 0.736364 0.627464 0.844508 0.647074
0 0.845455 0.627464 0.954545 0.647074
0 0.073990 0.647074 0.217235 0.686291
0 0.218182 0.666681 0.300000 0.686291
0 0.300000 0.666681 0.408144 0.686291
0 0.409091 0.666681 0.517235 0.686291
0 0.518182 0.666681 0.626326 0.686291
0 0.627273 0.666681 0.735417 0.686291
0 0.736364 0.666681 0.844508 0.686291
0 0.845455 0.666681 0.954545 0.686291
0 0.073990 0.686291 0.217235 0.725508
0 0.218182 0.705899 0.300000 0.725508
0 0.300000 0.705899 0.408144 0.725508
0 0.409091 0.705899 0.517235 0.725508
0 0.518182 0.705899 0.626326 0.725508
0 0.627273 0.705899 0.735417 0.725508
0 0.736364 0.705899 0.844508 0.725508
0 0.845455 0.705899 0.954545 0.725508
0 0.073990 0.725508 0.217235 0.764725
0 0.218182 0.745116 0.300000 0.764725
0 0.300000 0.745116 0.408144 0.764725
0 0.409091 0.745116 0.517235 0.764725
0 0.518182 0.745116 0.626326 0.764725
0 0.627273 0.745116 0.735417 0.764725
0 0.736364 0.745116 0.844508 0.764725
0 0.845455 0.745116 0.954545 0.764725
0 0.073990 0.764725 0.217235 0.803943
0 0.218182 0.784333 0.300000 0.803943
0 0.300000 0.784333 0.408144 0.803943
0 0.409091 0.784333 0.517235 0.803943
0 0.518182 0.784333 0.626326 0.803943
0 0.627273 0.784333 0.735417 0.803943
0 0.736364 0.784333 0.844508 0.803943
0 0.845455 0.784333 0.954545 0.803943
0 0.073990 0.803943 0.217235 0.843160
0 0.218182 0.823551 0.300000 0.843160
0 0.300000 0.823551 0.408144 0.843160
0 0.409091 0.823551 0.517235 0.843160
0 0.518182 0.823551 0.626326 0.843160
0 0.627273 0.823551 0.735417 0.843160
0 0.736364 0.823551 0.844508 0.843160
0 0.845455 0.823551 0.954545 0.843160
0 0.073990 0.843160 0.217235 0.882377
0 0.218182 0.862768 0.300000 0.882377
0 0.300000 0.862768 0.408144 0.882377
0 0.409091 0.862768 0.517235 0.882377
0 0.518182 0.862768 0.626326 0.882377
0 0.627273 0.862768 0.735417 0.882377
0 0.736364 0.862768 0.844508 0.882377
0 0.845455 0.862768 0.954545 0.882377
0 0.218182 0.901985 0.300000 0.921595
0 0.300000 0.901985 0.408144 0.921595
0 0.409091 0.901985 0.517235 0.921595
0 0.518182 0.901985 0.626326 0.921595
0 0.627273 0.901985 0.735417 0.921595
0 0.736364 0.901985 0.844508 0.921595
0 0.845455 0.901985 0.954545 0.921595
