0 0.072727 0.137258 0.235417 0.156864
0 0.236364 0.137258 0.399053 0.156864
0 0.400000 0.137258 0.562689 0.156864
0 0.563636 0.137258 0.744508 0.156864
0 0.745455 0.137258 0.926326 0.156864
0 0.072727 0.156864 0.235417 0.176471
0 0.236364 0.156864 0.399053 0.176471
0 0.400000 0.156864 0.562689 0.176471
0 0.563636 0.156864 0.744508 0.176471
0 0.745455 0.156864 0.926326 0.176471
0 0.072727 0.176471 0.235417 0.196077
0 0.236364 0.176471 0.399053 0.196077
0 0.400000 0.176471 0.562689 0.196077
0 0.563636 0.176471 0.744508 0.196077
0 0.745455 0.176471 0.926326 0.196077
0 0.072727 0.196077 0.235417 0.215683
0 0.236364 0.196077 0.399053 0.215683
0 0.400000 0.196077 0.562689 0.215683
0 0.563636 0.196077 0.744508 0.215683
0 0.745455 0.196077 0.926326 0.215683
0 0.072727 0.215683 0.235417 0.235289
0 0.236364 0.215683 0.399053 0.235289
0 0.400000 0.215683 0.562689 0.235289
0 0.563636 0.215683 0.744508 0.235289
0 0.745455 0.215683 0.926326 0.235289
0 0.072727 0.235289 0.235417 0.254895
0 0.236364 0.235289 0.399053 0.254895
0 0.400000 0.235289 0.562689 0.254895
0 0.563636 0.235289 0.744508 0.254895
0 0.745455 0.235289 0.926326 0.254895
0 0.072727 0.254895 0.235417 0.274502
0 0.236364 0.254895 0.399053 0.274502
0 0.400000 0.254895 0.562689 0.274502
0 0.563636 0.254895 0.744508 0.274502
0 0.745455 0.254895 0.926326 0.274502
0 0.072727 0.274502 0.235417 0.294108
0 0.236364 0.274502 0.399053 0.294108
0 0.400000 0.274502 0.562689 0.294108
0 0.563636 0.274502 0.744508 0.294108
0 0.745455 0.274502 0.926326 0.294108
0 0.563636 0.313725 0.744508 0.333335
0 0.745455 0.313725 0.926326 0.333335
0 0.128220 0.450977 0.336364 0.470583
0 0.336364 0.450977 0.427273 0.470583
0 0.427273 0.450977 0.544508 0.470583
0 0.545455 0.450977 0.662689 0.470583
0 0.663636 0.450977 0.780871 0.470583
0 0.789141 0.452609 0.801768 0.468949
0 0.816414 0.452609 0.829040 0.468949
0 0.836364 0.450977 0.954545 0.470583
0 0.128220 0.470583 0.336364 0.490190
0 0.336364 0.470583 0.427273 0.490190
0 0.427273 0.470583 0.544508 0.490190
0 0.545455 0.470583 0.662689 0.490190
0 0.663636 0.470583 0.780871 0.490190
0 0.789141 0.472216 0.801768 0.488556
0 0.816414 0.472216 0.829040 0.488556
0 0.836364 0.470583 0.954545 0.490190
0 0.128220 0.490190 0.336364 0.509796
0 0.336364 0.490190 0.427273 0.509796
0 0.427273 0.490190 0.544508 0.509796
0 0.545455 0.490190 0.662689 0.509796
0 0.663636 0.490190 0.780871 0.509796
0 0.789141 0.491822 0.801768 0.508162
0 0.816414 0.491822 0.829040 0.508162
0 0.836364 0.490190 0.954545 0.509796
0 0.128220 0.509796 0.336364 0.529402
0 0.336364 0.509796 0.427273 0.529402
0 0.427273 0.509796 0.544508 0.529402
0 0.545455 0.509796 0.662689 0.529402
0 0.663636 0.509796 0.780871 0.529402
0 0.789141 0.511428 0.801768 0.527768
0 0.816414 0.511428 0.829040 0.527768
0 0.836364 0.509796 0.954545 0.529402
0 0.836364 0.549020 0.954545 0.568629
0 0.128220 0.568624 0.336364 0.588230
0 0.336364 0.568624 0.427273 0.588230
0 0.427273 0.568624 0.544508 0.588230
0 0.545455 0.568624 0.662689 0.588230
0 0.663636 0.568624 0.780871 0.588230
0 0.789141 0.570257 0.801768 0.586596
0 0.816414 0.570257 0.829040 0.586596
0 0.836364 0.568624 0.954545 0.588230
0 0.128220 0.588230 0.336364 0.607837
0 0.336364 0.588230 0.427273 0.607837
0 0.427273 0.588230 0.544508 0.607837
0 0.545455 0.588230 0.662689 0.607837
0 0.663636 0.588230 0.780871 0.607837
0 0.789141 0.589863 0.801768 0.606203
0 0.816414 0.589863 0.829040 0.606203
0 0.836364 0.588230 0.954545 0.607837
0 0.128220 0.607837 0.336364 0.627443
0 0.336364 0.607837 0.427273 0.627443
0 0.427273 0.607837 0.544508 0.627443
0 0.545455 0.607837 0.662689 0.627443
0 0.663636 0.607837 0.780871 0.627443
0 0.789141 0.609469 0.801768 0.625809
0 0.816414 0.609469 0.829040 0.625809
0 0.836364 0.607837 0.954545 0.627443
0 0.128220 0.627443 0.336364 0.647049
0 0.336364 0.627443 0.427273 0.647049
0 0.427273 0.627443 0.544508 0.647049
0 0.545455 0.627443 0.662689 0.647049
0 0.663636 0.627443 0.780871 0.647049
0 0.789141 0.629075 0.801768 0.645415
0 0.816414 0.629075 0.829040 0.645415
0 0.836364 0.627443 0.954545 0.647049
0 0.836364 0.666667 0.954545 0.686276
0 0.128220 0.686271 0.336364 0.705877
0 0.336364 0.686271 0.427273 0.705877
0 0.427273 0.686271 0.544508 0.705877
0 0.545455 0.686271 0.662689 0.705877
0 0.663636 0.686271 0.780871 0.705877
0 0.789141 0.687904 0.801768 0.704243
0 0.816414 0.687904 0.829040 0.704243
0 0.836364 0.686271 0.954545 0.705877
0 0.128220 0.705877 0.336364 0.725484
0 0.336364 0.705877 0.427273 0.725484
0 0.427273 0.705877 0.544508 0.725484
0 0.545455 0.705877 0.662689 0.725484
0 0.663636 0.705877 0.780871 0.725484
0 0.789141 0.707510 0.801768 0.723850
0 0.816414 0.707510 0.829040 0.723850
0 0.836364 0.705877 0.954545 0.725484
0 0.128220 0.725484 0.336364 0.745090
0 0.336364 0.725484 0.427273 0.745090
0 0.427273 0.725484 0.544508 0.745090
0 0.545455 0.725484 0.662689 0.745090
0 0.663636 0.725484 0.780871 0.745090
0 0.789141 0.727116 0.801768 0.743456
0 0.816414 0.727116 0.829040 0.743456
0 0.836364 0.725484 0.954545 0.745090
0 0.128220 0.745090 0.336364 0.764696
0 0.336364 0.745090 0.427273 0.764696
0 0.427273 0.745090 0.544508 0.764696
0 0.545455 0.745090 0.662689 0.764696
0 0.663636 0.745090 0.780871 0.764696
0 0.789141 0.746722 0.801768 0.763062
0 0.816414 0.746722 0.829040 0.763062
0 0.836364 0.745090 0.954545 0.764696
0 0.836364 0.784314 0.954545 0.803923
0 0.128220 0.803918 0.336364 0.823525
0 0.336364 0.803918 0.427273 0.823525
0 0.427273 0.803918 0.544508 0.823525
0 0.545455 0.803918 0.662689 0.823525
0 0.663636 0.803918 0.780871 0.823525
0 0.789141 0.805551 0.801768 0.821891
0 0.816414 0.805551 0.829040 0.821891
0 0.836364 0.803918 0.954545 0.823525
0 0.128220 0.823525 0.336364 0.843131
0 0.336364 0.823525 0.427273 0.843131
0 0.427273 0.823525 0.544508 0.843131
0 0.545455 0.823525 0.662689 0.843131
0 0.663636 0.823525 0.780871 0.843131
0 0.789141 0.825157 0.801768 0.841497
0 0.816414 0.825157 0.829040 0.841497
0 0.836364 0.823525 0.954545 0.843131
0 0.128220 0.843131 0.336364 0.862737
0 0.336364 0.843131 0.427273 0.862737
0 0.427273 0.843131 0.544508 0.862737
0 0.545455 0.843131 0.662689 0.862737
0 0.663636 0.843131 0.780871 0.862737
0 0.789141 0.844763 0.801768 0.861103
0 0.816414 0.844763 0.829040 0.861103
0 0.836364 0.843131 0.954545 0.862737
0 0.128220 0.862737 0.336364 0.882343
0 0.336364 0.862737 0.427273 0.882343
0 0.427273 0.862737 0.544508 0.882343
0 0.545455 0.862737 0.662689 0.882343
0 0.663636 0.862737 0.780871 0.882343
0 0.789141 0.864369 0.801768 0.880709
0 0.816414 0.864369 0.829040 0.880709
0 0.836364 0.862737 0.954545 0.882343
0 0.836364 0.901961 0.954545 0.921570
