0 0.072727 0.176467 0.197754 0.196077
0 0.198701 0.176467 0.323727 0.196077
0 0.324674 0.176467 0.449701 0.196077
0 0.450648 0.176467 0.575674 0.196077
0 0.576621 0.176467 0.701648 0.196077
0 0.702595 0.176467 0.827621 0.196077
0 0.828568 0.176467 0.954542 0.196077
0 0.072727 0.215685 0.197754 0.235294
0 0.198701 0.215685 0.323727 0.235294
0 0.324674 0.215685 0.449701 0.235294
0 0.450648 0.215685 0.575674 0.235294
0 0.576621 0.215685 0.701648 0.235294
0 0.702595 0.215685 0.827621 0.235294
0 0.828568 0.215685 0.954542 0.235294
0 0.072727 0.254902 0.197754 0.274511
0 0.198701 0.254902 0.323727 0.274511
0 0.324674 0.254902 0.449701 0.274511
0 0.450648 0.254902 0.575674 0.274511
0 0.576621 0.254902 0.701648 0.274511
0 0.702595 0.254902 0.827621 0.274511
0 0.828568 0.254902 0.954542 0.274511
0 0.072727 0.294119 0.197754 0.313729
0 0.198701 0.294119 0.323727 0.313729
0 0.324674 0.294119 0.449701 0.313729
0 0.450648 0.294119 0.575674 0.313729
0 0.576621 0.294119 0.701648 0.313729
0 0.702595 0.294119 0.827621 0.313729
0 0.828568 0.294119 0.954542 0.313729
0 0.072727 0.333337 0.197754 0.352946
0 0.198701 0.333337 0.323727 0.352946
0 0.324674 0.333337 0.449701 0.352946
0 0.450648 0.333337 0.575674 0.352946
0 0.576621 0.333337 0.701648 0.352946
0 0.702595 0.333337 0.827621 0.352946
0 0.828568 0.333337 0.954542 0.352946
0 0.072727 0.372554 0.197754 0.392163
0 0.198701 0.372554 0.323727 0.392163
0 0.324674 0.372554 0.449701 0.392163
0 0.450648 0.372554 0.575674 0.392163
0 0.576621 0.372554 0.701648 0.392163
0 0.702595 0.372554 0.827621 0.392163
0 0.828568 0.372554 0.954542 0.392163
0 0.072727 0.411771 0.197754 0.431381
0 0.198701 0.411771 0.323727 0.431381
0 0.324674 0.411771 0.449701 0.431381
0 0.450648 0.411771 0.575674 0.431381
0 0.576621 0.411771 0.701648 0.431381
0 0.702595 0.411771 0.827621 0.431381
0 0.828568 0.411771 0.954542 0.431381
0 0.072727 0.450989 0.197754 0.470598
0 0.198701 0.450989 0.323727 0.470598
0 0.324674 0.450989 0.449701 0.470598
0 0.450648 0.450989 0.575674 0.470598
0 0.576621 0.450989 0.701648 0.470598
0 0.702595 0.450989 0.827621 0.470598
0 0.828568 0.450989 0.954542 0.470598
0 0.072727 0.490206 0.197754 0.509815
0 0.198701 0.490206 0.323727 0.509815
0 0.324674 0.490206 0.449701 0.509815
0 0.450648 0.490206 0.575674 0.509815
0 0.576621 0.490206 0.701648 0.509815
0 0.702595 0.490206 0.827621 0.509815
0 0.828568 0.490206 0.954542 0.509815
0 0.072727 0.529423 0.197754 0.549033
0 0.198701 0.529423 0.323727 0.549033
0 0.324674 0.529423 0.449701 0.549033
0 0.450648 0.529423 0.575674 0.549033
0 0.576621 0.529423 0.701648 0.549033
0 0.702595 0.529423 0.827621 0.549033
0 0.828568 0.529423 0.954542 0.549033
0 0.072727 0.568641 0.197754 0.588250
0 0.198701 0.568641 0.323727 0.588250
0 0.324674 0.568641 0.449701 0.588250
0 0.450648 0.568641 0.575674 0.588250
0 0.576621 0.568641 0.701648 0.588250
0 0.702595 0.568641 0.827621 0.588250
0 0.828568 0.568641 0.954542 0.588250
0 0.072727 0.607858 0.197754 0.627467
0 0.198701 0.607858 0.323727 0.627467
0 0.324674 0.607858 0.449701 0.627467
0 0.450648 0.607858 0.575674 0.627467
0 0.576621 0.607858 0.701648 0.627467
0 0.702595 0.607858 0.827621 0.627467
0 0.828568 0.607858 0.954542 0.627467
0 0.072727 0.647075 0.197754 0.666685
0 0.198701 0.647075 0.323727 0.666685
0 0.324674 0.647075 0.449701 0.666685
0 0.450648 0.647075 0.575674 0.666685
0 0.576621 0.647075 0.701648 0.666685
0 0.702595 0.647075 0.827621 0.666685
0 0.828568 0.647075 0.954542 0.666685
0 0.072727 0.686292 0.197754 0.705902
0 0.198701 0.686292 0.323727 0.705902
0 0.324674 0.686292 0.449701 0.705902
0 0.450648 0.686292 0.575674 0.705902
0 0.576621 0.686292 0.701648 0.705902
0 0.702595 0.686292 0.827621 0.705902
0 0.828568 0.686292 0.954542 0.705902
0 0.072727 0.725510 0.197754 0.745119
0 0.198701 0.725510 0.323727 0.745119
0 0.324674 0.725510 0.449701 0.745119
0 0.450648 0.725510 0.575674 0.745119
0 0.576621 0.725510 0.701648 0.745119
0 0.702595 0.725510 0.827621 0.745119
0 0.828568 0.725510 0.954542 0.745119
0 0.072727 0.764727 0.197754 0.784337
0 0.198701 0.764727 0.323727 0.784337
0 0.324674 0.764727 0.449701 0.784337
0 0.450648 0.764727 0.575674 0.784337
0 0.576621 0.764727 0.701648 0.784337
0 0.702595 0.764727 0.827621 0.784337
0 0.828568 0.764727 0.954542 0.784337
