0 0.188235 0.127273 0.523529 0.150000
0 0.805882 0.127273 0.941176 0.150000
0 0.188235 0.152727 0.523529 0.206364
0 0.676471 0.150000 0.941176 0.172727
0 0.770588 0.175455 0.811765 0.188182
0 0.800000 0.190909 0.841176 0.204545
0 0.094118 0.209091 0.347059 0.231818
0 0.400000 0.209091 0.523529 0.231818
0 0.805882 0.209091 0.941176 0.231818
0 0.270588 0.231818 0.523529 0.254545
0 0.805882 0.231818 0.941176 0.254545
0 0.188235 0.254545 0.523529 0.277273
0 0.805882 0.254545 0.941176 0.277273
0 0.188235 0.277273 0.523529 0.300000
0 0.805882 0.277273 0.941176 0.300000
0 0.241176 0.302727 0.523529 0.342727
0 0.664706 0.306136 0.679412 0.317500
0 0.735294 0.306136 0.750000 0.317500
0 0.664706 0.328864 0.679412 0.340227
0 0.735294 0.328864 0.750000 0.340227
0 0.805882 0.328864 0.820588 0.340227
0 0.241176 0.368182 0.941176 0.390909
0 0.241176 0.390909 0.941176 0.413636
0 0.188235 0.513636 0.523529 0.536364
0 0.670588 0.513636 0.941176 0.536364
0 0.188235 0.540909 0.523529 0.595455
0 0.670588 0.536364 0.941176 0.559091
0 0.058824 0.830000 0.494118 0.854545
0 0.058824 0.870909 0.494118 0.895455
0 0.058824 0.911818 0.376471 0.936364
0 0.388235 0.911818 0.494118 0.936364
0 0.505882 0.830000 0.941176 0.854545
0 0.505882 0.870909 0.941176 0.895455
0 0.505882 0.911818 0.817647 0.936364
0 0.829412 0.911818 0.941176 0.936364
