0 0.058824 0.118684 0.598775 0.136362
0 0.601634 0.118684 0.941176 0.136362
0 0.058824 0.148988 0.941176 0.166666
0 0.800000 0.196966 0.858823 0.212117
0 0.105882 0.212120 0.294118 0.227270
0 0.552941 0.212120 0.858823 0.227270
0 0.883007 0.305552 0.896078 0.315653
0 0.918301 0.305552 0.931373 0.315653
0 0.883007 0.351007 0.896078 0.361107
0 0.918301 0.351007 0.931373 0.361107
0 0.782353 0.409087 0.858823 0.424237
0 0.105882 0.424237 0.858823 0.439387
0 0.883007 0.487369 0.896078 0.497470
0 0.918301 0.487369 0.931373 0.497470
0 0.883007 0.517669 0.896078 0.527770
0 0.918301 0.517669 0.931373 0.527770
0 0.883007 0.547973 0.896078 0.558074
0 0.918301 0.547973 0.931373 0.558074
0 0.883007 0.623731 0.896078 0.633832
0 0.918301 0.623731 0.931373 0.633832
0 0.883007 0.699485 0.896078 0.709586
0 0.918301 0.699485 0.931373 0.709586
0 0.883007 0.760093 0.896078 0.770194
0 0.918301 0.760093 0.931373 0.770194
0 0.883007 0.851002 0.896078 0.861102
0 0.918301 0.851002 0.931373 0.861102
