0 0.109149 0.108582 0.122221 0.118683
0 0.109149 0.123736 0.122221 0.133837
0 0.109149 0.138886 0.122221 0.148987
0 0.109149 0.154036 0.122221 0.164137
0 0.823529 0.229794 0.836601 0.239895
0 0.887255 0.229794 0.900327 0.239895
0 0.788235 0.363633 0.941176 0.378783
0 0.105882 0.378783 0.941176 0.393933
0 0.109149 0.457065 0.122221 0.467166
0 0.109149 0.472215 0.122221 0.482316
0 0.109149 0.487369 0.122221 0.497470
0 0.109149 0.502519 0.122221 0.512620
0 0.109149 0.578277 0.122221 0.588378
0 0.109149 0.593427 0.122221 0.603528
0 0.109149 0.654031 0.122221 0.664132
0 0.109149 0.669185 0.122221 0.679286
0 0.109149 0.684335 0.122221 0.694436
0 0.823529 0.744939 0.836601 0.755040
0 0.887255 0.744939 0.900327 0.755040
0 0.482353 0.787870 0.941176 0.803023
0 0.823529 0.880670 0.836601 0.890771
0 0.887255 0.880670 0.900327 0.890771
