0 0.352941 0.106059 0.458824 0.121210
0 0.494118 0.106059 0.529412 0.121210
0 0.611765 0.106059 0.717647 0.121210
0 0.752941 0.106059 0.788235 0.121210
0 0.058824 0.133840 0.705882 0.151518
0 0.705882 0.133840 0.941176 0.151518
0 0.058824 0.196968 0.176471 0.227273
0 0.176471 0.196968 0.294118 0.227273
0 0.294118 0.196968 0.411765 0.227273
0 0.411765 0.196968 0.776471 0.227273
0 0.776471 0.196968 0.941176 0.227273
0 0.058824 0.227273 0.176471 0.257577
0 0.176471 0.227273 0.294118 0.257577
0 0.294118 0.227273 0.411765 0.257577
0 0.411765 0.227273 0.776471 0.257577
0 0.776471 0.227273 0.941176 0.257577
0 0.058824 0.257577 0.176471 0.287881
0 0.176471 0.257577 0.294118 0.287881
0 0.294118 0.257577 0.411765 0.287881
0 0.411765 0.257577 0.776471 0.287881
0 0.776471 0.257577 0.941176 0.287881
0 0.058824 0.287881 0.176471 0.318186
0 0.176471 0.287881 0.294118 0.318186
0 0.294118 0.287881 0.411765 0.318186
0 0.411765 0.287881 0.776471 0.318186
0 0.776471 0.287881 0.941176 0.318186
0 0.058824 0.318186 0.176471 0.348490
0 0.176471 0.318186 0.294118 0.348490
0 0.294118 0.318186 0.411765 0.348490
0 0.411765 0.318186 0.776471 0.348490
0 0.776471 0.318186 0.941176 0.348490
0 0.058824 0.348490 0.176471 0.378794
0 0.176471 0.348490 0.294118 0.378794
0 0.294118 0.348490 0.411765 0.378794
0 0.411765 0.348490 0.776471 0.378794
0 0.776471 0.348490 0.941176 0.378794
0 0.058824 0.378794 0.176471 0.409098
0 0.176471 0.378794 0.294118 0.409098
0 0.294118 0.378794 0.411765 0.409098
0 0.411765 0.378794 0.776471 0.409098
0 0.776471 0.378794 0.941176 0.409098
0 0.058824 0.409098 0.176471 0.439403
0 0.176471 0.409098 0.294118 0.439403
0 0.294118 0.409098 0.411765 0.439403
0 0.411765 0.409098 0.776471 0.439403
0 0.776471 0.409098 0.941176 0.439403
0 0.058824 0.439403 0.176471 0.469707
0 0.176471 0.439403 0.294118 0.469707
0 0.294118 0.439403 0.411765 0.469707
0 0.411765 0.439403 0.776471 0.469707
0 0.776471 0.439403 0.941176 0.469707
0 0.058824 0.482322 0.941176 0.515150
0 0.058824 0.530304 0.941176 0.545455
0 0.058824 0.560609 0.941176 0.575759
0 0.058824 0.590913 0.941176 0.606063
0 0.058824 0.633840 0.941176 0.666668
0 0.058824 0.681818 0.941176 0.696968
0 0.058824 0.712119 0.941176 0.727269
0 0.058824 0.742423 0.941176 0.757573
0 0.058824 0.772727 0.941176 0.787878
0 0.058824 0.803028 0.941176 0.818178
0 0.058824 0.833332 0.941176 0.848482
0 0.058824 0.863636 0.941176 0.878787
0 0.058824 0.893941 0.941176 0.909091
