0 0.058826 0.118690 0.739980 0.136369
0 0.058826 0.148996 0.739980 0.166671
0 0.058826 0.179301 0.739980 0.196976
0 0.742840 0.118690 0.941213 0.136369
0 0.752971 0.154044 0.766043 0.164146
0 0.752971 0.169199 0.766043 0.179300
0 0.752971 0.184350 0.766043 0.194451
0 0.788266 0.196976 0.904692 0.212127
0 0.905918 0.196976 0.941213 0.212127
0 0.305894 0.212131 0.352955 0.227282
0 0.364720 0.212131 0.411781 0.227282
0 0.423546 0.212131 0.470607 0.227282
0 0.788266 0.227282 0.904692 0.242433
0 0.905918 0.227282 0.941213 0.242433
0 0.188243 0.242433 0.235303 0.257584
0 0.247069 0.242433 0.294129 0.257584
0 0.305894 0.242433 0.352955 0.257584
0 0.788266 0.257587 0.904692 0.272738
0 0.905918 0.257587 0.941213 0.272738
0 0.106540 0.290413 0.119613 0.300515
0 0.106540 0.305568 0.119613 0.315669
0 0.388251 0.333346 0.435311 0.348496
0 0.447076 0.333346 0.494137 0.348496
0 0.505902 0.333346 0.552963 0.348496
0 0.329425 0.348500 0.376485 0.363651
0 0.388251 0.348500 0.435311 0.363651
0 0.447076 0.348500 0.494137 0.363651
0 0.106540 0.366175 0.119613 0.376277
0 0.106540 0.381326 0.119613 0.391427
0 0.106540 0.411632 0.119613 0.421733
0 0.106540 0.441937 0.119613 0.452038
0 0.364720 0.469715 0.411781 0.484866
0 0.423546 0.469715 0.470607 0.484866
0 0.482372 0.469715 0.529433 0.484866
0 0.376485 0.484869 0.423546 0.500020
0 0.435311 0.484869 0.482372 0.500020
0 0.494137 0.484869 0.541198 0.500020
0 0.788266 0.530326 0.904692 0.545477
0 0.905918 0.530326 0.941213 0.545477
0 0.788266 0.560627 0.904692 0.575778
0 0.905918 0.560627 0.941213 0.575778
0 0.788266 0.575782 0.904692 0.590933
0 0.905918 0.575782 0.941213 0.590933
0 0.788266 0.590933 0.904692 0.606084
0 0.905918 0.590933 0.941213 0.606084
0 0.788266 0.621238 0.904692 0.636389
0 0.905918 0.621238 0.941213 0.636389
0 0.058826 0.681846 0.528207 0.712151
0 0.529433 0.696998 0.741206 0.712151
0 0.741206 0.696998 0.941213 0.712151
0 0.058826 0.712151 0.528207 0.742457
0 0.529433 0.727303 0.741206 0.742457
0 0.741206 0.727303 0.941213 0.742457
0 0.058826 0.742457 0.528207 0.772762
0 0.529433 0.757609 0.741206 0.772762
0 0.741206 0.757609 0.941213 0.772762
0 0.058826 0.772762 0.528207 0.803068
0 0.529433 0.787914 0.741206 0.803068
0 0.741206 0.787914 0.941213 0.803068
0 0.058826 0.803068 0.528207 0.833373
0 0.529433 0.818220 0.741206 0.833373
0 0.741206 0.818220 0.941213 0.833373
0 0.658849 0.864934 0.941213 0.878826
0 0.142816 0.906604 0.387025 0.924282
0 0.787611 0.898396 0.800683 0.908498
0 0.825196 0.906604 0.941213 0.924282
0 0.217982 0.924279 0.705910 0.939429
0 0.771272 0.924279 0.941213 0.939429
0 0.231055 0.939433 0.705910 0.954584
0 0.771272 0.939433 0.941213 0.954584
