0 0.058824 0.445455 0.941176 0.463636
0 0.058824 0.481818 0.941176 0.500000
0 0.058824 0.518182 0.941176 0.536364
0 0.058824 0.554545 0.500000 0.572727
0 0.505882 0.554545 0.611765 0.572727
0 0.617647 0.554545 0.941176 0.572727
0 0.058824 0.590909 0.941176 0.609091
0 0.058824 0.645651 0.941176 0.663833
0 0.058824 0.682015 0.941176 0.700197
0 0.058824 0.718379 0.500000 0.736561
0 0.505882 0.718379 0.611765 0.736561
0 0.617647 0.718379 0.941176 0.736561
0 0.058824 0.754742 0.941176 0.772924
0 0.152283 0.793970 0.500000 0.809424
0 0.661043 0.793970 0.941176 0.809424
0 0.063456 0.850104 0.076528 0.860205
0 0.063456 0.879649 0.076528 0.889750
