0 0.058826 0.118690 0.717675 0.136369
0 0.717675 0.118690 0.941213 0.136369
0 0.899382 0.184350 0.912454 0.194451
0 0.899382 0.199501 0.912454 0.209602
0 0.899382 0.214655 0.912454 0.224757
0 0.899382 0.229806 0.912454 0.239907
0 0.899382 0.260112 0.912454 0.270213
0 0.800031 0.272738 0.941213 0.287889
0 0.823562 0.305568 0.836634 0.315669
0 0.882388 0.305568 0.895460 0.315669
0 0.800031 0.393957 0.941213 0.409107
0 0.800031 0.424258 0.941213 0.439409
0 0.800031 0.454564 0.941213 0.469715
0 0.800031 0.484869 0.941213 0.500020
0 0.800031 0.515171 0.941213 0.530322
0 0.800031 0.545477 0.941213 0.560627
0 0.800031 0.575782 0.941213 0.590933
0 0.800031 0.606084 0.941213 0.621235
0 0.800031 0.651540 0.941213 0.666691
0 0.800031 0.681846 0.941213 0.696997
0 0.800031 0.712151 0.941213 0.727302
0 0.800031 0.742453 0.941213 0.757604
0 0.800031 0.772758 0.941213 0.787909
0 0.517667 0.833366 0.776501 0.848517
0 0.247069 0.848520 0.529433 0.863671
0 0.635319 0.848520 0.929448 0.863671
0 0.082356 0.893977 0.705910 0.909128
