0 0.705910 0.090914 0.941213 0.106067
0 0.752971 0.108588 0.766043 0.118689
0 0.858857 0.108588 0.871930 0.118689
0 0.352955 0.151520 0.469381 0.166671
0 0.470607 0.151520 0.587033 0.166671
0 0.588258 0.151520 0.704684 0.166671
0 0.705910 0.151520 0.822336 0.166671
0 0.823562 0.151520 0.941213 0.166671
0 0.352955 0.166675 0.469381 0.181826
0 0.470607 0.166675 0.587033 0.181826
0 0.588258 0.166675 0.704684 0.181826
0 0.705910 0.166675 0.822336 0.181826
0 0.823562 0.166675 0.941213 0.181826
0 0.352955 0.196978 0.469381 0.212131
0 0.470607 0.196978 0.587033 0.212131
0 0.588258 0.196978 0.704684 0.212131
0 0.705910 0.196978 0.822336 0.212131
0 0.823562 0.196978 0.941213 0.212131
0 0.352955 0.227283 0.469381 0.242437
0 0.470607 0.227283 0.587033 0.242437
0 0.588258 0.227283 0.704684 0.242437
0 0.705910 0.227283 0.822336 0.242437
0 0.823562 0.227283 0.941213 0.242437
0 0.352955 0.272737 0.469381 0.287889
0 0.470607 0.272737 0.587033 0.287889
0 0.588258 0.272737 0.704684 0.287889
0 0.705910 0.272737 0.822336 0.287889
0 0.823562 0.272737 0.941213 0.287889
0 0.352955 0.333346 0.469381 0.348496
0 0.470607 0.333346 0.587033 0.348496
0 0.588258 0.333346 0.704684 0.348496
0 0.705910 0.333346 0.822336 0.348496
0 0.823562 0.333346 0.941213 0.348496
0 0.352955 0.363652 0.469381 0.378806
0 0.470607 0.363652 0.587033 0.378806
0 0.588258 0.363652 0.704684 0.378806
0 0.705910 0.363652 0.822336 0.378806
0 0.823562 0.363652 0.941213 0.378806
0 0.352955 0.409106 0.469381 0.424258
0 0.470607 0.409106 0.587033 0.424258
0 0.588258 0.409106 0.704684 0.424258
0 0.705910 0.409106 0.822336 0.424258
0 0.823562 0.409106 0.941213 0.424258
0 0.352955 0.484869 0.469381 0.500020
0 0.470607 0.484869 0.587033 0.500020
0 0.588258 0.484869 0.704684 0.500020
0 0.705910 0.484869 0.822336 0.500020
0 0.823562 0.484869 0.941213 0.500020
0 0.352955 0.530324 0.469381 0.545477
0 0.470607 0.530324 0.587033 0.545477
0 0.588258 0.530324 0.704684 0.545477
0 0.705910 0.530324 0.822336 0.545477
0 0.823562 0.530324 0.941213 0.545477
0 0.352955 0.560629 0.469381 0.575782
0 0.470607 0.560629 0.587033 0.575782
0 0.588258 0.560629 0.704684 0.575782
0 0.705910 0.560629 0.822336 0.575782
0 0.823562 0.560629 0.941213 0.575782
0 0.352955 0.575782 0.469381 0.590933
0 0.470607 0.575782 0.587033 0.590933
0 0.588258 0.575782 0.704684 0.590933
0 0.705910 0.575782 0.822336 0.590933
0 0.823562 0.575782 0.941213 0.590933
0 0.058826 0.666695 0.941213 0.681846
0 0.058826 0.712151 0.941213 0.727302
0 0.193798 0.745432 0.206871 0.755533
0 0.058826 0.803064 0.941213 0.833370
0 0.058826 0.848520 0.941213 0.878826
0 0.058826 0.893977 0.941213 0.909128
0 0.058826 0.939433 0.941213 0.954584
