0 0.329412 0.151512 0.411765 0.166662
0 0.411765 0.151512 0.482353 0.166662
0 0.482353 0.151512 0.598775 0.166662
0 0.600000 0.151512 0.716422 0.166662
0 0.717647 0.151512 0.834069 0.166662
0 0.835294 0.151512 0.941176 0.166662
0 0.329412 0.166662 0.411765 0.181812
0 0.411765 0.166662 0.482353 0.181812
0 0.482353 0.166662 0.598775 0.181812
0 0.600000 0.166662 0.716422 0.181812
0 0.717647 0.166662 0.834069 0.181812
0 0.835294 0.166662 0.941176 0.181812
0 0.329412 0.181812 0.411765 0.196962
0 0.411765 0.181812 0.482353 0.196962
0 0.482353 0.181812 0.598775 0.196962
0 0.600000 0.181812 0.716422 0.196962
0 0.717647 0.181812 0.834069 0.196962
0 0.835294 0.181812 0.941176 0.196962
0 0.329412 0.196962 0.411765 0.212112
0 0.411765 0.196962 0.482353 0.212112
0 0.482353 0.196962 0.598775 0.212112
0 0.600000 0.196962 0.716422 0.212112
0 0.717647 0.196962 0.834069 0.212112
0 0.835294 0.196962 0.941176 0.212112
0 0.329412 0.227264 0.411765 0.242416
0 0.411765 0.227264 0.482353 0.242416
0 0.482353 0.227264 0.598775 0.242416
0 0.600000 0.227264 0.716422 0.242416
0 0.717647 0.227264 0.834069 0.242416
0 0.835294 0.227264 0.941176 0.242416
0 0.329412 0.242416 0.411765 0.257567
0 0.411765 0.242416 0.482353 0.257567
0 0.482353 0.242416 0.598775 0.257567
0 0.600000 0.242416 0.716422 0.257567
0 0.717647 0.242416 0.834069 0.257567
0 0.835294 0.242416 0.941176 0.257567
0 0.329412 0.257567 0.411765 0.272717
0 0.411765 0.257567 0.482353 0.272717
0 0.482353 0.257567 0.598775 0.272717
0 0.600000 0.257567 0.716422 0.272717
0 0.717647 0.257567 0.834069 0.272717
0 0.835294 0.257567 0.941176 0.272717
0 0.329412 0.272717 0.411765 0.287867
0 0.411765 0.272717 0.482353 0.287867
0 0.482353 0.272717 0.598775 0.287867
0 0.600000 0.272717 0.716422 0.287867
0 0.717647 0.272717 0.834069 0.287867
0 0.835294 0.272717 0.941176 0.287867
0 0.329412 0.287867 0.411765 0.303017
0 0.411765 0.287867 0.482353 0.303017
0 0.482353 0.287867 0.598775 0.303017
0 0.600000 0.287867 0.716422 0.303017
0 0.717647 0.287867 0.834069 0.303017
0 0.835294 0.287867 0.941176 0.303017
0 0.329412 0.303017 0.411765 0.318167
0 0.411765 0.303017 0.482353 0.318167
0 0.482353 0.303017 0.598775 0.318167
0 0.600000 0.303017 0.716422 0.318167
0 0.717647 0.303017 0.834069 0.318167
0 0.835294 0.303017 0.941176 0.318167
0 0.879248 0.349112 0.897222 0.363001
0 0.914543 0.349112 0.932516 0.363001
0 0.729412 0.378782 0.834069 0.393932
0 0.729412 0.439390 0.834069 0.454540
0 0.729412 0.499994 0.834069 0.515144
0 0.729412 0.515144 0.834069 0.530294
0 0.729412 0.530298 0.834069 0.545448
0 0.106536 0.592164 0.119608 0.602265
0 0.318301 0.592164 0.331373 0.602265
0 0.518301 0.592164 0.531373 0.602265
0 0.879248 0.621836 0.897222 0.635725
0 0.914543 0.621836 0.932516 0.635725
0 0.879248 0.652139 0.897222 0.666028
0 0.914543 0.652139 0.932516 0.666028
0 0.094118 0.727264 0.292892 0.742415
0 0.295752 0.727264 0.598775 0.742415
0 0.600000 0.727264 0.704657 0.742415
0 0.705882 0.727264 0.822304 0.742415
0 0.823529 0.727264 0.941176 0.742415
0 0.094118 0.742415 0.292892 0.757565
0 0.295752 0.742415 0.598775 0.757565
0 0.600000 0.742415 0.704657 0.757565
0 0.705882 0.742415 0.822304 0.757565
0 0.823529 0.742415 0.941176 0.757565
0 0.094118 0.757565 0.292892 0.772715
0 0.295752 0.757565 0.598775 0.772715
0 0.600000 0.757565 0.704657 0.772715
0 0.705882 0.757565 0.822304 0.772715
0 0.823529 0.757565 0.941176 0.772715
0 0.094118 0.772715 0.292892 0.787865
0 0.295752 0.772715 0.598775 0.787865
0 0.600000 0.772715 0.704657 0.787865
0 0.705882 0.772715 0.822304 0.787865
0 0.823529 0.772715 0.941176 0.787865
0 0.094118 0.787865 0.292892 0.803015
0 0.295752 0.787865 0.598775 0.803015
0 0.600000 0.787865 0.704657 0.803015
0 0.705882 0.787865 0.822304 0.803015
0 0.823529 0.787865 0.941176 0.803015
0 0.094118 0.803015 0.292892 0.818165
0 0.295752 0.803015 0.598775 0.818165
0 0.600000 0.803015 0.704657 0.818165
0 0.705882 0.803015 0.822304 0.818165
0 0.823529 0.803015 0.941176 0.818165
0 0.094118 0.818165 0.292892 0.833315
0 0.295752 0.818165 0.598775 0.833315
0 0.600000 0.818165 0.704657 0.833315
0 0.705882 0.818165 0.822304 0.833315
0 0.823529 0.818165 0.941176 0.833315
0 0.094118 0.833315 0.292892 0.848465
0 0.295752 0.833315 0.598775 0.848465
0 0.600000 0.833315 0.704657 0.848465
0 0.705882 0.833315 0.822304 0.848465
0 0.823529 0.833315 0.941176 0.848465
0 0.094118 0.848465 0.292892 0.863615
0 0.295752 0.848465 0.598775 0.863615
0 0.600000 0.848465 0.704657 0.863615
0 0.705882 0.848465 0.822304 0.863615
0 0.823529 0.848465 0.941176 0.863615
0 0.094118 0.863615 0.292892 0.878765
0 0.295752 0.863615 0.598775 0.878765
0 0.600000 0.863615 0.704657 0.878765
0 0.705882 0.863615 0.822304 0.878765
0 0.823529 0.863615 0.941176 0.878765
0 0.094118 0.878765 0.292892 0.893915
0 0.295752 0.878765 0.598775 0.893915
0 0.600000 0.878765 0.704657 0.893915
0 0.705882 0.878765 0.822304 0.893915
0 0.823529 0.878765 0.941176 0.893915
0 0.094118 0.893915 0.292892 0.909065
0 0.295752 0.893915 0.598775 0.909065
0 0.600000 0.893915 0.704657 0.909065
0 0.705882 0.893915 0.822304 0.909065
0 0.823529 0.893915 0.941176 0.909065
0 0.094118 0.909065 0.292892 0.924216
0 0.295752 0.909065 0.598775 0.924216
0 0.600000 0.909065 0.704657 0.924216
0 0.705882 0.909065 0.822304 0.924216
0 0.823529 0.909065 0.941176 0.924216
