0 0.072727 0.176472 0.317235 0.196082
0 0.318182 0.176472 0.409091 0.196082
0 0.409091 0.176472 0.517235 0.196082
0 0.518182 0.176472 0.626326 0.196082
0 0.628535 0.176472 0.762689 0.196082
0 0.764899 0.176472 0.954545 0.196082
0 0.072727 0.215690 0.317235 0.235299
0 0.318182 0.215690 0.409091 0.235299
0 0.409091 0.215690 0.517235 0.235299
0 0.518182 0.215690 0.626326 0.235299
0 0.628535 0.215690 0.762689 0.235299
0 0.764899 0.215690 0.954545 0.235299
0 0.072727 0.254907 0.317235 0.274516
0 0.318182 0.254907 0.409091 0.274516
0 0.409091 0.254907 0.517235 0.274516
0 0.518182 0.254907 0.626326 0.274516
0 0.628535 0.254907 0.762689 0.274516
0 0.764899 0.254907 0.954545 0.274516
0 0.072727 0.294124 0.317235 0.313734
0 0.318182 0.294124 0.409091 0.313734
0 0.409091 0.294124 0.517235 0.313734
0 0.518182 0.294124 0.626326 0.313734
0 0.628535 0.294124 0.762689 0.313734
0 0.764899 0.294124 0.954545 0.313734
0 0.072727 0.333342 0.317235 0.352951
0 0.318182 0.333342 0.409091 0.352951
0 0.409091 0.333342 0.517235 0.352951
0 0.518182 0.333342 0.626326 0.352951
0 0.628535 0.333342 0.762689 0.352951
0 0.764899 0.333342 0.954545 0.352951
0 0.072727 0.372559 0.317235 0.392168
0 0.318182 0.372559 0.409091 0.392168
0 0.409091 0.372559 0.517235 0.392168
0 0.518182 0.372559 0.626326 0.392168
0 0.628535 0.372559 0.762689 0.392168
0 0.764899 0.372559 0.954545 0.392168
0 0.072727 0.411776 0.317235 0.431386
0 0.318182 0.411776 0.409091 0.431386
0 0.409091 0.411776 0.517235 0.431386
0 0.518182 0.411776 0.626326 0.431386
0 0.628535 0.411776 0.762689 0.431386
0 0.764899 0.411776 0.954545 0.431386
0 0.045455 0.470588 0.954545 0.490194
0 0.045455 0.509806 0.954545 0.529412
0 0.045455 0.549018 0.954545 0.568624
0 0.045455 0.588235 0.954545 0.607841
0 0.045455 0.627453 0.954545 0.647059
0 0.045455 0.666665 0.954545 0.686271
0 0.045455 0.705882 0.954545 0.725489
0 0.045455 0.745100 0.954545 0.764706
0 0.045455 0.784312 0.954545 0.803918
0 0.045455 0.823529 0.954545 0.843136
0 0.045455 0.862747 0.954545 0.882353
