0 0.878105 0.105427 0.899346 0.121841
0 0.913399 0.105427 0.934641 0.121841
0 0.878105 0.166035 0.899346 0.182449
0 0.913399 0.166035 0.934641 0.182449
0 0.878105 0.181186 0.899346 0.197600
0 0.913399 0.181186 0.934641 0.197600
0 0.878105 0.196336 0.899346 0.212750
0 0.913399 0.196336 0.934641 0.212750
0 0.878105 0.211490 0.899346 0.227904
0 0.913399 0.211490 0.934641 0.227904
0 0.878105 0.226640 0.899346 0.243054
0 0.913399 0.226640 0.934641 0.243054
0 0.878105 0.256944 0.899346 0.273359
0 0.913399 0.256944 0.934641 0.273359
0 0.878105 0.363004 0.899346 0.379418
0 0.913399 0.363004 0.934641 0.379418
0 0.878105 0.408458 0.899346 0.424872
0 0.913399 0.408458 0.934641 0.424872
0 0.658824 0.439395 0.858823 0.454545
0 0.058824 0.530304 0.447059 0.545455
0 0.058824 0.545455 0.447059 0.560605
0 0.447059 0.530304 0.588235 0.560609
0 0.588235 0.545456 0.705882 0.560609
0 0.705882 0.545456 0.823529 0.560609
0 0.823529 0.545456 0.941176 0.560609
0 0.058824 0.560609 0.447059 0.575759
0 0.058824 0.575763 0.447059 0.590913
0 0.447059 0.560609 0.588235 0.590913
0 0.588235 0.575760 0.705882 0.590913
0 0.705882 0.575760 0.823529 0.590913
0 0.823529 0.575760 0.941176 0.590913
0 0.058824 0.590913 0.447059 0.606063
0 0.058824 0.606063 0.447059 0.621213
0 0.447059 0.590913 0.588235 0.621217
0 0.588235 0.606064 0.705882 0.621217
0 0.705882 0.606064 0.823529 0.621217
0 0.823529 0.606064 0.941176 0.621217
0 0.058824 0.621217 0.447059 0.636367
0 0.058824 0.636367 0.447059 0.651518
0 0.447059 0.621217 0.588235 0.651521
0 0.588235 0.636369 0.705882 0.651521
0 0.705882 0.636369 0.823529 0.651521
0 0.823529 0.636369 0.941176 0.651521
0 0.058824 0.651521 0.447059 0.666672
0 0.058824 0.666675 0.447059 0.681826
0 0.447059 0.651521 0.588235 0.681826
0 0.588235 0.666673 0.705882 0.681826
0 0.705882 0.666673 0.823529 0.681826
0 0.823529 0.666673 0.941176 0.681826
0 0.823529 0.681818 0.941176 0.712122
0 0.058824 0.772727 0.494118 0.803032
0 0.494118 0.772727 0.941176 0.803032
0 0.058824 0.803032 0.494118 0.833336
0 0.494118 0.803032 0.941176 0.833336
0 0.058824 0.833336 0.494118 0.863640
0 0.494118 0.833336 0.941176 0.863640
0 0.058824 0.863640 0.494118 0.893944
0 0.494118 0.863640 0.941176 0.893944
0 0.058824 0.893944 0.494118 0.924249
0 0.494118 0.893944 0.941176 0.924249
0 0.878105 0.938763 0.899346 0.955177
0 0.913399 0.938763 0.934641 0.955177
