0 0.376485 0.151521 0.469381 0.166675
0 0.470607 0.151521 0.563502 0.166675
0 0.564728 0.151521 0.657624 0.166675
0 0.658849 0.151521 0.751745 0.166675
0 0.752971 0.151521 0.845867 0.166675
0 0.847092 0.151521 0.941213 0.166675
0 0.376485 0.196979 0.469381 0.212131
0 0.470607 0.196979 0.563502 0.212131
0 0.564728 0.196979 0.657624 0.212131
0 0.658849 0.196979 0.751745 0.212131
0 0.752971 0.196979 0.845867 0.212131
0 0.847092 0.196979 0.941213 0.212131
0 0.376485 0.227283 0.469381 0.242437
0 0.470607 0.227283 0.563502 0.242437
0 0.564728 0.227283 0.657624 0.242437
0 0.658849 0.227283 0.751745 0.242437
0 0.752971 0.227283 0.845867 0.242437
0 0.847092 0.227283 0.941213 0.242437
0 0.376485 0.272741 0.469381 0.287893
0 0.470607 0.272741 0.563502 0.287893
0 0.564728 0.272741 0.657624 0.287893
0 0.658849 0.272741 0.751745 0.287893
0 0.752971 0.272741 0.845867 0.287893
0 0.847092 0.272741 0.941213 0.287893
0 0.376485 0.318197 0.469381 0.333349
0 0.470607 0.318197 0.563502 0.333349
0 0.564728 0.318197 0.657624 0.333349
0 0.658849 0.318197 0.751745 0.333349
0 0.752971 0.318197 0.845867 0.333349
0 0.847092 0.318197 0.941213 0.333349
0 0.376485 0.333349 0.469381 0.348500
0 0.470607 0.333349 0.563502 0.348500
0 0.564728 0.333349 0.657624 0.348500
0 0.658849 0.333349 0.751745 0.348500
0 0.752971 0.333349 0.845867 0.348500
0 0.847092 0.333349 0.941213 0.348500
0 0.376485 0.363652 0.469381 0.378806
0 0.470607 0.363652 0.563502 0.378806
0 0.564728 0.363652 0.657624 0.378806
0 0.658849 0.363652 0.751745 0.378806
0 0.752971 0.363652 0.845867 0.378806
0 0.847092 0.363652 0.941213 0.378806
0 0.376485 0.424262 0.469381 0.439413
0 0.470607 0.424262 0.563502 0.439413
0 0.564728 0.424262 0.657624 0.439413
0 0.658849 0.424262 0.751745 0.439413
0 0.752971 0.424262 0.845867 0.439413
0 0.847092 0.424262 0.941213 0.439413
0 0.376485 0.439413 0.469381 0.454564
0 0.470607 0.439413 0.563502 0.454564
0 0.564728 0.439413 0.657624 0.454564
0 0.658849 0.439413 0.751745 0.454564
0 0.752971 0.439413 0.845867 0.454564
0 0.847092 0.439413 0.941213 0.454564
0 0.376485 0.454564 0.469381 0.484869
0 0.470607 0.454564 0.563502 0.484869
0 0.564728 0.454564 0.657624 0.484869
0 0.658849 0.454564 0.751745 0.484869
0 0.752971 0.454564 0.845867 0.484869
0 0.847092 0.469716 0.941213 0.484869
0 0.376485 0.515171 0.469381 0.530322
0 0.470607 0.515171 0.563502 0.530322
0 0.564728 0.515171 0.657624 0.530322
0 0.658849 0.515171 0.751745 0.530322
0 0.752971 0.515171 0.845867 0.530322
0 0.847092 0.515171 0.941213 0.530322
0 0.376485 0.560626 0.469381 0.575778
0 0.470607 0.560626 0.563502 0.575778
0 0.564728 0.560626 0.657624 0.575778
0 0.658849 0.560626 0.751745 0.575778
0 0.752971 0.560626 0.845867 0.575778
0 0.847092 0.560626 0.941213 0.575778
0 0.376485 0.606083 0.469381 0.621235
0 0.470607 0.606083 0.563502 0.621235
0 0.564728 0.606083 0.657624 0.621235
0 0.658849 0.606083 0.751745 0.621235
0 0.752971 0.606083 0.845867 0.621235
0 0.847092 0.606083 0.941213 0.621235
0 0.376485 0.621235 0.469381 0.636386
0 0.470607 0.621235 0.563502 0.636386
0 0.564728 0.621235 0.657624 0.636386
0 0.658849 0.621235 0.751745 0.636386
0 0.752971 0.621235 0.845867 0.636386
0 0.847092 0.621235 0.941213 0.636386
0 0.376485 0.666690 0.469381 0.681842
0 0.470607 0.666690 0.563502 0.681842
0 0.564728 0.666690 0.657624 0.681842
0 0.658849 0.666690 0.751745 0.681842
0 0.752971 0.666690 0.845867 0.681842
0 0.847092 0.666690 0.941213 0.681842
0 0.376485 0.712146 0.469381 0.727298
0 0.470607 0.712146 0.563502 0.727298
0 0.564728 0.712146 0.657624 0.727298
0 0.658849 0.712146 0.751745 0.727298
0 0.752971 0.712146 0.845867 0.727298
0 0.847092 0.712146 0.941213 0.727298
0 0.376485 0.742450 0.469381 0.757604
0 0.470607 0.742450 0.563502 0.757604
0 0.564728 0.742450 0.657624 0.757604
0 0.658849 0.742450 0.751745 0.757604
0 0.752971 0.742450 0.845867 0.757604
0 0.847092 0.742450 0.941213 0.757604
0 0.928141 0.775283 0.941213 0.785384
0 0.800031 0.803064 0.916703 0.818215
0 0.800031 0.818215 0.916703 0.833366
0 0.800031 0.848520 0.916703 0.863671
0 0.800031 0.863671 0.916703 0.878822
0 0.928141 0.896501 0.941213 0.906602
0 0.928141 0.926803 0.941213 0.936904
0 0.928141 0.941957 0.941213 0.952059
