0 0.761795 0.182456 0.779769 0.196345
0 0.797090 0.182456 0.815065 0.196345
0 0.761795 0.197607 0.779769 0.211496
0 0.797090 0.197607 0.815065 0.211496
0 0.761795 0.212761 0.779769 0.226651
0 0.797090 0.212761 0.815065 0.226651
0 0.823562 0.212131 0.941213 0.227282
0 0.761795 0.227912 0.779769 0.241801
0 0.797090 0.227912 0.815065 0.241801
0 0.823562 0.227282 0.941213 0.242433
0 0.761795 0.243063 0.779769 0.256952
0 0.797090 0.243063 0.815065 0.256952
0 0.823562 0.242433 0.941213 0.257584
0 0.761795 0.258217 0.779769 0.272107
0 0.797090 0.258217 0.815065 0.272107
0 0.823562 0.257587 0.941213 0.272738
0 0.761795 0.273368 0.779769 0.287258
0 0.797090 0.273368 0.815065 0.287258
0 0.823562 0.272738 0.941213 0.287889
0 0.761795 0.288519 0.779769 0.302409
0 0.797090 0.288519 0.815065 0.302409
0 0.823562 0.287889 0.941213 0.303040
0 0.761795 0.303674 0.779769 0.317563
0 0.797090 0.303674 0.815065 0.317563
0 0.823562 0.303044 0.941213 0.318195
0 0.823562 0.318195 0.941213 0.333346
0 0.761795 0.333976 0.779769 0.347865
0 0.797090 0.333976 0.815065 0.347865
0 0.823562 0.348500 0.941213 0.363651
0 0.823562 0.363651 0.941213 0.378802
0 0.761795 0.379432 0.779769 0.393321
0 0.797090 0.379432 0.815065 0.393321
0 0.879365 0.440011 0.897421 0.453964
0 0.914660 0.440011 0.932716 0.453964
0 0.879365 0.455162 0.897421 0.469115
0 0.914660 0.455162 0.932716 0.469115
0 0.879365 0.470313 0.897421 0.484266
0 0.914660 0.470313 0.932716 0.484266
0 0.823562 0.530326 0.941213 0.545477
0 0.823562 0.575782 0.941213 0.590933
0 0.823562 0.590933 0.941213 0.606084
0 0.823562 0.606084 0.941213 0.621235
0 0.823562 0.621238 0.941213 0.636389
0 0.823562 0.666695 0.941213 0.681846
0 0.823562 0.681846 0.941213 0.696997
0 0.058826 0.742453 0.941213 0.757604
0 0.058826 0.772758 0.941213 0.787909
0 0.058826 0.803064 0.941213 0.818215
0 0.058826 0.833366 0.941213 0.848517
0 0.058826 0.863671 0.941213 0.878822
0 0.058826 0.893977 0.941213 0.909128
0 0.058826 0.924279 0.941213 0.939429
