0 0.752971 0.090913 0.834101 0.106064
0 0.878466 0.106062 0.898074 0.121215
0 0.913761 0.106062 0.933370 0.121215
0 0.878466 0.121217 0.898074 0.136369
0 0.913761 0.121217 0.933370 0.136369
0 0.878466 0.136368 0.898074 0.151520
0 0.913761 0.136368 0.933370 0.151520
0 0.878466 0.166676 0.898074 0.181828
0 0.913761 0.166676 0.933370 0.181828
0 0.423546 0.181826 0.823562 0.196976
0 0.878466 0.212130 0.898074 0.227282
0 0.913761 0.212130 0.933370 0.227282
0 0.878466 0.227281 0.898074 0.242433
0 0.913761 0.227281 0.933370 0.242433
0 0.878466 0.242432 0.898074 0.257584
0 0.913761 0.242432 0.933370 0.257584
0 0.878466 0.272740 0.898074 0.287892
0 0.913761 0.272740 0.933370 0.287892
0 0.878466 0.303041 0.898074 0.318193
0 0.913761 0.303041 0.933370 0.318193
0 0.878466 0.348499 0.898074 0.363651
0 0.913761 0.348499 0.933370 0.363651
0 0.878466 0.363650 0.898074 0.378802
0 0.913761 0.363650 0.933370 0.378802
0 0.878466 0.393954 0.898074 0.409106
0 0.913761 0.393954 0.933370 0.409106
0 0.752971 0.409107 0.834101 0.424258
0 0.878466 0.424257 0.898074 0.439409
0 0.913761 0.424257 0.933370 0.439409
0 0.878466 0.439412 0.898074 0.454564
0 0.913761 0.439412 0.933370 0.454564
0 0.878466 0.454563 0.898074 0.469715
0 0.913761 0.454563 0.933370 0.469715
0 0.878466 0.469713 0.898074 0.484866
0 0.913761 0.469713 0.933370 0.484866
0 0.878466 0.500019 0.898074 0.515171
0 0.913761 0.500019 0.933370 0.515171
0 0.878466 0.530324 0.898074 0.545477
0 0.913761 0.530324 0.933370 0.545477
0 0.878466 0.545475 0.898074 0.560627
0 0.913761 0.545475 0.933370 0.560627
0 0.752971 0.575782 0.834101 0.590933
0 0.752971 0.590933 0.834101 0.606084
0 0.752971 0.621238 0.834101 0.636389
0 0.752971 0.651544 0.834101 0.666695
0 0.878466 0.666694 0.898074 0.681846
0 0.913761 0.666694 0.933370 0.681846
0 0.752971 0.681846 0.834101 0.696997
0 0.878466 0.712150 0.898074 0.727302
0 0.913761 0.712150 0.933370 0.727302
0 0.752971 0.757608 0.834101 0.772758
0 0.752971 0.772758 0.834101 0.787909
0 0.878466 0.787908 0.898074 0.803060
0 0.913761 0.787908 0.933370 0.803060
0 0.878466 0.803063 0.898074 0.818215
0 0.913761 0.803063 0.933370 0.818215
0 0.878466 0.833367 0.898074 0.848519
0 0.913761 0.833367 0.933370 0.848519
0 0.878466 0.863670 0.898074 0.878822
0 0.913761 0.863670 0.933370 0.878822
0 0.878466 0.909129 0.898074 0.924281
0 0.913761 0.909129 0.933370 0.924281
