0 0.134646 0.093437 0.147718 0.103538
0 0.134646 0.123742 0.147718 0.133844
0 0.705910 0.166675 0.822336 0.181826
0 0.823562 0.166675 0.941213 0.181826
0 0.705910 0.181826 0.822336 0.196976
0 0.823562 0.181826 0.941213 0.196976
0 0.705910 0.196976 0.822336 0.212127
0 0.823562 0.196976 0.941213 0.212127
0 0.705910 0.212131 0.822336 0.227282
0 0.823562 0.212131 0.941213 0.227282
0 0.705910 0.227282 0.822336 0.242433
0 0.823562 0.227282 0.941213 0.242433
0 0.705910 0.257587 0.822336 0.272738
0 0.823562 0.257587 0.941213 0.272738
0 0.705910 0.363651 0.822336 0.378802
0 0.823562 0.363651 0.941213 0.378802
0 0.705910 0.378802 0.822336 0.393953
0 0.823562 0.378802 0.941213 0.393953
0 0.705910 0.393957 0.822336 0.409107
0 0.823562 0.393957 0.941213 0.409107
0 0.823562 0.422997 0.839902 0.435624
0 0.894153 0.422997 0.910493 0.435624
0 0.352955 0.575780 0.469381 0.590933
0 0.470607 0.575780 0.587033 0.590933
0 0.588258 0.575780 0.704684 0.590933
0 0.705910 0.575780 0.822336 0.590933
0 0.823562 0.575780 0.941213 0.590933
0 0.352955 0.606085 0.469381 0.621238
0 0.470607 0.606085 0.587033 0.621238
0 0.588258 0.606085 0.704684 0.621238
0 0.705910 0.606085 0.822336 0.621238
0 0.823562 0.606085 0.941213 0.621238
0 0.352955 0.636391 0.469381 0.651544
0 0.470607 0.636391 0.587033 0.651544
0 0.588258 0.636391 0.704684 0.651544
0 0.705910 0.636391 0.822336 0.651544
0 0.823562 0.636391 0.941213 0.651544
0 0.352955 0.666696 0.469381 0.681850
0 0.470607 0.666696 0.587033 0.681850
0 0.588258 0.666696 0.704684 0.681850
0 0.705910 0.666696 0.822336 0.681850
0 0.823562 0.666696 0.941213 0.681850
0 0.352955 0.697002 0.469381 0.712155
0 0.470607 0.697002 0.587033 0.712155
0 0.588258 0.697002 0.704684 0.712155
0 0.705910 0.697002 0.822336 0.712155
0 0.823562 0.697002 0.941213 0.712155
0 0.352955 0.727307 0.469381 0.742461
0 0.470607 0.727307 0.587033 0.742461
0 0.588258 0.727307 0.704684 0.742461
0 0.705910 0.727307 0.822336 0.742461
0 0.823562 0.727307 0.941213 0.742461
