0 0.505556 0.138889 0.518182 0.155229
0 0.564646 0.138889 0.577273 0.155229
0 0.623737 0.138889 0.636364 0.155229
0 0.682828 0.138889 0.695455 0.155229
0 0.741919 0.138889 0.754545 0.155229
0 0.801010 0.138889 0.813636 0.155229
0 0.860101 0.138889 0.872727 0.155229
0 0.919192 0.138889 0.931818 0.155229
0 0.483081 0.156864 0.599053 0.176471
0 0.601263 0.156864 0.717235 0.176471
0 0.719444 0.156864 0.835417 0.176471
0 0.837626 0.156864 0.954545 0.176471
0 0.483081 0.176471 0.599053 0.196077
0 0.601263 0.176471 0.717235 0.196077
0 0.719444 0.176471 0.835417 0.196077
0 0.837626 0.176471 0.954545 0.196077
0 0.505556 0.197709 0.518182 0.214049
0 0.564646 0.197709 0.577273 0.214049
0 0.623737 0.197709 0.636364 0.214049
0 0.682828 0.197709 0.695455 0.214049
0 0.741919 0.197709 0.754545 0.214049
0 0.801010 0.197709 0.813636 0.214049
0 0.860101 0.197709 0.872727 0.214049
0 0.919192 0.197709 0.931818 0.214049
0 0.505556 0.217315 0.518182 0.233655
0 0.564646 0.217315 0.577273 0.233655
0 0.623737 0.217315 0.636364 0.233655
0 0.682828 0.217315 0.695455 0.233655
0 0.741919 0.217315 0.754545 0.233655
0 0.801010 0.217315 0.813636 0.233655
0 0.860101 0.217315 0.872727 0.233655
0 0.919192 0.217315 0.931818 0.233655
0 0.505556 0.236922 0.518182 0.253261
0 0.564646 0.236922 0.577273 0.253261
0 0.623737 0.236922 0.636364 0.253261
0 0.682828 0.236922 0.695455 0.253261
0 0.741919 0.236922 0.754545 0.253261
0 0.801010 0.236922 0.813636 0.253261
0 0.860101 0.236922 0.872727 0.253261
0 0.919192 0.236922 0.931818 0.253261
0 0.483081 0.254895 0.599053 0.274502
0 0.601263 0.254895 0.717235 0.274502
0 0.719444 0.254895 0.835417 0.274502
0 0.837626 0.254895 0.954545 0.274502
0 0.483081 0.274502 0.599053 0.294108
0 0.601263 0.274502 0.717235 0.294108
0 0.719444 0.274502 0.835417 0.294108
0 0.837626 0.274502 0.954545 0.294108
0 0.505556 0.295740 0.518182 0.312080
0 0.564646 0.295740 0.577273 0.312080
0 0.623737 0.295740 0.636364 0.312080
0 0.682828 0.295740 0.695455 0.312080
0 0.741919 0.295740 0.754545 0.312080
0 0.801010 0.295740 0.813636 0.312080
0 0.860101 0.295740 0.872727 0.312080
0 0.919192 0.295740 0.931818 0.312080
0 0.505556 0.315346 0.518182 0.331686
0 0.564646 0.315346 0.577273 0.331686
0 0.623737 0.315346 0.636364 0.331686
0 0.682828 0.315346 0.695455 0.331686
0 0.741919 0.315346 0.754545 0.331686
0 0.801010 0.315346 0.813636 0.331686
0 0.860101 0.315346 0.872727 0.331686
0 0.919192 0.315346 0.931818 0.331686
0 0.505556 0.354562 0.518182 0.370902
0 0.564646 0.354562 0.577273 0.370902
0 0.623737 0.354562 0.636364 0.370902
0 0.682828 0.354562 0.695455 0.370902
0 0.741919 0.354562 0.754545 0.370902
0 0.801010 0.354562 0.813636 0.370902
0 0.860101 0.354562 0.872727 0.370902
0 0.919192 0.354562 0.931818 0.370902
0 0.505563 0.472221 0.518189 0.488560
0 0.564654 0.472221 0.577280 0.488560
0 0.623745 0.472221 0.636371 0.488560
0 0.682836 0.472221 0.695462 0.488560
0 0.741927 0.472221 0.754553 0.488560
0 0.801018 0.472221 0.813644 0.488560
0 0.860109 0.472221 0.872735 0.488560
0 0.919199 0.472221 0.931826 0.488560
0 0.045455 0.509806 0.954545 0.529412
0 0.045455 0.529412 0.954545 0.549018
0 0.045455 0.549018 0.954545 0.568624
0 0.045455 0.568629 0.954545 0.588235
0 0.045455 0.588235 0.954545 0.607841
0 0.045455 0.607841 0.954545 0.627448
0 0.045455 0.627453 0.954545 0.647059
0 0.045455 0.647059 0.954545 0.666665
0 0.045455 0.666665 0.954545 0.686271
0 0.045455 0.686276 0.954545 0.705882
0 0.045455 0.705882 0.954545 0.725489
0 0.045455 0.725489 0.954545 0.745095
0 0.045455 0.745100 0.954545 0.764706
0 0.045455 0.764706 0.954545 0.784312
0 0.045455 0.784312 0.954545 0.803918
0 0.045455 0.803923 0.954545 0.823529
0 0.045455 0.823529 0.954545 0.843136
0 0.045455 0.843136 0.954545 0.862742
0 0.045455 0.862747 0.954545 0.882353
0 0.045455 0.882353 0.954545 0.901959
0 0.045455 0.901959 0.954545 0.921565
0 0.045455 0.921570 0.954545 0.941176
