0 0.922912 0.077970 0.935984 0.088072
0 0.105887 0.106064 0.941213 0.121215
0 0.105887 0.121218 0.941213 0.136369
0 0.105887 0.136369 0.941213 0.151520
0 0.105887 0.151520 0.941213 0.166671
0 0.835327 0.184350 0.848399 0.194451
0 0.894153 0.184350 0.907225 0.194451
0 0.835327 0.229806 0.848399 0.239907
0 0.894153 0.229806 0.907225 0.239907
0 0.152947 0.318195 0.223538 0.333346
0 0.317659 0.318195 0.423546 0.333346
0 0.564728 0.318195 0.682380 0.333346
0 0.776501 0.318195 0.894153 0.333346
0 0.105887 0.333346 0.941213 0.348496
0 0.105887 0.348500 0.941213 0.363651
0 0.105887 0.363651 0.941213 0.378802
0 0.105887 0.378802 0.941213 0.393953
0 0.105887 0.393957 0.941213 0.409107
0 0.105887 0.409107 0.941213 0.424258
0 0.105887 0.424258 0.941213 0.439409
0 0.105887 0.439413 0.941213 0.454564
0 0.105887 0.454564 0.941213 0.469715
0 0.105887 0.469715 0.941213 0.484866
0 0.105887 0.484869 0.941213 0.500020
0 0.105887 0.500020 0.941213 0.515171
0 0.152947 0.515171 0.223538 0.530322
0 0.317659 0.515171 0.423546 0.530322
0 0.564728 0.515171 0.682380 0.530322
0 0.776501 0.515171 0.894153 0.530322
0 0.105887 0.530326 0.941213 0.545477
0 0.105887 0.545477 0.941213 0.560627
0 0.105887 0.560627 0.941213 0.575778
0 0.105887 0.575782 0.941213 0.590933
0 0.105887 0.590933 0.941213 0.606084
0 0.105887 0.606084 0.941213 0.621235
0 0.105887 0.621238 0.941213 0.636389
0 0.105887 0.636389 0.941213 0.651540
0 0.105887 0.651540 0.941213 0.666691
0 0.105887 0.666695 0.941213 0.681846
0 0.105887 0.681846 0.941213 0.696997
0 0.105887 0.696997 0.941213 0.712148
0 0.152947 0.712151 0.223538 0.727302
0 0.317659 0.712151 0.423546 0.727302
0 0.564728 0.712151 0.682380 0.727302
0 0.776501 0.712151 0.894153 0.727302
0 0.105887 0.727302 0.941213 0.742453
0 0.105887 0.742453 0.941213 0.757604
0 0.105887 0.757608 0.941213 0.772758
0 0.105887 0.772758 0.941213 0.787909
0 0.105887 0.787909 0.941213 0.803060
0 0.105887 0.803064 0.941213 0.818215
0 0.105887 0.818215 0.941213 0.833366
0 0.105887 0.833366 0.941213 0.848517
0 0.105887 0.848520 0.941213 0.863671
0 0.105887 0.863671 0.941213 0.878822
0 0.105887 0.878822 0.941213 0.893973
0 0.105887 0.893977 0.941213 0.909128
0 0.188243 0.924279 0.294129 0.939429
0 0.435311 0.924279 0.541198 0.939429
0 0.635319 0.924279 0.741206 0.939429
0 0.329425 0.939433 0.494137 0.954584
