0 0.058826 0.285365 0.681154 0.303044
0 0.682380 0.285365 0.941213 0.303044
0 0.776501 0.348500 0.941213 0.363651
0 0.776501 0.363651 0.941213 0.378802
0 0.776501 0.393957 0.941213 0.409107
0 0.776501 0.409107 0.941213 0.424258
0 0.823562 0.426151 0.839902 0.438778
0 0.894153 0.426151 0.910493 0.438778
0 0.823562 0.441306 0.839902 0.453933
0 0.894153 0.441306 0.910493 0.453933
0 0.776501 0.500020 0.941213 0.515171
0 0.776501 0.530326 0.941213 0.545477
0 0.776501 0.560627 0.941213 0.575778
0 0.823562 0.577675 0.839902 0.590302
0 0.894153 0.577675 0.910493 0.590302
0 0.082356 0.727302 0.269373 0.757608
0 0.271824 0.727302 0.492911 0.742453
0 0.271824 0.742453 0.492911 0.757604
0 0.495363 0.742454 0.610563 0.757608
0 0.611789 0.742454 0.775276 0.757608
0 0.776501 0.742454 0.941213 0.757608
0 0.082356 0.757608 0.269373 0.787913
0 0.271824 0.757608 0.492911 0.772758
0 0.271824 0.772762 0.492911 0.787913
0 0.495363 0.772760 0.610563 0.787913
0 0.611789 0.772760 0.775276 0.787913
0 0.776501 0.772760 0.941213 0.787913
0 0.082356 0.787913 0.269373 0.818219
0 0.271824 0.787913 0.492911 0.803064
0 0.271824 0.803064 0.492911 0.818215
0 0.495363 0.803065 0.610563 0.818219
0 0.611789 0.803065 0.775276 0.818219
0 0.776501 0.803065 0.941213 0.818219
0 0.082356 0.818219 0.269373 0.848524
0 0.271824 0.818219 0.492911 0.833370
0 0.271824 0.833370 0.492911 0.848520
0 0.495363 0.833371 0.610563 0.848524
0 0.611789 0.833371 0.775276 0.848524
0 0.776501 0.833371 0.941213 0.848524
0 0.082356 0.848524 0.269373 0.878830
0 0.271824 0.848524 0.492911 0.863675
0 0.271824 0.863679 0.492911 0.878830
0 0.495363 0.863676 0.610563 0.878830
0 0.611789 0.863676 0.775276 0.878830
0 0.776501 0.863676 0.941213 0.878830
0 0.082356 0.878830 0.269373 0.909135
0 0.271824 0.878830 0.492911 0.893981
0 0.271824 0.893981 0.492911 0.909131
0 0.495363 0.893982 0.610563 0.909135
0 0.611789 0.893982 0.775276 0.909135
0 0.776501 0.893982 0.941213 0.909135
