0 0.878466 0.106065 0.898074 0.121217
0 0.913761 0.106065 0.933370 0.121217
0 0.878466 0.151523 0.898074 0.166675
0 0.913761 0.151523 0.933370 0.166675
0 0.878466 0.196979 0.898074 0.212131
0 0.913761 0.196979 0.933370 0.212131
0 0.878466 0.212130 0.898074 0.227282
0 0.913761 0.212130 0.933370 0.227282
0 0.878466 0.242434 0.898074 0.257586
0 0.913761 0.242434 0.933370 0.257586
0 0.878466 0.257586 0.898074 0.272738
0 0.913761 0.257586 0.933370 0.272738
0 0.878466 0.287890 0.898074 0.303043
0 0.913761 0.287890 0.933370 0.303043
0 0.878466 0.333348 0.898074 0.348500
0 0.913761 0.333348 0.933370 0.348500
0 0.878466 0.378804 0.898074 0.393957
0 0.913761 0.378804 0.933370 0.393957
0 0.878466 0.439412 0.898074 0.454564
0 0.913761 0.439412 0.933370 0.454564
0 0.878466 0.500021 0.898074 0.515174
0 0.913761 0.500021 0.933370 0.515174
0 0.878466 0.515170 0.898074 0.530322
0 0.913761 0.515170 0.933370 0.530322
0 0.878466 0.545478 0.898074 0.560630
0 0.913761 0.545478 0.933370 0.560630
0 0.878466 0.560626 0.898074 0.575778
0 0.913761 0.560626 0.933370 0.575778
0 0.878466 0.590934 0.898074 0.606086
0 0.913761 0.590934 0.933370 0.606086
0 0.878466 0.606083 0.898074 0.621235
0 0.913761 0.606083 0.933370 0.621235
0 0.878466 0.636391 0.898074 0.651543
0 0.913761 0.636391 0.933370 0.651543
0 0.878466 0.666692 0.898074 0.681844
0 0.913761 0.666692 0.933370 0.681844
0 0.878466 0.696998 0.898074 0.712150
0 0.913761 0.696998 0.933370 0.712150
0 0.878466 0.712150 0.898074 0.727302
0 0.913761 0.712150 0.933370 0.727302
0 0.878466 0.742454 0.898074 0.757606
0 0.913761 0.742454 0.933370 0.757606
0 0.878466 0.772760 0.898074 0.787912
0 0.913761 0.772760 0.933370 0.787912
0 0.878466 0.803061 0.898074 0.818214
0 0.913761 0.803061 0.933370 0.818214
0 0.878466 0.833367 0.898074 0.848519
0 0.913761 0.833367 0.933370 0.848519
0 0.922912 0.865880 0.935984 0.875981
0 0.752971 0.893977 0.834101 0.909128
0 0.752971 0.909128 0.834101 0.924279
0 0.878466 0.939432 0.898074 0.954584
0 0.913761 0.939432 0.933370 0.954584
