0 0.058826 0.133845 0.681154 0.151524
0 0.682380 0.133845 0.941213 0.151524
0 0.356550 0.213392 0.372890 0.226019
0 0.400016 0.212131 0.576493 0.227282
0 0.576493 0.212131 0.751745 0.227282
0 0.754605 0.212131 0.941213 0.227282
0 0.356550 0.228543 0.372890 0.241170
0 0.400016 0.227282 0.576493 0.242433
0 0.576493 0.227282 0.751745 0.242433
0 0.754605 0.227282 0.941213 0.242433
0 0.356550 0.243694 0.372890 0.256321
0 0.400016 0.242433 0.576493 0.257584
0 0.576493 0.242433 0.751745 0.257584
0 0.754605 0.242433 0.941213 0.257584
0 0.356550 0.258845 0.372890 0.271472
0 0.400016 0.257584 0.576493 0.272735
0 0.576493 0.257584 0.751745 0.272735
0 0.754605 0.257584 0.941213 0.272735
0 0.356550 0.289149 0.372890 0.301776
0 0.400016 0.287887 0.576493 0.303040
0 0.576493 0.287887 0.751745 0.303040
0 0.754605 0.287887 0.941213 0.303040
0 0.356550 0.304301 0.372890 0.316928
0 0.400016 0.303040 0.576493 0.318191
0 0.576493 0.303040 0.751745 0.318191
0 0.754605 0.303040 0.941213 0.318191
0 0.356550 0.319452 0.372890 0.332079
0 0.400016 0.318191 0.576493 0.333342
0 0.576493 0.318191 0.751745 0.333342
0 0.754605 0.318191 0.941213 0.333342
0 0.356550 0.334603 0.372890 0.347230
0 0.400016 0.333342 0.576493 0.348493
0 0.576493 0.333342 0.751745 0.348493
0 0.754605 0.333342 0.941213 0.348493
0 0.356550 0.349754 0.372890 0.362381
0 0.400016 0.348493 0.576493 0.363643
0 0.576493 0.348493 0.751745 0.363643
0 0.754605 0.348493 0.941213 0.363643
0 0.356550 0.364905 0.372890 0.377532
0 0.400016 0.363643 0.576493 0.378794
0 0.576493 0.363643 0.751745 0.378794
0 0.754605 0.363643 0.941213 0.378794
0 0.356550 0.395209 0.372890 0.407836
0 0.400016 0.393946 0.576493 0.409100
0 0.576493 0.393946 0.751745 0.409100
0 0.754605 0.393946 0.941213 0.409100
0 0.356550 0.410361 0.372890 0.422988
0 0.400016 0.409100 0.576493 0.424251
0 0.576493 0.409100 0.751745 0.424251
0 0.754605 0.409100 0.941213 0.424251
0 0.356550 0.455818 0.372890 0.468444
0 0.400016 0.454555 0.576493 0.469707
0 0.576493 0.454555 0.751745 0.469707
0 0.754605 0.454555 0.941213 0.469707
0 0.356550 0.486122 0.372890 0.498749
0 0.400016 0.484859 0.576493 0.500013
0 0.576493 0.484859 0.751745 0.500013
0 0.754605 0.484859 0.941213 0.500013
0 0.356550 0.501274 0.372890 0.513901
0 0.400016 0.500013 0.576493 0.515163
0 0.576493 0.500013 0.751745 0.515163
0 0.754605 0.500013 0.941213 0.515163
0 0.356550 0.516425 0.372890 0.529052
0 0.400016 0.515163 0.576493 0.530314
0 0.576493 0.515163 0.751745 0.530314
0 0.754605 0.515163 0.941213 0.530314
0 0.356550 0.531576 0.372890 0.544203
0 0.400016 0.530314 0.576493 0.545465
0 0.576493 0.530314 0.751745 0.545465
0 0.754605 0.530314 0.941213 0.545465
0 0.356550 0.546727 0.372890 0.559353
0 0.400016 0.545465 0.576493 0.560616
0 0.576493 0.545465 0.751745 0.560616
0 0.754605 0.545465 0.941213 0.560616
0 0.356550 0.561878 0.372890 0.574504
0 0.400016 0.560616 0.576493 0.575767
0 0.576493 0.560616 0.751745 0.575767
0 0.754605 0.560616 0.941213 0.575767
0 0.356550 0.577028 0.372890 0.589655
0 0.400016 0.575767 0.576493 0.590918
0 0.576493 0.575767 0.751745 0.590918
0 0.754605 0.575767 0.941213 0.590918
0 0.356550 0.592179 0.372890 0.604806
0 0.400016 0.590918 0.576493 0.606069
0 0.576493 0.590918 0.751745 0.606069
0 0.754605 0.590918 0.941213 0.606069
0 0.356550 0.607330 0.372890 0.619957
0 0.400016 0.606069 0.576493 0.621220
0 0.576493 0.606069 0.751745 0.621220
0 0.754605 0.606069 0.941213 0.621220
0 0.356550 0.622481 0.372890 0.635108
0 0.400016 0.621220 0.576493 0.636370
0 0.576493 0.621220 0.751745 0.636370
0 0.754605 0.621220 0.941213 0.636370
0 0.356550 0.637632 0.372890 0.650259
0 0.400016 0.636370 0.576493 0.651521
0 0.576493 0.636370 0.751745 0.651521
0 0.754605 0.636370 0.941213 0.651521
0 0.152947 0.651543 0.305894 0.666694
0 0.356550 0.652794 0.372890 0.665421
0 0.400016 0.651521 0.576493 0.666694
0 0.576493 0.651521 0.751745 0.666694
0 0.754605 0.651521 0.941213 0.666694
0 0.152947 0.666694 0.305894 0.681844
0 0.356550 0.667955 0.372890 0.680582
0 0.400016 0.666694 0.576493 0.681844
0 0.576493 0.666694 0.751745 0.681844
0 0.754605 0.666694 0.941213 0.681844
0 0.152947 0.681844 0.305894 0.696995
0 0.356550 0.683106 0.372890 0.695733
0 0.400016 0.681844 0.576493 0.696995
0 0.576493 0.681844 0.751745 0.696995
0 0.754605 0.681844 0.941213 0.696995
0 0.152947 0.696999 0.305894 0.712150
0 0.356550 0.698257 0.372890 0.710884
0 0.400016 0.696995 0.576493 0.712146
0 0.576493 0.696995 0.751745 0.712146
0 0.754605 0.696995 0.941213 0.712146
0 0.788266 0.727302 0.941213 0.742453
0 0.879773 0.789171 0.896114 0.801798
0 0.915069 0.789171 0.931409 0.801798
0 0.879773 0.834627 0.896114 0.847254
0 0.915069 0.834627 0.931409 0.847254
0 0.879773 0.864935 0.896114 0.877562
0 0.915069 0.864935 0.931409 0.877562
