0 0.838595 0.063131 0.851667 0.073233
0 0.897421 0.063131 0.910493 0.073233
0 0.838595 0.093437 0.851667 0.103538
0 0.897421 0.093437 0.910493 0.103538
0 0.823562 0.121218 0.916703 0.136369
0 0.823562 0.136369 0.916703 0.151520
0 0.150387 0.196976 0.941213 0.212127
0 0.166095 0.227282 0.941213 0.242433
0 0.838595 0.275262 0.851667 0.285364
0 0.897421 0.275262 0.910493 0.285364
0 0.624776 0.287889 0.717675 0.303040
0 0.480300 0.303044 0.576493 0.318195
0 0.149744 0.348500 0.941213 0.363651
0 0.165451 0.378802 0.941213 0.393953
0 0.149744 0.439413 0.941213 0.454564
0 0.339118 0.469715 0.470607 0.484866
0 0.323168 0.500020 0.941213 0.515171
0 0.111115 0.532850 0.124188 0.542951
0 0.322888 0.532850 0.335961 0.542951
0 0.499366 0.532850 0.512438 0.542951
0 0.838595 0.593457 0.851667 0.603558
0 0.897421 0.593457 0.910493 0.603558
0 0.692073 0.621238 0.823562 0.636389
0 0.058826 0.681846 0.941213 0.696997
0 0.058826 0.696997 0.941213 0.712148
0 0.058826 0.712151 0.941213 0.727302
0 0.058826 0.727302 0.941213 0.742453
0 0.058826 0.742453 0.941213 0.757604
0 0.058826 0.757608 0.941213 0.772758
0 0.058826 0.772758 0.941213 0.787909
0 0.058826 0.787909 0.941213 0.803060
0 0.058826 0.803064 0.941213 0.818215
0 0.058826 0.818215 0.941213 0.833366
0 0.058826 0.833366 0.941213 0.848517
0 0.058826 0.848520 0.941213 0.863671
0 0.058826 0.863671 0.941213 0.878822
