0 0.058826 0.118690 0.704684 0.136369
0 0.705910 0.118690 0.941213 0.136369
0 0.105887 0.184350 0.118959 0.194451
0 0.105887 0.199501 0.118959 0.209602
0 0.105887 0.214655 0.118959 0.224757
0 0.105887 0.229806 0.118959 0.239907
0 0.482372 0.184350 0.495444 0.194451
0 0.482372 0.199501 0.495444 0.209602
0 0.482372 0.214655 0.495444 0.224757
0 0.838595 0.260112 0.851667 0.270213
0 0.897421 0.260112 0.910493 0.270213
0 0.085624 0.378802 0.316434 0.409107
0 0.318885 0.393954 0.423546 0.409107
0 0.449037 0.387641 0.468646 0.402793
0 0.519628 0.387641 0.539237 0.402793
0 0.564728 0.393954 0.669389 0.409107
0 0.670615 0.393954 0.810571 0.409107
0 0.811797 0.393954 0.941213 0.409107
0 0.085624 0.409107 0.316434 0.439413
0 0.318885 0.424260 0.423546 0.439413
0 0.449037 0.417946 0.468646 0.433098
0 0.519628 0.417946 0.539237 0.433098
0 0.564728 0.424260 0.669389 0.439413
0 0.670615 0.424260 0.810571 0.439413
0 0.811797 0.424260 0.941213 0.439413
0 0.085624 0.439413 0.316434 0.469718
0 0.318885 0.454565 0.423546 0.469718
0 0.449037 0.448252 0.468646 0.463404
0 0.519628 0.448252 0.539237 0.463404
0 0.564728 0.454565 0.669389 0.469718
0 0.670615 0.454565 0.810571 0.469718
0 0.811797 0.454565 0.941213 0.469718
0 0.085624 0.469718 0.316434 0.500024
0 0.318885 0.484871 0.423546 0.500024
0 0.449037 0.478557 0.468646 0.493709
0 0.519628 0.478557 0.539237 0.493709
0 0.564728 0.484871 0.669389 0.500024
0 0.670615 0.484871 0.810571 0.500024
0 0.811797 0.484871 0.941213 0.500024
0 0.085624 0.500024 0.316434 0.530330
0 0.318885 0.515176 0.423546 0.530330
0 0.449037 0.508863 0.468646 0.524015
0 0.519628 0.508863 0.539237 0.524015
0 0.564728 0.515176 0.669389 0.530330
0 0.670615 0.515176 0.810571 0.530330
0 0.811797 0.515176 0.941213 0.530330
0 0.085624 0.530330 0.316434 0.560635
0 0.318885 0.545482 0.423546 0.560635
0 0.449037 0.539168 0.468646 0.554320
0 0.519628 0.539168 0.539237 0.554320
0 0.564728 0.545482 0.669389 0.560635
0 0.670615 0.545482 0.810571 0.560635
0 0.811797 0.545482 0.941213 0.560635
0 0.085624 0.560635 0.316434 0.590941
0 0.318885 0.575787 0.423546 0.590941
0 0.449037 0.569474 0.468646 0.584626
0 0.519628 0.569474 0.539237 0.584626
0 0.564728 0.575787 0.669389 0.590941
0 0.670615 0.575787 0.810571 0.590941
0 0.811797 0.575787 0.941213 0.590941
0 0.085624 0.590941 0.316434 0.621246
0 0.318885 0.606093 0.423546 0.621246
0 0.449037 0.599779 0.468646 0.614931
0 0.519628 0.599779 0.539237 0.614931
0 0.564728 0.606093 0.669389 0.621246
0 0.670615 0.606093 0.810571 0.621246
0 0.811797 0.606093 0.941213 0.621246
0 0.085624 0.621246 0.316434 0.651552
0 0.318885 0.636398 0.423546 0.651552
0 0.449037 0.630085 0.468646 0.645237
0 0.519628 0.630085 0.539237 0.645237
0 0.564728 0.636398 0.669389 0.651552
0 0.670615 0.636398 0.810571 0.651552
0 0.811797 0.636398 0.941213 0.651552
0 0.085624 0.651552 0.316434 0.681857
0 0.318885 0.666704 0.423546 0.681857
0 0.449037 0.660390 0.468646 0.675543
0 0.519628 0.660390 0.539237 0.675543
0 0.564728 0.666704 0.669389 0.681857
0 0.670615 0.666704 0.810571 0.681857
0 0.811797 0.666704 0.941213 0.681857
0 0.564728 0.696998 0.669389 0.712151
0 0.670615 0.696998 0.810571 0.712151
0 0.811797 0.696998 0.941213 0.712151
0 0.058826 0.742453 0.941213 0.757604
0 0.058826 0.757608 0.941213 0.772758
0 0.058826 0.772758 0.941213 0.787909
0 0.058826 0.787909 0.941213 0.803060
0 0.058826 0.803064 0.941213 0.818215
0 0.058826 0.818215 0.941213 0.833366
0 0.058826 0.833366 0.941213 0.848517
0 0.058826 0.848520 0.941213 0.863671
0 0.058826 0.863671 0.941213 0.878822
0 0.058826 0.878822 0.941213 0.893973
0 0.058826 0.893977 0.941213 0.909128
0 0.058826 0.909128 0.941213 0.924279
0 0.058826 0.924279 0.941213 0.939429
