0 0.058826 0.121218 0.576493 0.136369
0 0.058826 0.136369 0.576493 0.151520
0 0.589892 0.121215 0.823562 0.151520
0 0.823562 0.121215 0.941213 0.151520
0 0.058826 0.151520 0.576493 0.166671
0 0.058826 0.166675 0.576493 0.181826
0 0.589892 0.151520 0.823562 0.181826
0 0.823562 0.151520 0.941213 0.181826
0 0.058826 0.181826 0.576493 0.196976
0 0.058826 0.196976 0.576493 0.212127
0 0.589892 0.181826 0.823562 0.212131
0 0.823562 0.181826 0.941213 0.212131
0 0.058826 0.212131 0.576493 0.227282
0 0.058826 0.227282 0.576493 0.242433
0 0.589892 0.212131 0.823562 0.242437
0 0.823562 0.212131 0.941213 0.242437
0 0.058826 0.242437 0.576493 0.257587
0 0.058826 0.257587 0.576493 0.272738
0 0.589892 0.242437 0.823562 0.272742
0 0.823562 0.242437 0.941213 0.272742
0 0.823562 0.272738 0.941213 0.287889
0 0.094121 0.333346 0.811797 0.348496
0 0.094121 0.348500 0.811797 0.363651
0 0.094121 0.363651 0.811797 0.378802
0 0.823562 0.333346 0.941213 0.378802
0 0.094121 0.378802 0.811797 0.393953
0 0.094121 0.393957 0.811797 0.409107
0 0.094121 0.409107 0.811797 0.424258
0 0.823562 0.378802 0.941213 0.424258
0 0.094121 0.424258 0.811797 0.439409
0 0.094121 0.439413 0.811797 0.454564
0 0.094121 0.454564 0.811797 0.469715
0 0.823562 0.424258 0.941213 0.469715
0 0.094121 0.469715 0.811797 0.484866
0 0.094121 0.484869 0.811797 0.500020
0 0.094121 0.500020 0.811797 0.515171
0 0.823562 0.469715 0.941213 0.515171
0 0.094121 0.545477 0.811797 0.560627
0 0.094121 0.560627 0.811797 0.575778
0 0.094121 0.575782 0.811797 0.590933
0 0.823562 0.545477 0.941213 0.590933
0 0.094121 0.590933 0.811797 0.606084
0 0.094121 0.606084 0.811797 0.621235
0 0.094121 0.621238 0.811797 0.636389
0 0.823562 0.590933 0.941213 0.636389
0 0.094121 0.651540 0.811797 0.666691
0 0.094121 0.666695 0.811797 0.681846
0 0.094121 0.681846 0.811797 0.696997
0 0.823562 0.651540 0.941213 0.696997
0 0.823562 0.696997 0.941213 0.712148
