0 0.058824 0.133838 0.751716 0.151516
0 0.752941 0.133838 0.941176 0.151516
0 0.823529 0.214644 0.836601 0.224745
0 0.894118 0.214644 0.907190 0.224745
0 0.094118 0.378784 0.292892 0.393937
0 0.294118 0.378784 0.376471 0.393937
0 0.376471 0.378784 0.470588 0.393937
0 0.472222 0.378784 0.645833 0.393937
0 0.648693 0.378784 0.822304 0.393937
0 0.823529 0.378784 0.941176 0.393937
0 0.094118 0.409088 0.292892 0.424241
0 0.294118 0.409088 0.376471 0.424241
0 0.376471 0.409088 0.470588 0.424241
0 0.472222 0.409088 0.645833 0.424241
0 0.648693 0.409088 0.822304 0.424241
0 0.823529 0.409088 0.941176 0.424241
0 0.094118 0.439392 0.292892 0.454545
0 0.294118 0.439392 0.376471 0.454545
0 0.376471 0.439392 0.470588 0.454545
0 0.472222 0.439392 0.645833 0.454545
0 0.648693 0.439392 0.822304 0.454545
0 0.823529 0.439392 0.941176 0.454545
0 0.094118 0.469696 0.292892 0.484849
0 0.294118 0.469696 0.376471 0.484849
0 0.376471 0.469696 0.470588 0.484849
0 0.472222 0.469696 0.645833 0.484849
0 0.648693 0.469696 0.822304 0.484849
0 0.823529 0.469696 0.941176 0.484849
0 0.094118 0.500000 0.292892 0.515153
0 0.294118 0.500000 0.376471 0.515153
0 0.376471 0.500000 0.470588 0.515153
0 0.472222 0.500000 0.645833 0.515153
0 0.648693 0.500000 0.822304 0.515153
0 0.823529 0.500000 0.941176 0.515153
0 0.094118 0.530304 0.292892 0.545457
0 0.294118 0.530304 0.376471 0.545457
0 0.376471 0.530304 0.470588 0.545457
0 0.472222 0.530304 0.645833 0.545457
0 0.648693 0.530304 0.822304 0.545457
0 0.823529 0.530304 0.941176 0.545457
0 0.094118 0.560608 0.292892 0.575761
0 0.294118 0.560608 0.376471 0.575761
0 0.376471 0.560608 0.470588 0.575761
0 0.472222 0.560608 0.645833 0.575761
0 0.648693 0.560608 0.822304 0.575761
0 0.823529 0.560608 0.941176 0.575761
0 0.094118 0.590912 0.292892 0.606065
0 0.294118 0.590912 0.376471 0.606065
0 0.376471 0.590912 0.470588 0.606065
0 0.472222 0.590912 0.645833 0.606065
0 0.648693 0.590912 0.822304 0.606065
0 0.823529 0.590912 0.941176 0.606065
0 0.094118 0.621216 0.292892 0.636369
0 0.294118 0.621216 0.376471 0.636369
0 0.376471 0.621216 0.470588 0.636369
0 0.472222 0.621216 0.645833 0.636369
0 0.648693 0.621216 0.822304 0.636369
0 0.823529 0.621216 0.941176 0.636369
0 0.094118 0.651520 0.292892 0.666673
0 0.294118 0.651520 0.376471 0.666673
0 0.376471 0.651520 0.470588 0.666673
0 0.472222 0.651520 0.645833 0.666673
0 0.648693 0.651520 0.822304 0.666673
0 0.823529 0.651520 0.941176 0.666673
0 0.094118 0.681824 0.292892 0.696977
0 0.294118 0.681824 0.376471 0.696977
0 0.376471 0.681824 0.470588 0.696977
0 0.472222 0.681824 0.645833 0.696977
0 0.648693 0.681824 0.822304 0.696977
0 0.823529 0.681824 0.941176 0.696977
0 0.094118 0.712128 0.292892 0.727280
0 0.294118 0.712128 0.376471 0.727280
0 0.376471 0.712128 0.470588 0.727280
0 0.472222 0.712128 0.645833 0.727280
0 0.648693 0.712128 0.822304 0.727280
0 0.823529 0.712128 0.941176 0.727280
0 0.094118 0.742432 0.292892 0.757585
0 0.294118 0.742432 0.376471 0.757585
0 0.376471 0.742432 0.470588 0.757585
0 0.472222 0.742432 0.645833 0.757585
0 0.648693 0.742432 0.822304 0.757585
0 0.823529 0.742432 0.941176 0.757585
0 0.094118 0.772736 0.292892 0.787888
0 0.294118 0.772736 0.376471 0.787888
0 0.376471 0.772736 0.470588 0.787888
0 0.472222 0.772736 0.645833 0.787888
0 0.648693 0.772736 0.822304 0.787888
0 0.823529 0.772736 0.941176 0.787888
0 0.094118 0.803040 0.292892 0.818193
0 0.294118 0.803040 0.376471 0.818193
0 0.376471 0.803040 0.470588 0.818193
0 0.472222 0.803040 0.645833 0.818193
0 0.648693 0.803040 0.822304 0.818193
0 0.823529 0.803040 0.941176 0.818193
0 0.094118 0.833344 0.292892 0.848496
0 0.294118 0.833344 0.376471 0.848496
0 0.376471 0.833344 0.470588 0.848496
0 0.472222 0.833344 0.645833 0.848496
0 0.648693 0.833344 0.822304 0.848496
0 0.823529 0.833344 0.941176 0.848496
0 0.094118 0.863648 0.292892 0.878800
0 0.294118 0.863648 0.376471 0.878800
0 0.376471 0.863648 0.470588 0.878800
0 0.472222 0.863648 0.645833 0.878800
0 0.648693 0.863648 0.822304 0.878800
0 0.823529 0.863648 0.941176 0.878800
0 0.294118 0.878800 0.376471 0.893951
0 0.376471 0.878800 0.470588 0.893951
0 0.472222 0.878800 0.645833 0.893951
0 0.648693 0.878800 0.822304 0.893951
0 0.823529 0.878800 0.941176 0.893951
0 0.294118 0.909102 0.376471 0.924255
0 0.376471 0.909102 0.470588 0.924255
0 0.472222 0.893951 0.645833 0.924255
0 0.648693 0.893951 0.822304 0.924255
0 0.823529 0.909102 0.941176 0.924255
0 0.294118 0.924255 0.376471 0.939405
0 0.376471 0.924255 0.470588 0.939405
0 0.472222 0.924255 0.645833 0.939405
0 0.648693 0.924255 0.822304 0.939405
0 0.823529 0.924255 0.941176 0.939405
