0 0.099350 0.078286 0.112423 0.088387
0 0.635319 0.136369 0.810571 0.151520
0 0.811797 0.136369 0.941213 0.151520
0 0.635319 0.151520 0.810571 0.166671
0 0.811797 0.151520 0.941213 0.166671
0 0.635319 0.166671 0.810571 0.181822
0 0.811797 0.166671 0.941213 0.181822
0 0.635319 0.181822 0.810571 0.196973
0 0.811797 0.181822 0.941213 0.196973
0 0.635319 0.196973 0.810571 0.212123
0 0.811797 0.196973 0.941213 0.212123
0 0.635319 0.242428 0.810571 0.257580
0 0.811797 0.242428 0.941213 0.257580
0 0.635319 0.257580 0.810571 0.272731
0 0.811797 0.257580 0.941213 0.272731
0 0.635319 0.272731 0.810571 0.287882
0 0.811797 0.272731 0.941213 0.287882
0 0.635319 0.348500 0.810571 0.363651
0 0.811797 0.348500 0.941213 0.363651
0 0.635319 0.363651 0.810571 0.378802
0 0.811797 0.363651 0.941213 0.378802
0 0.635319 0.378802 0.810571 0.393953
0 0.811797 0.378802 0.941213 0.393953
0 0.635319 0.393953 0.810571 0.409104
0 0.811797 0.393953 0.941213 0.409104
0 0.429945 0.409104 0.608521 0.439409
0 0.635319 0.439409 0.810571 0.454560
0 0.811797 0.439409 0.941213 0.454560
0 0.635319 0.454560 0.810571 0.469711
0 0.811797 0.454560 0.941213 0.469711
0 0.635319 0.484863 0.810571 0.500016
0 0.811797 0.484863 0.941213 0.500016
0 0.635319 0.500016 0.810571 0.515167
0 0.811797 0.500016 0.941213 0.515167
0 0.635319 0.515167 0.810571 0.530318
0 0.811797 0.515167 0.941213 0.530318
0 0.635319 0.530318 0.810571 0.545469
0 0.811797 0.530318 0.941213 0.545469
0 0.635319 0.545469 0.810571 0.560620
0 0.811797 0.545469 0.941213 0.560620
0 0.811797 0.590933 0.941213 0.606084
0 0.811797 0.606084 0.941213 0.621235
0 0.811797 0.621238 0.941213 0.636389
0 0.811797 0.636389 0.941213 0.651540
0 0.811797 0.651540 0.941213 0.666691
0 0.811797 0.681847 0.941213 0.697000
0 0.111115 0.699521 0.124188 0.709622
