0 0.329425 0.121218 0.458841 0.136369
0 0.482372 0.121218 0.611789 0.136369
0 0.635319 0.121218 0.764736 0.136369
0 0.317659 0.166676 0.469381 0.181829
0 0.470607 0.166676 0.622328 0.181829
0 0.623554 0.166676 0.775276 0.181829
0 0.776501 0.166676 0.941213 0.181829
0 0.317659 0.196981 0.469381 0.212135
0 0.470607 0.196981 0.622328 0.212135
0 0.623554 0.196981 0.775276 0.212135
0 0.776501 0.196981 0.941213 0.212135
0 0.317659 0.227287 0.469381 0.242440
0 0.470607 0.227287 0.622328 0.242440
0 0.623554 0.227287 0.775276 0.242440
0 0.776501 0.227287 0.941213 0.242440
0 0.317659 0.257592 0.469381 0.272746
0 0.470607 0.257592 0.622328 0.272746
0 0.623554 0.257592 0.775276 0.272746
0 0.776501 0.257592 0.941213 0.272746
0 0.317659 0.287898 0.469381 0.303051
0 0.470607 0.287898 0.622328 0.303051
0 0.623554 0.287898 0.775276 0.303051
0 0.776501 0.287898 0.941213 0.303051
0 0.317659 0.318204 0.469381 0.333357
0 0.470607 0.318204 0.622328 0.333357
0 0.623554 0.318204 0.775276 0.333357
0 0.776501 0.318204 0.941213 0.333357
0 0.317659 0.348509 0.469381 0.363662
0 0.470607 0.348509 0.622328 0.363662
0 0.623554 0.348509 0.775276 0.363662
0 0.776501 0.348509 0.941213 0.363662
0 0.317659 0.378815 0.469381 0.393968
0 0.470607 0.378815 0.622328 0.393968
0 0.623554 0.378815 0.775276 0.393968
0 0.776501 0.378815 0.941213 0.393968
0 0.317659 0.409120 0.469381 0.424273
0 0.470607 0.409120 0.622328 0.424273
0 0.623554 0.409120 0.775276 0.424273
0 0.776501 0.409120 0.941213 0.424273
0 0.776501 0.439410 0.941213 0.454564
0 0.776501 0.454564 0.941213 0.469715
0 0.317659 0.545478 0.469381 0.560631
0 0.470607 0.545478 0.622328 0.560631
0 0.623554 0.545478 0.775276 0.560631
0 0.776501 0.545478 0.941213 0.560631
0 0.317659 0.575783 0.469381 0.590937
0 0.470607 0.575783 0.622328 0.590937
0 0.623554 0.575783 0.775276 0.590937
0 0.776501 0.575783 0.941213 0.590937
0 0.317659 0.606089 0.469381 0.621242
0 0.470607 0.606089 0.622328 0.621242
0 0.623554 0.606089 0.775276 0.621242
0 0.776501 0.606089 0.941213 0.621242
0 0.317659 0.636394 0.469381 0.651548
0 0.470607 0.636394 0.622328 0.651548
0 0.623554 0.636394 0.775276 0.651548
0 0.776501 0.636394 0.941213 0.651548
0 0.317659 0.666700 0.469381 0.681853
0 0.470607 0.666700 0.622328 0.681853
0 0.623554 0.666700 0.775276 0.681853
0 0.776501 0.666700 0.941213 0.681853
0 0.327464 0.684377 0.340536 0.694479
0 0.388251 0.681853 0.446096 0.697004
0 0.327464 0.699528 0.340536 0.709630
0 0.480411 0.684377 0.493483 0.694479
0 0.541198 0.681853 0.599043 0.697004
0 0.480411 0.699528 0.493483 0.709630
0 0.633358 0.684377 0.646431 0.694479
0 0.694145 0.681853 0.751990 0.697004
0 0.633358 0.699528 0.646431 0.709630
0 0.776501 0.697005 0.941213 0.712159
0 0.776501 0.727302 0.941213 0.742453
0 0.776501 0.757608 0.941213 0.772758
0 0.571583 0.787909 0.941213 0.803060
0 0.838595 0.805588 0.851667 0.815690
0 0.897421 0.805588 0.910493 0.815690
0 0.212515 0.818215 0.941213 0.833366
0 0.105887 0.833366 0.941213 0.848517
0 0.105887 0.848520 0.941213 0.863671
0 0.838595 0.866195 0.851667 0.876297
0 0.897421 0.866195 0.910493 0.876297
0 0.217424 0.878822 0.941213 0.893973
0 0.105887 0.893977 0.941213 0.909128
0 0.105887 0.909128 0.941213 0.924279
