0 0.670615 0.075762 0.787041 0.090913
0 0.607213 0.108588 0.620286 0.118689
0 0.670615 0.106064 0.787041 0.121215
0 0.670615 0.121218 0.787041 0.136369
0 0.670615 0.136369 0.787041 0.151520
0 0.670615 0.151520 0.787041 0.166671
0 0.670615 0.166675 0.787041 0.181826
0 0.670615 0.181826 0.787041 0.196976
0 0.670615 0.196976 0.787041 0.212127
0 0.670615 0.212131 0.787041 0.227282
0 0.670615 0.227282 0.787041 0.242433
0 0.823562 0.242433 0.941213 0.257584
0 0.760161 0.260112 0.773233 0.270213
0 0.823562 0.257587 0.941213 0.272738
0 0.823562 0.272738 0.941213 0.287889
0 0.823562 0.287889 0.941213 0.303040
0 0.588258 0.303044 0.705910 0.318195
0 0.823562 0.303044 0.941213 0.318195
0 0.141182 0.378802 0.858857 0.393953
0 0.880100 0.380063 0.896440 0.392690
0 0.915395 0.380063 0.931736 0.392690
0 0.880100 0.395218 0.896440 0.407845
0 0.915395 0.395218 0.931736 0.407845
0 0.729440 0.424258 0.858857 0.439409
0 0.423546 0.439413 0.541198 0.454564
0 0.105887 0.530322 0.591853 0.545473
0 0.611789 0.530322 0.858857 0.545473
0 0.105887 0.545473 0.591853 0.560624
0 0.611789 0.545473 0.858857 0.560624
0 0.105887 0.560624 0.591853 0.575775
0 0.611789 0.560624 0.858857 0.575775
0 0.105887 0.575775 0.591853 0.590925
0 0.611789 0.575775 0.858857 0.590925
0 0.880100 0.592194 0.896440 0.604821
0 0.915395 0.592194 0.931736 0.604821
0 0.880100 0.607345 0.896440 0.619972
0 0.915395 0.607345 0.931736 0.619972
0 0.058826 0.651540 0.941213 0.666691
0 0.058826 0.666695 0.941213 0.681846
0 0.529433 0.727302 0.764736 0.742456
0 0.873890 0.738666 0.883695 0.746242
0 0.910820 0.738666 0.920624 0.746242
0 0.142816 0.770234 0.387025 0.787913
0 0.793167 0.761394 0.806239 0.771496
0 0.835327 0.770234 0.941213 0.787913
0 0.235303 0.787909 0.739980 0.803060
0 0.235303 0.803064 0.739980 0.818215
0 0.811797 0.787909 0.941213 0.803060
0 0.811797 0.803064 0.941213 0.818215
