0 0.478758 0.106058 0.941176 0.121208
0 0.879248 0.152142 0.897222 0.166031
0 0.914543 0.152142 0.932516 0.166031
0 0.111111 0.184340 0.124183 0.194441
0 0.741176 0.181816 0.752941 0.196966
0 0.764706 0.181816 0.776471 0.196966
0 0.788235 0.181816 0.800000 0.196966
0 0.564706 0.196966 0.576471 0.212116
0 0.588235 0.196966 0.600000 0.212116
0 0.611765 0.196966 0.623529 0.212116
0 0.111111 0.214644 0.124183 0.224745
0 0.111111 0.229794 0.124183 0.239895
0 0.111111 0.244944 0.124183 0.255045
0 0.111111 0.260098 0.124183 0.270199
0 0.111111 0.275248 0.124183 0.285349
0 0.111111 0.290398 0.124183 0.300499
0 0.111111 0.305552 0.124183 0.315653
0 0.877614 0.318177 0.897222 0.333328
0 0.912909 0.318177 0.932516 0.333328
0 0.877614 0.333327 0.897222 0.348478
0 0.912909 0.333327 0.932516 0.348478
0 0.111111 0.381306 0.124183 0.391407
0 0.111111 0.411610 0.124183 0.421711
0 0.111111 0.441914 0.124183 0.452015
0 0.111111 0.472214 0.124183 0.482315
0 0.111111 0.502518 0.124183 0.512619
0 0.877614 0.515143 0.897222 0.530294
0 0.912909 0.515143 0.932516 0.530294
0 0.111111 0.547972 0.124183 0.558073
0 0.486753 0.545448 0.823529 0.560598
0 0.111111 0.563122 0.124183 0.573223
0 0.598286 0.560598 0.823529 0.575749
0 0.111111 0.578276 0.124183 0.588377
0 0.679157 0.575752 0.823529 0.590902
0 0.111111 0.593426 0.124183 0.603527
0 0.111111 0.623730 0.124183 0.633831
0 0.111111 0.654030 0.124183 0.664131
0 0.111111 0.684334 0.124183 0.694435
0 0.111111 0.729788 0.124183 0.739889
0 0.111111 0.760092 0.124183 0.770193
0 0.111111 0.789761 0.124183 0.799862
