0 0.058824 0.118684 0.704657 0.136362
0 0.707516 0.118168 0.941176 0.136362
0 0.258824 0.199490 0.271895 0.209591
0 0.329412 0.196966 0.376471 0.212117
0 0.258824 0.229794 0.271895 0.239895
0 0.258824 0.260098 0.271895 0.270199
0 0.258824 0.290399 0.271895 0.300499
0 0.258824 0.320703 0.271895 0.330804
0 0.258824 0.351007 0.271895 0.361107
0 0.087582 0.487369 0.100654 0.497470
0 0.087582 0.578277 0.100654 0.588378
0 0.087582 0.654031 0.100654 0.664132
0 0.087582 0.729788 0.100654 0.739889
0 0.779051 0.795447 0.941176 0.810597
