0 0.153283 0.196078 0.154545 0.215688
0 0.155808 0.196078 0.226326 0.215688
0 0.228535 0.196078 0.326326 0.215688
0 0.328535 0.196078 0.435417 0.215688
0 0.436364 0.196078 0.526326 0.215688
0 0.528535 0.196078 0.635417 0.215688
0 0.636364 0.196078 0.735417 0.215688
0 0.737626 0.196078 0.853598 0.215688
0 0.855808 0.196078 0.954545 0.215688
0 0.153283 0.235296 0.154545 0.254905
0 0.155808 0.235296 0.226326 0.254905
0 0.228535 0.235296 0.326326 0.254905
0 0.328535 0.235296 0.435417 0.254905
0 0.436364 0.235296 0.526326 0.254905
0 0.528535 0.235296 0.635417 0.254905
0 0.636364 0.235296 0.735417 0.254905
0 0.737626 0.235296 0.853598 0.254905
0 0.855808 0.235296 0.954545 0.254905
0 0.153283 0.274513 0.154545 0.294123
0 0.155808 0.274513 0.226326 0.294123
0 0.228535 0.274513 0.326326 0.294123
0 0.328535 0.274513 0.435417 0.294123
0 0.436364 0.274513 0.526326 0.294123
0 0.528535 0.274513 0.635417 0.294123
0 0.636364 0.274513 0.735417 0.294123
0 0.737626 0.274513 0.853598 0.294123
0 0.855808 0.274513 0.954545 0.294123
0 0.153283 0.313730 0.154545 0.333340
0 0.155808 0.313730 0.226326 0.333340
0 0.228535 0.313730 0.326326 0.333340
0 0.328535 0.313730 0.435417 0.333340
0 0.436364 0.313730 0.526326 0.333340
0 0.528535 0.313730 0.635417 0.333340
0 0.636364 0.313730 0.735417 0.333340
0 0.737626 0.313730 0.853598 0.333340
0 0.855808 0.313730 0.954545 0.333340
0 0.153283 0.352948 0.154545 0.372557
0 0.155808 0.352948 0.226326 0.372557
0 0.228535 0.352948 0.326326 0.372557
0 0.328535 0.352948 0.435417 0.372557
0 0.436364 0.352948 0.526326 0.372557
0 0.528535 0.352948 0.635417 0.372557
0 0.636364 0.352948 0.735417 0.372557
0 0.737626 0.352948 0.853598 0.372557
0 0.855808 0.352948 0.954545 0.372557
0 0.153283 0.392165 0.154545 0.411775
0 0.155808 0.392165 0.226326 0.411775
0 0.228535 0.392165 0.326326 0.411775
0 0.328535 0.392165 0.435417 0.411775
0 0.436364 0.392165 0.526326 0.411775
0 0.528535 0.392165 0.635417 0.411775
0 0.636364 0.392165 0.735417 0.411775
0 0.737626 0.392165 0.853598 0.411775
0 0.855808 0.392165 0.954545 0.411775
0 0.153283 0.431382 0.154545 0.450992
0 0.155808 0.431382 0.226326 0.450992
0 0.228535 0.431382 0.326326 0.450992
0 0.328535 0.431382 0.435417 0.450992
0 0.436364 0.431382 0.526326 0.450992
0 0.528535 0.431382 0.635417 0.450992
0 0.636364 0.431382 0.735417 0.450992
0 0.737626 0.431382 0.853598 0.450992
0 0.855808 0.431382 0.954545 0.450992
0 0.153283 0.470600 0.154545 0.490209
0 0.155808 0.470600 0.226326 0.490209
0 0.228535 0.470600 0.326326 0.490209
0 0.328535 0.470600 0.435417 0.490209
0 0.436364 0.470600 0.526326 0.490209
0 0.528535 0.470600 0.635417 0.490209
0 0.636364 0.470600 0.735417 0.490209
0 0.737626 0.470600 0.853598 0.490209
0 0.855808 0.470600 0.954545 0.490209
0 0.153283 0.509817 0.154545 0.529426
0 0.155808 0.509817 0.226326 0.529426
0 0.228535 0.509817 0.326326 0.529426
0 0.328535 0.509817 0.435417 0.529426
0 0.436364 0.509817 0.526326 0.529426
0 0.528535 0.509817 0.635417 0.529426
0 0.636364 0.509817 0.735417 0.529426
0 0.737626 0.509817 0.853598 0.529426
0 0.855808 0.509817 0.954545 0.529426
0 0.153283 0.549034 0.154545 0.568644
0 0.155808 0.549034 0.226326 0.568644
0 0.228535 0.549034 0.326326 0.568644
0 0.328535 0.549034 0.435417 0.568644
0 0.436364 0.549034 0.526326 0.568644
0 0.528535 0.549034 0.635417 0.568644
0 0.636364 0.549034 0.735417 0.568644
0 0.737626 0.549034 0.853598 0.568644
0 0.855808 0.549034 0.954545 0.568644
0 0.153283 0.588252 0.154545 0.607861
0 0.155808 0.588252 0.226326 0.607861
0 0.228535 0.588252 0.326326 0.607861
0 0.328535 0.588252 0.435417 0.607861
0 0.436364 0.588252 0.526326 0.607861
0 0.528535 0.588252 0.635417 0.607861
0 0.636364 0.588252 0.735417 0.607861
0 0.737626 0.588252 0.853598 0.607861
0 0.855808 0.588252 0.954545 0.607861
0 0.153283 0.627469 0.154545 0.647078
0 0.155808 0.627469 0.226326 0.647078
0 0.228535 0.627469 0.326326 0.647078
0 0.328535 0.627469 0.435417 0.647078
0 0.436364 0.627469 0.526326 0.647078
0 0.528535 0.627469 0.635417 0.647078
0 0.636364 0.627469 0.735417 0.647078
0 0.737626 0.627469 0.853598 0.647078
0 0.855808 0.627469 0.954545 0.647078
0 0.153283 0.666686 0.154545 0.686296
0 0.155808 0.666686 0.226326 0.686296
0 0.228535 0.666686 0.326326 0.686296
0 0.328535 0.666686 0.435417 0.686296
0 0.436364 0.666686 0.526326 0.686296
0 0.528535 0.666686 0.635417 0.686296
0 0.636364 0.666686 0.735417 0.686296
0 0.737626 0.666686 0.853598 0.686296
0 0.855808 0.666686 0.954545 0.686296
0 0.153283 0.705904 0.154545 0.725513
0 0.155808 0.705904 0.226326 0.725513
0 0.228535 0.705904 0.326326 0.725513
0 0.328535 0.705904 0.435417 0.725513
0 0.436364 0.705904 0.526326 0.725513
0 0.528535 0.705904 0.635417 0.725513
0 0.636364 0.705904 0.735417 0.725513
0 0.737626 0.705904 0.853598 0.725513
0 0.855808 0.705904 0.954545 0.725513
0 0.153283 0.745121 0.154545 0.764730
0 0.155808 0.745121 0.226326 0.764730
0 0.228535 0.745121 0.326326 0.764730
0 0.328535 0.745121 0.435417 0.764730
0 0.436364 0.745121 0.526326 0.764730
0 0.528535 0.745121 0.635417 0.764730
0 0.636364 0.745121 0.735417 0.764730
0 0.737626 0.745121 0.853598 0.764730
0 0.855808 0.745121 0.954545 0.764730
0 0.153283 0.784338 0.154545 0.803948
0 0.155808 0.784338 0.226326 0.803948
0 0.228535 0.784338 0.326326 0.803948
0 0.328535 0.784338 0.435417 0.803948
0 0.436364 0.784338 0.526326 0.803948
0 0.528535 0.784338 0.635417 0.803948
0 0.636364 0.784338 0.735417 0.803948
0 0.737626 0.784338 0.853598 0.803948
0 0.855808 0.784338 0.954545 0.803948
0 0.790909 0.823529 0.954545 0.843136
0 0.790909 0.843136 0.954545 0.862742
