0 0.058826 0.133845 0.669389 0.151524
0 0.672249 0.133845 0.941213 0.151524
0 0.549041 0.151520 0.669389 0.181826
0 0.773233 0.151520 0.847092 0.181826
0 0.870622 0.151520 0.941213 0.181826
0 0.352955 0.196978 0.941213 0.212131
0 0.282364 0.242437 0.411781 0.257587
0 0.282364 0.257587 0.411781 0.272738
0 0.552963 0.257587 0.681154 0.272738
0 0.682380 0.257587 0.810571 0.272738
0 0.811797 0.257587 0.941213 0.272738
0 0.552963 0.272738 0.681154 0.287889
0 0.682380 0.272738 0.810571 0.287889
0 0.811797 0.272738 0.941213 0.287889
0 0.552963 0.287889 0.681154 0.303040
0 0.682380 0.287889 0.810571 0.303040
0 0.811797 0.287889 0.941213 0.303040
0 0.552963 0.318192 0.681154 0.333346
0 0.682380 0.318192 0.810571 0.333346
0 0.811797 0.318192 0.941213 0.333346
0 0.552963 0.348498 0.681154 0.363651
0 0.682380 0.348498 0.810571 0.363651
0 0.811797 0.348498 0.941213 0.363651
0 0.552963 0.363651 0.681154 0.378802
0 0.682380 0.363651 0.810571 0.378802
0 0.811797 0.363651 0.941213 0.378802
0 0.552963 0.393954 0.681154 0.409107
0 0.682380 0.393954 0.810571 0.409107
0 0.811797 0.393954 0.941213 0.409107
0 0.552963 0.409107 0.681154 0.424258
0 0.682380 0.409107 0.810571 0.424258
0 0.811797 0.409107 0.941213 0.424258
0 0.552963 0.424258 0.681154 0.439409
0 0.682380 0.424258 0.810571 0.439409
0 0.811797 0.424258 0.941213 0.439409
0 0.552963 0.454561 0.681154 0.469715
0 0.682380 0.454561 0.810571 0.469715
0 0.811797 0.454561 0.941213 0.469715
0 0.552963 0.484867 0.681154 0.500020
0 0.682380 0.484867 0.810571 0.500020
0 0.811797 0.484867 0.941213 0.500020
0 0.552963 0.500020 0.681154 0.515171
0 0.682380 0.500020 0.810571 0.515171
0 0.811797 0.500020 0.941213 0.515171
0 0.552963 0.515171 0.681154 0.530322
0 0.682380 0.515171 0.810571 0.530322
0 0.811797 0.515171 0.941213 0.530322
0 0.552963 0.530322 0.681154 0.545473
0 0.682380 0.530322 0.810571 0.545473
0 0.811797 0.530322 0.941213 0.545473
0 0.552963 0.545473 0.681154 0.560624
0 0.682380 0.545473 0.810571 0.560624
0 0.811797 0.545473 0.941213 0.560624
0 0.811797 0.590933 0.941213 0.606084
0 0.811797 0.606084 0.941213 0.621235
0 0.811797 0.621238 0.941213 0.636389
0 0.811797 0.636389 0.941213 0.651540
0 0.811797 0.651540 0.941213 0.666691
0 0.811797 0.666695 0.941213 0.681846
0 0.647084 0.681846 0.775276 0.696997
0 0.647084 0.696997 0.775276 0.712148
0 0.811797 0.696997 0.941213 0.712148
0 0.811797 0.712151 0.941213 0.727302
0 0.811797 0.727302 0.941213 0.742453
0 0.811797 0.742453 0.941213 0.757604
0 0.811797 0.757608 0.941213 0.772758
0 0.811797 0.772758 0.941213 0.787909
0 0.811797 0.787909 0.941213 0.803060
0 0.811797 0.803064 0.941213 0.818215
0 0.811797 0.833366 0.941213 0.848517
0 0.811797 0.848520 0.941213 0.863671
0 0.811797 0.863671 0.941213 0.878822
