0 0.058826 0.133845 0.681154 0.151524
0 0.682380 0.133845 0.941213 0.151524
0 0.099350 0.184350 0.112423 0.194451
0 0.099350 0.199501 0.112423 0.209602
0 0.099350 0.214655 0.112423 0.224757
0 0.099350 0.229806 0.112423 0.239907
0 0.329425 0.242433 0.941213 0.257584
0 0.099350 0.260112 0.112423 0.270213
0 0.099350 0.290413 0.112423 0.300515
0 0.099350 0.305568 0.112423 0.315669
0 0.099350 0.335870 0.112423 0.345971
0 0.099350 0.351024 0.112423 0.361126
0 0.188243 0.378802 0.941213 0.392690
0 0.099350 0.395218 0.112423 0.405319
0 0.099350 0.441937 0.112423 0.452038
0 0.099350 0.457088 0.112423 0.467189
0 0.116344 0.502544 0.129417 0.512646
0 0.116344 0.548001 0.129417 0.558102
0 0.116344 0.593457 0.129417 0.603558
0 0.116344 0.623763 0.129417 0.633864
0 0.116344 0.669219 0.129417 0.679320
0 0.858857 0.696997 0.941213 0.712148
0 0.081703 0.787909 0.316434 0.818215
0 0.317659 0.803061 0.423546 0.818215
0 0.425180 0.803061 0.563502 0.818215
0 0.585971 0.804324 0.602311 0.816951
0 0.644797 0.804324 0.661137 0.816951
0 0.682380 0.803061 0.810571 0.818215
0 0.811797 0.803061 0.941213 0.818215
0 0.081703 0.818215 0.316434 0.848520
0 0.317659 0.833367 0.423546 0.848520
0 0.425180 0.833367 0.563502 0.848520
0 0.585971 0.834630 0.602311 0.847256
0 0.644797 0.834630 0.661137 0.847256
0 0.682380 0.833367 0.810571 0.848520
0 0.811797 0.833367 0.941213 0.848520
0 0.081703 0.848520 0.316434 0.878826
0 0.317659 0.863673 0.423546 0.878826
0 0.425180 0.863673 0.563502 0.878826
0 0.585971 0.864935 0.602311 0.877562
0 0.644797 0.864935 0.661137 0.877562
0 0.682380 0.863673 0.810571 0.878826
0 0.811797 0.863673 0.941213 0.878826
0 0.081703 0.878826 0.316434 0.909131
0 0.317659 0.893978 0.423546 0.909131
0 0.425180 0.893978 0.563502 0.909131
0 0.585971 0.895241 0.602311 0.907867
0 0.644797 0.895241 0.661137 0.907867
0 0.682380 0.893978 0.810571 0.909131
0 0.811797 0.893978 0.941213 0.909131
0 0.081703 0.909131 0.316434 0.939437
0 0.317659 0.924284 0.423546 0.939437
0 0.425180 0.924284 0.563502 0.939437
0 0.585971 0.925546 0.602311 0.938173
0 0.644797 0.925546 0.661137 0.938173
0 0.682380 0.924284 0.810571 0.939437
0 0.811797 0.924284 0.941213 0.939437
0 0.317659 0.939437 0.423546 0.954588
0 0.425180 0.939437 0.563502 0.954588
0 0.585971 0.941961 0.602311 0.954588
0 0.644797 0.941961 0.661137 0.954588
0 0.682380 0.939437 0.810571 0.954588
0 0.811797 0.939437 0.941213 0.954588
