0 0.922912 0.077970 0.935984 0.088072
0 0.411781 0.136369 0.516442 0.151520
0 0.411781 0.151520 0.516442 0.166671
0 0.411781 0.166675 0.516442 0.181826
0 0.411781 0.181826 0.516442 0.196976
0 0.411781 0.196976 0.516442 0.212127
0 0.411781 0.227283 0.516442 0.242437
0 0.423546 0.257585 0.516442 0.272738
0 0.517667 0.272738 0.622328 0.287889
0 0.141182 0.303040 0.401977 0.318191
0 0.411781 0.303040 0.517667 0.318191
0 0.517667 0.303040 0.622328 0.318191
0 0.623554 0.303040 0.728215 0.318191
0 0.729440 0.303040 0.834101 0.318191
0 0.835327 0.303040 0.941213 0.318191
0 0.141182 0.318191 0.401977 0.333342
0 0.411781 0.318191 0.517667 0.333342
0 0.517667 0.318191 0.622328 0.333342
0 0.623554 0.318191 0.728215 0.333342
0 0.729440 0.318191 0.834101 0.333342
0 0.835327 0.318191 0.941213 0.333342
0 0.141182 0.333342 0.401977 0.348493
0 0.411781 0.333342 0.517667 0.348493
0 0.517667 0.333342 0.622328 0.348493
0 0.623554 0.333342 0.728215 0.348493
0 0.729440 0.333342 0.834101 0.348493
0 0.835327 0.333342 0.941213 0.348493
0 0.141182 0.348493 0.401977 0.363643
0 0.411781 0.348493 0.517667 0.363643
0 0.517667 0.348493 0.622328 0.363643
0 0.623554 0.348493 0.728215 0.363643
0 0.729440 0.348493 0.834101 0.363643
0 0.835327 0.348493 0.941213 0.363643
0 0.141182 0.363643 0.401977 0.378794
0 0.411781 0.363643 0.517667 0.378794
0 0.517667 0.363643 0.622328 0.378794
0 0.623554 0.363643 0.728215 0.378794
0 0.729440 0.363643 0.834101 0.378794
0 0.835327 0.363643 0.941213 0.378794
0 0.411781 0.378794 0.517667 0.393945
0 0.517667 0.378794 0.622328 0.393945
0 0.623554 0.378794 0.728215 0.393945
0 0.729440 0.378794 0.834101 0.393945
0 0.835327 0.378794 0.941213 0.393945
0 0.517667 0.393957 0.623554 0.409107
0 0.517667 0.424260 0.622328 0.439413
0 0.623554 0.424260 0.728215 0.439413
0 0.729440 0.424260 0.834101 0.439413
0 0.835327 0.424260 0.941213 0.439413
0 0.517667 0.439413 0.622328 0.454564
0 0.623554 0.439413 0.728215 0.454564
0 0.729440 0.439413 0.834101 0.454564
0 0.835327 0.439413 0.941213 0.454564
0 0.517667 0.454564 0.622328 0.469715
0 0.623554 0.454564 0.728215 0.469715
0 0.729440 0.454564 0.834101 0.469715
0 0.835327 0.454564 0.941213 0.469715
0 0.305894 0.484867 0.410555 0.500020
0 0.411781 0.484867 0.516442 0.500020
0 0.305894 0.500020 0.410555 0.515171
0 0.411781 0.500020 0.516442 0.515171
0 0.305894 0.515171 0.410555 0.530322
0 0.411781 0.515171 0.516442 0.530322
0 0.517667 0.530326 0.622328 0.545477
0 0.623554 0.530326 0.728215 0.545477
0 0.729440 0.530326 0.834101 0.545477
0 0.835327 0.530326 0.941213 0.545477
0 0.305894 0.560629 0.410555 0.590933
0 0.411781 0.560629 0.516442 0.590933
0 0.305894 0.606085 0.410555 0.621238
0 0.411781 0.606085 0.516442 0.621238
0 0.305894 0.621238 0.410555 0.636389
0 0.411781 0.621238 0.516442 0.636389
0 0.517667 0.636389 0.622328 0.651540
0 0.623554 0.636389 0.728215 0.651540
0 0.729440 0.636389 0.834101 0.651540
0 0.835327 0.636389 0.941213 0.651540
0 0.282364 0.666695 0.364720 0.681846
0 0.411781 0.696997 0.516442 0.712148
0 0.411781 0.712151 0.517667 0.727302
0 0.517667 0.727302 0.622328 0.742453
0 0.623554 0.727302 0.728215 0.742453
0 0.729440 0.727302 0.834101 0.742453
0 0.835327 0.727302 0.941213 0.742453
0 0.411781 0.757605 0.516442 0.772758
0 0.411781 0.772758 0.516442 0.787909
0 0.517667 0.787909 0.622328 0.803060
0 0.623554 0.787909 0.728215 0.803060
0 0.729440 0.787909 0.834101 0.803060
0 0.835327 0.787909 0.941213 0.803060
0 0.411781 0.818216 0.516442 0.833370
0 0.411781 0.833366 0.516442 0.848517
0 0.517667 0.848520 0.622328 0.863671
0 0.623554 0.848520 0.728215 0.863671
0 0.729440 0.848520 0.834101 0.863671
0 0.835327 0.848520 0.941213 0.863671
0 0.141182 0.878822 0.401977 0.893973
0 0.411781 0.878822 0.517667 0.893973
0 0.517667 0.878822 0.622328 0.893973
0 0.623554 0.878822 0.728215 0.893973
0 0.729440 0.878822 0.834101 0.893973
0 0.835327 0.878822 0.941213 0.893973
0 0.141182 0.893973 0.401977 0.909124
0 0.411781 0.893973 0.517667 0.909124
0 0.517667 0.893973 0.622328 0.909124
0 0.623554 0.893973 0.728215 0.909124
0 0.729440 0.893973 0.834101 0.909124
0 0.835327 0.893973 0.941213 0.909124
0 0.141182 0.909124 0.401977 0.924275
0 0.411781 0.909124 0.517667 0.924275
0 0.517667 0.909124 0.622328 0.924275
0 0.623554 0.909124 0.728215 0.924275
0 0.729440 0.909124 0.834101 0.924275
0 0.835327 0.909124 0.941213 0.924275
0 0.411781 0.924275 0.517667 0.939426
0 0.517667 0.924275 0.622328 0.939426
0 0.623554 0.924275 0.728215 0.939426
0 0.729440 0.924275 0.834101 0.939426
0 0.835327 0.924275 0.941213 0.939426
0 0.517667 0.939433 0.622328 0.954584
0 0.517667 0.954584 0.622328 0.969735
0 0.623554 0.954584 0.728215 0.969735
0 0.729440 0.954584 0.834101 0.969735
0 0.835327 0.954584 0.941213 0.969735
