0 0.922912 0.077970 0.935984 0.088072
0 0.800031 0.090913 0.941213 0.106064
0 0.800031 0.106064 0.941213 0.121215
0 0.800031 0.121218 0.941213 0.136369
0 0.800031 0.136369 0.941213 0.151520
0 0.800031 0.151520 0.941213 0.166671
0 0.800031 0.166675 0.941213 0.181826
0 0.800031 0.181826 0.941213 0.196976
0 0.800031 0.196976 0.941213 0.212127
0 0.800031 0.212131 0.941213 0.227282
0 0.800031 0.242433 0.941213 0.257584
0 0.922912 0.274947 0.935984 0.285048
0 0.447076 0.305568 0.460149 0.315669
0 0.517667 0.305568 0.530740 0.315669
0 0.611789 0.305568 0.624861 0.315669
0 0.670615 0.303044 0.823562 0.318195
0 0.878466 0.348499 0.898074 0.363651
0 0.913761 0.348499 0.933370 0.363651
0 0.105887 0.396481 0.118959 0.406582
0 0.247069 0.396481 0.260141 0.406582
0 0.411781 0.396481 0.424853 0.406582
0 0.878466 0.409106 0.898074 0.424258
0 0.913761 0.409106 0.933370 0.424258
0 0.105887 0.457088 0.118959 0.467189
0 0.247069 0.457088 0.260141 0.467189
0 0.411781 0.457088 0.424853 0.467189
0 0.878466 0.484867 0.898074 0.500019
0 0.913761 0.484867 0.933370 0.500019
0 0.878466 0.545478 0.898074 0.560630
0 0.913761 0.545478 0.933370 0.560630
0 0.878466 0.575780 0.898074 0.590932
0 0.913761 0.575780 0.933370 0.590932
