0 0.922912 0.093121 0.935984 0.103223
0 0.752971 0.136369 0.834101 0.151520
0 0.752971 0.196976 0.834101 0.212127
0 0.878466 0.227281 0.898074 0.242433
0 0.913761 0.227281 0.933370 0.242433
0 0.878466 0.257585 0.898074 0.272737
0 0.913761 0.257585 0.933370 0.272737
0 0.878466 0.272737 0.898074 0.287889
0 0.913761 0.272737 0.933370 0.287889
0 0.878466 0.287888 0.898074 0.303040
0 0.913761 0.287888 0.933370 0.303040
0 0.878466 0.303043 0.898074 0.318195
0 0.913761 0.303043 0.933370 0.318195
0 0.878466 0.333347 0.898074 0.348499
0 0.913761 0.333347 0.933370 0.348499
0 0.878466 0.363652 0.898074 0.378804
0 0.913761 0.363652 0.933370 0.378804
0 0.878466 0.409106 0.898074 0.424258
0 0.913761 0.409106 0.933370 0.424258
0 0.878466 0.424257 0.898074 0.439409
0 0.913761 0.424257 0.933370 0.439409
0 0.878466 0.454565 0.898074 0.469717
0 0.913761 0.454565 0.933370 0.469717
0 0.878466 0.500019 0.898074 0.515171
0 0.913761 0.500019 0.933370 0.515171
0 0.878466 0.530323 0.898074 0.545475
0 0.913761 0.530323 0.933370 0.545475
0 0.878466 0.545475 0.898074 0.560627
0 0.913761 0.545475 0.933370 0.560627
0 0.878466 0.575781 0.898074 0.590933
0 0.913761 0.575781 0.933370 0.590933
0 0.878466 0.590932 0.898074 0.606084
0 0.913761 0.590932 0.933370 0.606084
0 0.878466 0.621236 0.898074 0.636388
0 0.913761 0.621236 0.933370 0.636388
0 0.878466 0.636388 0.898074 0.651540
0 0.913761 0.636388 0.933370 0.651540
0 0.878466 0.651539 0.898074 0.666691
0 0.913761 0.651539 0.933370 0.666691
0 0.878466 0.696995 0.898074 0.712148
0 0.913761 0.696995 0.933370 0.712148
0 0.878466 0.712150 0.898074 0.727302
0 0.913761 0.712150 0.933370 0.727302
0 0.878466 0.757606 0.898074 0.772758
0 0.913761 0.757606 0.933370 0.772758
0 0.878466 0.803063 0.898074 0.818215
0 0.913761 0.803063 0.933370 0.818215
0 0.576493 0.833366 0.941213 0.848517
0 0.105887 0.881346 0.118959 0.891448
0 0.247069 0.881346 0.260141 0.891448
0 0.423546 0.881346 0.436618 0.891448
0 0.564728 0.881346 0.577800 0.891448
0 0.105887 0.939433 0.941213 0.954584
