0 0.058824 0.073230 0.728186 0.090908
0 0.731046 0.073230 0.941176 0.090908
0 0.788235 0.136362 0.941176 0.151512
0 0.070588 0.212118 0.105882 0.227270
0 0.129412 0.196966 0.376471 0.212117
0 0.129412 0.212120 0.376471 0.227270
0 0.129412 0.227270 0.376471 0.242421
0 0.129412 0.242421 0.376471 0.257571
0 0.400000 0.196966 0.647059 0.212117
0 0.400000 0.212120 0.647059 0.227270
0 0.400000 0.227270 0.647059 0.242421
0 0.400000 0.242421 0.647059 0.257571
0 0.670588 0.196966 0.941176 0.212117
0 0.670588 0.212120 0.941176 0.227270
0 0.670588 0.227270 0.941176 0.242421
0 0.670588 0.242421 0.941176 0.257571
0 0.129412 0.303028 0.517647 0.318179
0 0.129412 0.318179 0.517647 0.333329
0 0.129412 0.333329 0.517647 0.348479
0 0.129412 0.348483 0.517647 0.363633
0 0.541176 0.303028 0.941176 0.318179
0 0.541176 0.318179 0.941176 0.333329
0 0.541176 0.333329 0.941176 0.348479
0 0.541176 0.348483 0.941176 0.363633
0 0.070588 0.409088 0.105882 0.424241
0 0.129412 0.393937 0.376471 0.409087
0 0.129412 0.409087 0.376471 0.424237
0 0.129412 0.424237 0.376471 0.439387
0 0.129412 0.439391 0.376471 0.454541
0 0.400000 0.393937 0.647059 0.409087
0 0.400000 0.409087 0.647059 0.424237
0 0.400000 0.424237 0.647059 0.439387
0 0.400000 0.439391 0.647059 0.454541
0 0.670588 0.393937 0.941176 0.409087
0 0.670588 0.409087 0.941176 0.424237
0 0.670588 0.424237 0.941176 0.439387
0 0.670588 0.439391 0.941176 0.454541
0 0.129412 0.499995 0.517647 0.515145
0 0.129412 0.515145 0.517647 0.530295
0 0.129412 0.530299 0.517647 0.545449
0 0.129412 0.545449 0.517647 0.560599
0 0.541176 0.499995 0.941176 0.515145
0 0.541176 0.515145 0.941176 0.530295
0 0.541176 0.530299 0.941176 0.545449
0 0.541176 0.545449 0.941176 0.560599
0 0.070588 0.606054 0.105882 0.621207
0 0.129412 0.590903 0.376471 0.606053
0 0.129412 0.606053 0.376471 0.621203
0 0.129412 0.621207 0.376471 0.636357
0 0.129412 0.636357 0.376471 0.651507
0 0.400000 0.590903 0.647059 0.606053
0 0.400000 0.606053 0.647059 0.621203
0 0.400000 0.621207 0.647059 0.636357
0 0.400000 0.636357 0.647059 0.651507
0 0.670588 0.590903 0.941176 0.606053
0 0.670588 0.606053 0.941176 0.621203
0 0.670588 0.621207 0.941176 0.636357
0 0.670588 0.636357 0.941176 0.651507
0 0.129412 0.696961 0.517647 0.712111
0 0.129412 0.712115 0.517647 0.727265
0 0.129412 0.727265 0.517647 0.742416
0 0.129412 0.742416 0.517647 0.757566
0 0.541176 0.696961 0.941176 0.712111
0 0.541176 0.712115 0.941176 0.727265
0 0.541176 0.727265 0.941176 0.742416
0 0.541176 0.742416 0.941176 0.757566
0 0.070588 0.803021 0.105882 0.818174
0 0.129412 0.787870 0.376471 0.803020
0 0.129412 0.803023 0.376471 0.818174
0 0.129412 0.818174 0.376471 0.833324
0 0.129412 0.833324 0.376471 0.848474
0 0.400000 0.787870 0.647059 0.803020
0 0.400000 0.803023 0.647059 0.818174
0 0.400000 0.818174 0.647059 0.833324
0 0.400000 0.833324 0.647059 0.848474
0 0.670588 0.787870 0.941176 0.803020
0 0.670588 0.803023 0.941176 0.818174
0 0.670588 0.818174 0.941176 0.833324
0 0.670588 0.833324 0.941176 0.848474
0 0.129412 0.893932 0.517647 0.909082
0 0.129412 0.909082 0.517647 0.924232
0 0.129412 0.924232 0.517647 0.939382
0 0.129412 0.939386 0.517647 0.954536
0 0.541176 0.893932 0.941176 0.909082
0 0.541176 0.909082 0.941176 0.924232
0 0.541176 0.924232 0.941176 0.939382
0 0.541176 0.939386 0.941176 0.954536
