0 0.606560 0.060607 0.941213 0.075758
0 0.811797 0.075762 0.941213 0.090913
0 0.811797 0.090913 0.941213 0.106064
0 0.811797 0.106064 0.941213 0.121215
0 0.811797 0.121218 0.941213 0.136369
0 0.811797 0.136369 0.941213 0.151520
0 0.811797 0.151520 0.941213 0.166671
0 0.811797 0.166675 0.941213 0.181826
0 0.811797 0.181826 0.941213 0.196976
0 0.835327 0.199501 0.848399 0.209602
0 0.894153 0.199501 0.907225 0.209602
0 0.124841 0.245588 0.137914 0.255690
0 0.152947 0.242433 0.941213 0.257584
0 0.124841 0.260743 0.137914 0.270844
0 0.152947 0.257587 0.941213 0.272738
0 0.124841 0.275894 0.137914 0.285995
0 0.152947 0.272738 0.941213 0.287889
0 0.124841 0.291045 0.137914 0.301146
0 0.152947 0.287889 0.941213 0.303040
0 0.423546 0.363650 0.551737 0.378802
0 0.552963 0.363650 0.681154 0.378802
0 0.682380 0.363650 0.810571 0.378802
0 0.811797 0.363650 0.941213 0.378802
0 0.423546 0.409106 0.551737 0.424258
0 0.552963 0.409106 0.681154 0.424258
0 0.682380 0.409106 0.810571 0.424258
0 0.811797 0.409106 0.941213 0.424258
0 0.423546 0.439410 0.551737 0.454564
0 0.552963 0.439410 0.681154 0.454564
0 0.682380 0.439410 0.810571 0.454564
0 0.811797 0.439410 0.941213 0.454564
0 0.811797 0.462140 0.941213 0.477293
0 0.423546 0.500018 0.551737 0.515171
0 0.552963 0.500018 0.681154 0.515171
0 0.682380 0.500018 0.810571 0.515171
0 0.811797 0.500018 0.941213 0.515171
0 0.811797 0.522747 0.941213 0.537901
0 0.124841 0.578938 0.137914 0.589039
0 0.152947 0.575782 0.941213 0.590933
0 0.124841 0.594088 0.137914 0.604190
0 0.152947 0.590933 0.941213 0.606084
0 0.124841 0.609239 0.137914 0.619341
0 0.152947 0.606084 0.941213 0.621235
0 0.124841 0.624394 0.137914 0.634495
0 0.152947 0.621238 0.941213 0.636389
0 0.423546 0.666692 0.551737 0.681846
0 0.552963 0.666692 0.681154 0.681846
0 0.682380 0.666692 0.810571 0.681846
0 0.811797 0.666692 0.941213 0.681846
0 0.423546 0.712151 0.551737 0.727302
0 0.552963 0.712151 0.681154 0.727302
0 0.682380 0.712151 0.810571 0.727302
0 0.811797 0.712151 0.941213 0.727302
0 0.423546 0.727302 0.551737 0.742453
0 0.552963 0.727302 0.681154 0.742453
0 0.682380 0.727302 0.810571 0.742453
0 0.811797 0.727302 0.941213 0.742453
0 0.423546 0.757605 0.551737 0.772758
0 0.552963 0.757605 0.681154 0.772758
0 0.682380 0.757605 0.810571 0.772758
0 0.811797 0.757605 0.941213 0.772758
0 0.423546 0.787911 0.551737 0.803064
0 0.552963 0.787911 0.681154 0.803064
0 0.682380 0.787911 0.810571 0.803064
0 0.811797 0.787911 0.941213 0.803064
0 0.423546 0.818216 0.551737 0.833370
0 0.552963 0.818216 0.681154 0.833370
0 0.682380 0.818216 0.810571 0.833370
0 0.811797 0.818216 0.941213 0.833370
0 0.423546 0.833370 0.529433 0.848520
0 0.552963 0.833370 0.658849 0.848520
0 0.682380 0.833370 0.788266 0.848520
0 0.811797 0.833370 0.917683 0.848520
0 0.423546 0.848520 0.551737 0.863671
0 0.552963 0.848520 0.681154 0.863671
0 0.682380 0.848520 0.810571 0.863671
0 0.811797 0.848520 0.941213 0.863671
0 0.811797 0.871247 0.941213 0.886401
0 0.423546 0.893973 0.551737 0.909124
0 0.552963 0.893973 0.681154 0.909124
0 0.682380 0.893973 0.810571 0.909124
0 0.811797 0.893973 0.941213 0.909124
0 0.811797 0.916704 0.941213 0.931857
0 0.811797 0.939433 0.941213 0.952059
