0 0.072727 0.254900 0.262689 0.274507
0 0.045455 0.274507 0.262689 0.294113
0 0.264899 0.274508 0.335417 0.294118
0 0.337626 0.274508 0.408144 0.294118
0 0.409091 0.274508 0.489962 0.294118
0 0.496970 0.274508 0.512121 0.294116
0 0.524242 0.274508 0.539394 0.294116
0 0.545455 0.274508 0.626326 0.294118
0 0.627273 0.274508 0.708144 0.294118
0 0.715152 0.274508 0.730303 0.294116
0 0.742424 0.274508 0.757576 0.294116
0 0.763636 0.274508 0.844508 0.294118
0 0.851515 0.274508 0.866667 0.294116
0 0.878788 0.274508 0.893939 0.294116
0 0.900000 0.274508 0.954545 0.294118
0 0.072727 0.294118 0.262689 0.313724
0 0.045455 0.313729 0.262689 0.333335
0 0.264899 0.313725 0.335417 0.333335
0 0.337626 0.313725 0.408144 0.333335
0 0.409091 0.313725 0.489962 0.333335
0 0.496970 0.313725 0.512121 0.333333
0 0.524242 0.313725 0.539394 0.333333
0 0.545455 0.313725 0.626326 0.333335
0 0.627273 0.313725 0.708144 0.333335
0 0.715152 0.313725 0.730303 0.333333
0 0.742424 0.313725 0.757576 0.333333
0 0.763636 0.313725 0.844508 0.333335
0 0.851515 0.313725 0.866667 0.333333
0 0.878788 0.313725 0.893939 0.333333
0 0.900000 0.313725 0.954545 0.333335
0 0.072727 0.333335 0.262689 0.352941
0 0.045455 0.352941 0.262689 0.372547
0 0.264899 0.352943 0.335417 0.372552
0 0.337626 0.352943 0.408144 0.372552
0 0.409091 0.352943 0.489962 0.372552
0 0.496970 0.352943 0.512121 0.372551
0 0.524242 0.352943 0.539394 0.372551
0 0.545455 0.352943 0.626326 0.372552
0 0.627273 0.352943 0.708144 0.372552
0 0.715152 0.352943 0.730303 0.372551
0 0.742424 0.352943 0.757576 0.372551
0 0.763636 0.352943 0.844508 0.372552
0 0.851515 0.352943 0.866667 0.372551
0 0.878788 0.352943 0.893939 0.372551
0 0.900000 0.352943 0.954545 0.372552
0 0.072727 0.372552 0.262689 0.392159
0 0.045455 0.392159 0.262689 0.411765
0 0.264899 0.392160 0.335417 0.411770
0 0.337626 0.392160 0.408144 0.411770
0 0.409091 0.392160 0.489962 0.411770
0 0.496970 0.392160 0.512121 0.411768
0 0.524242 0.392160 0.539394 0.411768
0 0.545455 0.392160 0.626326 0.411770
0 0.627273 0.392160 0.708144 0.411770
0 0.715152 0.392160 0.730303 0.411768
0 0.742424 0.392160 0.757576 0.411768
0 0.763636 0.392160 0.844508 0.411770
0 0.851515 0.392160 0.866667 0.411768
0 0.878788 0.392160 0.893939 0.411768
0 0.900000 0.392160 0.954545 0.411770
0 0.072727 0.411770 0.262689 0.431376
0 0.045455 0.431381 0.262689 0.450987
0 0.264899 0.431377 0.335417 0.450987
0 0.337626 0.431377 0.408144 0.450987
0 0.409091 0.431377 0.489962 0.450987
0 0.496970 0.431377 0.512121 0.450985
0 0.524242 0.431377 0.539394 0.450985
0 0.545455 0.431377 0.626326 0.450987
0 0.627273 0.431377 0.708144 0.450987
0 0.715152 0.431377 0.730303 0.450985
0 0.742424 0.431377 0.757576 0.450985
0 0.763636 0.431377 0.844508 0.450987
0 0.851515 0.431377 0.866667 0.450985
0 0.878788 0.431377 0.893939 0.450985
0 0.900000 0.431377 0.954545 0.450987
0 0.072727 0.450987 0.262689 0.470593
0 0.045455 0.470593 0.262689 0.490199
0 0.264899 0.470595 0.335417 0.490204
0 0.337626 0.470595 0.408144 0.490204
0 0.409091 0.470595 0.489962 0.490204
0 0.496970 0.470595 0.512121 0.490203
0 0.524242 0.470595 0.539394 0.490203
0 0.545455 0.470595 0.626326 0.490204
0 0.627273 0.470595 0.708144 0.490204
0 0.715152 0.470595 0.730303 0.490203
0 0.742424 0.470595 0.757576 0.490203
0 0.763636 0.470595 0.844508 0.490204
0 0.851515 0.470595 0.866667 0.490203
0 0.878788 0.470595 0.893939 0.490203
0 0.900000 0.470595 0.954545 0.490204
0 0.072727 0.490204 0.262689 0.509810
0 0.045455 0.509810 0.262689 0.529417
0 0.264899 0.509812 0.335417 0.529422
0 0.337626 0.509812 0.408144 0.529422
0 0.409091 0.509812 0.489962 0.529422
0 0.496970 0.509812 0.512121 0.529420
0 0.524242 0.509812 0.539394 0.529420
0 0.545455 0.509812 0.626326 0.529422
0 0.627273 0.509812 0.708144 0.529422
0 0.715152 0.509812 0.730303 0.529420
0 0.742424 0.509812 0.757576 0.529420
0 0.763636 0.509812 0.844508 0.529422
0 0.851515 0.509812 0.866667 0.529420
0 0.878788 0.509812 0.893939 0.529420
0 0.900000 0.509812 0.954545 0.529422
0 0.072727 0.529422 0.262689 0.549028
0 0.045455 0.549033 0.262689 0.568639
0 0.264899 0.549029 0.335417 0.568639
0 0.337626 0.549029 0.408144 0.568639
0 0.409091 0.549029 0.489962 0.568639
0 0.496970 0.549029 0.512121 0.568637
0 0.524242 0.549029 0.539394 0.568637
0 0.545455 0.549029 0.626326 0.568639
0 0.627273 0.549029 0.708144 0.568639
0 0.715152 0.549029 0.730303 0.568637
0 0.742424 0.549029 0.757576 0.568637
0 0.763636 0.549029 0.844508 0.568639
0 0.851515 0.549029 0.866667 0.568637
0 0.878788 0.549029 0.893939 0.568637
0 0.900000 0.549029 0.954545 0.568639
0 0.072727 0.568639 0.262689 0.588245
0 0.045455 0.588245 0.262689 0.607851
0 0.264899 0.588247 0.335417 0.607856
0 0.337626 0.588247 0.408144 0.607856
0 0.409091 0.588247 0.489962 0.607856
0 0.496970 0.588247 0.512121 0.607855
0 0.524242 0.588247 0.539394 0.607855
0 0.545455 0.588247 0.626326 0.607856
0 0.627273 0.588247 0.708144 0.607856
0 0.715152 0.588247 0.730303 0.607855
0 0.742424 0.588247 0.757576 0.607855
0 0.763636 0.588247 0.844508 0.607856
0 0.851515 0.588247 0.866667 0.607855
0 0.878788 0.588247 0.893939 0.607855
0 0.900000 0.588247 0.954545 0.607856
0 0.072727 0.607856 0.262689 0.627462
0 0.045455 0.627467 0.262689 0.647074
0 0.264899 0.627464 0.335417 0.647074
0 0.337626 0.627464 0.408144 0.647074
0 0.409091 0.627464 0.489962 0.647074
0 0.496970 0.627464 0.512121 0.647072
0 0.524242 0.627464 0.539394 0.647072
0 0.545455 0.627464 0.626326 0.647074
0 0.627273 0.627464 0.708144 0.647074
0 0.715152 0.627464 0.730303 0.647072
0 0.742424 0.627464 0.757576 0.647072
0 0.763636 0.627464 0.844508 0.647074
0 0.851515 0.627464 0.866667 0.647072
0 0.878788 0.627464 0.893939 0.647072
0 0.900000 0.627464 0.954545 0.647074
0 0.072727 0.647074 0.262689 0.666680
0 0.045455 0.666685 0.262689 0.686291
0 0.264899 0.666681 0.335417 0.686291
0 0.337626 0.666681 0.408144 0.686291
0 0.409091 0.666681 0.489962 0.686291
0 0.496970 0.666681 0.512121 0.686289
0 0.524242 0.666681 0.539394 0.686289
0 0.545455 0.666681 0.626326 0.686291
0 0.627273 0.666681 0.708144 0.686291
0 0.715152 0.666681 0.730303 0.686289
0 0.742424 0.666681 0.757576 0.686289
0 0.763636 0.666681 0.844508 0.686291
0 0.851515 0.666681 0.866667 0.686289
0 0.878788 0.666681 0.893939 0.686289
0 0.900000 0.666681 0.954545 0.686291
0 0.072727 0.686291 0.262689 0.705897
0 0.045455 0.705897 0.262689 0.725503
0 0.264899 0.705899 0.335417 0.725508
0 0.337626 0.705899 0.408144 0.725508
0 0.409091 0.705899 0.489962 0.725508
0 0.496970 0.705899 0.512121 0.725507
0 0.524242 0.705899 0.539394 0.725507
0 0.545455 0.705899 0.626326 0.725508
0 0.627273 0.705899 0.708144 0.725508
0 0.715152 0.705899 0.730303 0.725507
0 0.742424 0.705899 0.757576 0.725507
0 0.763636 0.705899 0.844508 0.725508
0 0.851515 0.705899 0.866667 0.725507
0 0.878788 0.705899 0.893939 0.725507
0 0.900000 0.705899 0.954545 0.725508
0 0.072727 0.725508 0.262689 0.745114
0 0.045455 0.745114 0.262689 0.764721
0 0.264899 0.745116 0.335417 0.764725
0 0.337626 0.745116 0.408144 0.764725
0 0.409091 0.745116 0.489962 0.764725
0 0.496970 0.745116 0.512121 0.764724
0 0.524242 0.745116 0.539394 0.764724
0 0.545455 0.745116 0.626326 0.764725
0 0.627273 0.745116 0.708144 0.764725
0 0.715152 0.745116 0.730303 0.764724
0 0.742424 0.745116 0.757576 0.764724
0 0.763636 0.745116 0.844508 0.764725
0 0.851515 0.745116 0.866667 0.764724
0 0.878788 0.745116 0.893939 0.764724
0 0.900000 0.745116 0.954545 0.764725
0 0.072727 0.764725 0.262689 0.784332
0 0.045455 0.784337 0.262689 0.803943
0 0.264899 0.784333 0.335417 0.803943
0 0.337626 0.784333 0.408144 0.803943
0 0.409091 0.784333 0.489962 0.803943
0 0.496970 0.784333 0.512121 0.803941
0 0.524242 0.784333 0.539394 0.803941
0 0.545455 0.784333 0.626326 0.803943
0 0.627273 0.784333 0.708144 0.803943
0 0.715152 0.784333 0.730303 0.803941
0 0.742424 0.784333 0.757576 0.803941
0 0.763636 0.784333 0.844508 0.803943
0 0.851515 0.784333 0.866667 0.803941
0 0.878788 0.784333 0.893939 0.803941
0 0.900000 0.784333 0.954545 0.803943
0 0.072727 0.803943 0.262689 0.823549
0 0.045455 0.823577 0.262689 0.843183
0 0.264899 0.823551 0.335417 0.843160
0 0.337626 0.823551 0.408144 0.843160
0 0.409091 0.823551 0.489962 0.843160
0 0.496970 0.823551 0.512121 0.843158
0 0.524242 0.823551 0.539394 0.843158
0 0.545455 0.823551 0.626326 0.843160
0 0.627273 0.823551 0.708144 0.843160
0 0.715152 0.823551 0.730303 0.843158
0 0.742424 0.823551 0.757576 0.843158
0 0.763636 0.823551 0.844508 0.843160
0 0.851515 0.823551 0.866667 0.843158
0 0.878788 0.823551 0.893939 0.843158
0 0.900000 0.823551 0.954545 0.843160
0 0.072727 0.843160 0.262689 0.862766
0 0.045455 0.862744 0.262689 0.882350
0 0.264899 0.862768 0.335417 0.882377
0 0.337626 0.862768 0.408144 0.882377
0 0.409091 0.862768 0.489962 0.882377
0 0.496970 0.862768 0.512121 0.882376
0 0.524242 0.862768 0.539394 0.882376
0 0.545455 0.862768 0.626326 0.882377
0 0.627273 0.862768 0.708144 0.882377
0 0.715152 0.862768 0.730303 0.882376
0 0.742424 0.862768 0.757576 0.882376
0 0.763636 0.862768 0.844508 0.882377
0 0.851515 0.862768 0.866667 0.882376
0 0.878788 0.862768 0.893939 0.882376
0 0.900000 0.862768 0.954545 0.882377
