0 0.045455 0.156864 0.954545 0.176471
0 0.045455 0.196077 0.954545 0.215683
0 0.045455 0.235294 0.954545 0.254900
0 0.045455 0.274511 0.954545 0.294118
0 0.045455 0.313724 0.954545 0.333330
0 0.045455 0.352941 0.954545 0.372547
0 0.045455 0.392159 0.954545 0.411765
0 0.045455 0.431371 0.954545 0.450977
0 0.045455 0.470588 0.954545 0.490194
0 0.045455 0.509806 0.954545 0.529412
0 0.045455 0.549018 0.954545 0.568624
0 0.045455 0.588235 0.954545 0.607841
0 0.045455 0.627453 0.954545 0.647059
0 0.045455 0.666665 0.954545 0.686271
0 0.045455 0.705882 0.954545 0.725489
0 0.045455 0.745100 0.954545 0.764706
0 0.045455 0.784312 0.954545 0.803918
0 0.045455 0.823529 0.954545 0.843136
0 0.045455 0.862747 0.954545 0.882353
