0 0.922876 0.077967 0.935948 0.088068
0 0.876797 0.119949 0.899673 0.137626
0 0.912092 0.119949 0.934967 0.137626
0 0.947471 0.131071 0.962422 0.142624
0 0.035294 0.138225 0.050245 0.149778
0 0.876797 0.165404 0.899673 0.183081
0 0.912092 0.165404 0.934967 0.183081
0 0.876797 0.195708 0.899673 0.213385
0 0.912092 0.195708 0.934967 0.213385
0 0.876797 0.210859 0.899673 0.228535
0 0.912092 0.210859 0.934967 0.228535
0 0.876797 0.241163 0.899673 0.258840
0 0.912092 0.241163 0.934967 0.258840
0 0.873529 0.270205 0.899673 0.290407
0 0.908824 0.270205 0.934967 0.290407
0 0.947471 0.276328 0.962422 0.287881
0 0.729412 0.287881 0.835294 0.303032
0 0.876797 0.301768 0.899673 0.319444
0 0.912092 0.301768 0.934967 0.319444
0 0.876797 0.332072 0.899673 0.349749
0 0.912092 0.332072 0.934967 0.349749
0 0.947471 0.335133 0.962422 0.346686
0 0.729412 0.348486 0.835294 0.363636
0 0.729412 0.378790 0.835294 0.393941
0 0.729412 0.393941 0.835294 0.409091
0 0.200000 0.424241 0.341176 0.439391
0 0.447059 0.424241 0.587907 0.439391
0 0.694118 0.424241 0.823201 0.439391
0 0.876797 0.468432 0.899673 0.486109
0 0.912092 0.468432 0.934967 0.486109
0 0.947471 0.473297 0.962422 0.484850
0 0.694118 0.515154 0.823529 0.530304
0 0.694118 0.545458 0.823529 0.560609
0 0.876797 0.574495 0.899673 0.592172
0 0.912092 0.574495 0.934967 0.592172
0 0.479426 0.590913 0.941176 0.606063
0 0.381381 0.606063 0.670588 0.621213
0 0.799036 0.606063 0.941176 0.621213
0 0.200964 0.621213 0.670588 0.636364
0 0.799036 0.621213 0.941176 0.636364
0 0.876797 0.650250 0.899673 0.667927
0 0.912092 0.650250 0.934967 0.667927
0 0.447059 0.666668 0.823529 0.681818
0 0.876797 0.710859 0.899673 0.728535
0 0.912092 0.710859 0.934967 0.728535
0 0.447059 0.727273 0.823529 0.742423
0 0.922876 0.744947 0.935948 0.755048
0 0.823529 0.757577 0.941176 0.772727
0 0.876797 0.801768 0.899673 0.819444
0 0.912092 0.801764 0.934967 0.819441
0 0.876797 0.832072 0.899673 0.849749
0 0.912092 0.832072 0.934967 0.849749
0 0.876797 0.847218 0.899673 0.864895
0 0.912092 0.847218 0.934967 0.864895
0 0.876797 0.877526 0.899673 0.895203
0 0.912092 0.877526 0.934967 0.895203
0 0.876797 0.892677 0.899673 0.910354
0 0.912092 0.892677 0.934967 0.910354
0 0.876797 0.938131 0.899673 0.955808
0 0.912092 0.938131 0.934967 0.955808
