0 0.881407 0.152781 0.897748 0.165408
0 0.916703 0.152781 0.933043 0.165408
0 0.881407 0.167936 0.897748 0.180563
0 0.916703 0.167936 0.933043 0.180563
0 0.881407 0.198238 0.897748 0.210865
0 0.916703 0.198238 0.933043 0.210865
0 0.881407 0.213392 0.897748 0.226019
0 0.916703 0.213392 0.933043 0.226019
0 0.881407 0.228543 0.897748 0.241170
0 0.916703 0.228543 0.933043 0.241170
0 0.881407 0.243694 0.897748 0.256321
0 0.916703 0.243694 0.933043 0.256321
0 0.881407 0.258849 0.897748 0.271476
0 0.916703 0.258849 0.933043 0.271476
0 0.881407 0.274000 0.897748 0.286627
0 0.916703 0.274000 0.933043 0.286627
0 0.881407 0.289151 0.897748 0.301777
0 0.916703 0.289151 0.933043 0.301777
0 0.058826 0.363651 0.129417 0.378802
0 0.129417 0.363651 0.245843 0.378802
0 0.248703 0.363651 0.564728 0.378802
0 0.566362 0.363651 0.941213 0.378802
0 0.058826 0.378802 0.129417 0.393953
0 0.129417 0.378802 0.245843 0.393953
0 0.248703 0.378802 0.564728 0.393953
0 0.566362 0.378802 0.941213 0.393953
0 0.058826 0.393953 0.129417 0.409104
0 0.129417 0.393953 0.245843 0.409104
0 0.248703 0.393953 0.564728 0.409104
0 0.566362 0.393953 0.941213 0.409104
0 0.058826 0.409104 0.129417 0.424255
0 0.129417 0.409104 0.245843 0.424255
0 0.248703 0.409104 0.564728 0.424255
0 0.566362 0.409104 0.941213 0.424255
0 0.058826 0.424255 0.129417 0.439405
0 0.129417 0.424255 0.245843 0.439405
0 0.248703 0.424255 0.564728 0.439405
0 0.566362 0.424255 0.941213 0.439405
0 0.058826 0.439405 0.129417 0.454556
0 0.129417 0.439405 0.245843 0.454556
0 0.248703 0.439405 0.564728 0.454556
0 0.566362 0.439405 0.941213 0.454556
0 0.058826 0.454556 0.129417 0.469707
0 0.129417 0.454556 0.245843 0.469707
0 0.248703 0.454556 0.564728 0.469707
0 0.566362 0.454556 0.941213 0.469707
0 0.058826 0.469707 0.129417 0.484858
0 0.129417 0.469707 0.245843 0.484858
0 0.248703 0.469707 0.564728 0.484858
0 0.566362 0.469707 0.941213 0.484858
0 0.058826 0.484858 0.129417 0.500009
0 0.129417 0.484858 0.245843 0.500009
0 0.248703 0.484858 0.564728 0.500009
0 0.566362 0.484858 0.941213 0.500009
0 0.058826 0.500009 0.129417 0.515160
0 0.129417 0.500009 0.245843 0.515160
0 0.248703 0.500009 0.564728 0.515160
0 0.566362 0.500009 0.941213 0.515160
0 0.058826 0.515160 0.129417 0.530311
0 0.129417 0.515160 0.245843 0.530311
0 0.248703 0.515160 0.564728 0.530311
0 0.566362 0.515160 0.941213 0.530311
0 0.058826 0.530311 0.129417 0.545461
0 0.129417 0.530311 0.245843 0.545461
0 0.248703 0.530311 0.564728 0.545461
0 0.566362 0.530311 0.941213 0.545461
0 0.058826 0.545461 0.129417 0.560612
0 0.129417 0.545461 0.245843 0.560612
0 0.248703 0.545461 0.564728 0.560612
0 0.566362 0.545461 0.941213 0.560612
0 0.058826 0.560612 0.129417 0.575763
0 0.129417 0.560612 0.245843 0.575763
0 0.248703 0.560612 0.564728 0.575763
0 0.566362 0.560612 0.941213 0.575763
0 0.058826 0.575763 0.129417 0.590914
0 0.129417 0.575763 0.245843 0.590914
0 0.248703 0.575763 0.564728 0.590914
0 0.566362 0.575763 0.941213 0.590914
0 0.058826 0.590914 0.129417 0.606065
0 0.129417 0.590914 0.245843 0.606065
0 0.248703 0.590914 0.564728 0.606065
0 0.566362 0.590914 0.941213 0.606065
0 0.835327 0.623763 0.848399 0.633864
0 0.894153 0.623763 0.907225 0.633864
0 0.058826 0.666691 0.376485 0.681842
0 0.378119 0.666691 0.623554 0.681842
0 0.625188 0.666691 0.941213 0.681842
0 0.058826 0.681842 0.376485 0.696993
0 0.378119 0.681842 0.623554 0.696993
0 0.625188 0.681842 0.941213 0.696993
0 0.058826 0.696993 0.376485 0.712144
0 0.378119 0.696993 0.623554 0.712144
0 0.625188 0.696993 0.941213 0.712144
0 0.058826 0.712144 0.376485 0.727295
0 0.378119 0.712144 0.623554 0.727295
0 0.625188 0.712144 0.941213 0.727295
0 0.058826 0.727295 0.376485 0.742445
0 0.378119 0.727295 0.623554 0.742445
0 0.625188 0.727295 0.941213 0.742445
0 0.529433 0.772758 0.764736 0.787913
0 0.870622 0.784109 0.880427 0.791685
0 0.909186 0.784109 0.918990 0.791685
0 0.142816 0.818216 0.387025 0.833370
0 0.787578 0.810009 0.800651 0.820110
0 0.823562 0.818216 0.941213 0.833370
0 0.235303 0.833366 0.704684 0.848517
0 0.235303 0.848520 0.704684 0.863671
0 0.776501 0.833366 0.941213 0.848517
0 0.776501 0.848520 0.941213 0.863671
