0 0.066162 0.215683 0.208144 0.235289
0 0.045455 0.235289 0.208144 0.254895
0 0.210354 0.235291 0.335417 0.254900
0 0.337626 0.235291 0.389962 0.254900
0 0.392172 0.235291 0.471780 0.254900
0 0.472727 0.235291 0.562689 0.254900
0 0.563636 0.235291 0.635417 0.254900
0 0.636364 0.235291 0.708144 0.254900
0 0.715152 0.235291 0.730303 0.254899
0 0.742424 0.235291 0.757576 0.254899
0 0.763636 0.235291 0.844508 0.254900
0 0.851515 0.235291 0.866667 0.254899
0 0.878788 0.235291 0.893939 0.254899
0 0.900000 0.235291 0.954545 0.254900
0 0.066162 0.254900 0.208144 0.274507
0 0.045455 0.274507 0.208144 0.294113
0 0.210354 0.274508 0.335417 0.294118
0 0.337626 0.274508 0.389962 0.294118
0 0.392172 0.274508 0.471780 0.294118
0 0.472727 0.274508 0.562689 0.294118
0 0.563636 0.274508 0.635417 0.294118
0 0.636364 0.274508 0.708144 0.294118
0 0.715152 0.274508 0.730303 0.294116
0 0.742424 0.274508 0.757576 0.294116
0 0.763636 0.274508 0.844508 0.294118
0 0.851515 0.274508 0.866667 0.294116
0 0.878788 0.274508 0.893939 0.294116
0 0.900000 0.274508 0.954545 0.294118
0 0.066162 0.294118 0.208144 0.313724
0 0.045455 0.313734 0.208144 0.333340
0 0.210354 0.313725 0.335417 0.333335
0 0.337626 0.313725 0.389962 0.333335
0 0.392172 0.313725 0.471780 0.333335
0 0.472727 0.313725 0.562689 0.333335
0 0.563636 0.313725 0.635417 0.333335
0 0.636364 0.313725 0.708144 0.333335
0 0.715152 0.313725 0.730303 0.333333
0 0.742424 0.313725 0.757576 0.333333
0 0.763636 0.313725 0.844508 0.333335
0 0.851515 0.313725 0.866667 0.333333
0 0.878788 0.313725 0.893939 0.333333
0 0.900000 0.313725 0.954545 0.333335
0 0.066162 0.333335 0.208144 0.352941
0 0.045455 0.352941 0.208144 0.372547
0 0.210354 0.352943 0.335417 0.372552
0 0.337626 0.352943 0.389962 0.372552
0 0.392172 0.352943 0.471780 0.372552
0 0.472727 0.352943 0.562689 0.372552
0 0.563636 0.352943 0.635417 0.372552
0 0.636364 0.352943 0.708144 0.372552
0 0.715152 0.352943 0.730303 0.372551
0 0.742424 0.352943 0.757576 0.372551
0 0.763636 0.352943 0.844508 0.372552
0 0.851515 0.352943 0.866667 0.372551
0 0.878788 0.352943 0.893939 0.372551
0 0.900000 0.352943 0.954545 0.372552
0 0.066162 0.372552 0.208144 0.392159
0 0.045455 0.392159 0.208144 0.411765
0 0.210354 0.392160 0.335417 0.411770
0 0.337626 0.392160 0.389962 0.411770
0 0.392172 0.392160 0.471780 0.411770
0 0.472727 0.392160 0.562689 0.411770
0 0.563636 0.392160 0.635417 0.411770
0 0.636364 0.392160 0.708144 0.411770
0 0.715152 0.392160 0.730303 0.411768
0 0.742424 0.392160 0.757576 0.411768
0 0.763636 0.392160 0.844508 0.411770
0 0.851515 0.392160 0.866667 0.411768
0 0.878788 0.392160 0.893939 0.411768
0 0.900000 0.392160 0.954545 0.411770
0 0.066162 0.411770 0.208144 0.431376
0 0.045455 0.431381 0.208144 0.450987
0 0.210354 0.431377 0.335417 0.450987
0 0.337626 0.431377 0.389962 0.450987
0 0.392172 0.431377 0.471780 0.450987
0 0.472727 0.431377 0.562689 0.450987
0 0.563636 0.431377 0.635417 0.450987
0 0.636364 0.431377 0.708144 0.450987
0 0.715152 0.431377 0.730303 0.450985
0 0.742424 0.431377 0.757576 0.450985
0 0.763636 0.431377 0.844508 0.450987
0 0.851515 0.431377 0.866667 0.450985
0 0.878788 0.431377 0.893939 0.450985
0 0.900000 0.431377 0.954545 0.450987
0 0.066162 0.450987 0.208144 0.470593
0 0.045455 0.470593 0.208144 0.490199
0 0.210354 0.470595 0.335417 0.490204
0 0.337626 0.470595 0.389962 0.490204
0 0.392172 0.470595 0.471780 0.490204
0 0.472727 0.470595 0.562689 0.490204
0 0.563636 0.470595 0.635417 0.490204
0 0.636364 0.470595 0.708144 0.490204
0 0.715152 0.470595 0.730303 0.490203
0 0.742424 0.470595 0.757576 0.490203
0 0.763636 0.470595 0.844508 0.490204
0 0.851515 0.470595 0.866667 0.490203
0 0.878788 0.470595 0.893939 0.490203
0 0.900000 0.470595 0.954545 0.490204
0 0.066162 0.607841 0.299053 0.627448
0 0.045455 0.627448 0.299053 0.647054
0 0.301263 0.627449 0.417235 0.647059
0 0.419444 0.627449 0.508144 0.647059
0 0.510354 0.627449 0.589962 0.647059
0 0.592172 0.627449 0.680871 0.647059
0 0.681818 0.627449 0.744508 0.647059
0 0.745455 0.627449 0.826326 0.647059
0 0.827273 0.627449 0.880871 0.647059
0 0.892424 0.627449 0.907576 0.647057
0 0.928788 0.627449 0.943939 0.647057
0 0.066162 0.647059 0.299053 0.666665
0 0.045455 0.666670 0.299053 0.686276
0 0.301263 0.666667 0.417235 0.686276
0 0.419444 0.666667 0.508144 0.686276
0 0.510354 0.666667 0.589962 0.686276
0 0.592172 0.666667 0.680871 0.686276
0 0.681818 0.666667 0.744508 0.686276
0 0.745455 0.666667 0.826326 0.686276
0 0.827273 0.666667 0.880871 0.686276
0 0.892424 0.666667 0.907576 0.686275
0 0.928788 0.666667 0.943939 0.686275
0 0.066162 0.686276 0.299053 0.705882
0 0.045455 0.705882 0.299053 0.725489
0 0.301263 0.705884 0.417235 0.725493
0 0.419444 0.705884 0.508144 0.725493
0 0.510354 0.705884 0.589962 0.725493
0 0.592172 0.705884 0.680871 0.725493
0 0.681818 0.705884 0.744508 0.725493
0 0.745455 0.705884 0.826326 0.725493
0 0.827273 0.705884 0.880871 0.725493
0 0.892424 0.705884 0.907576 0.725492
0 0.928788 0.705884 0.943939 0.725492
0 0.066162 0.725493 0.299053 0.745100
0 0.045455 0.745100 0.299053 0.764706
0 0.301263 0.745101 0.417235 0.764711
0 0.419444 0.745101 0.508144 0.764711
0 0.510354 0.745101 0.589962 0.764711
0 0.592172 0.745101 0.680871 0.764711
0 0.681818 0.745101 0.744508 0.764711
0 0.745455 0.745101 0.826326 0.764711
0 0.827273 0.745101 0.880871 0.764711
0 0.892424 0.745101 0.907576 0.764709
0 0.928788 0.745101 0.943939 0.764709
0 0.066162 0.764711 0.299053 0.784317
0 0.045455 0.784322 0.299053 0.803928
0 0.301263 0.784319 0.417235 0.803928
0 0.419444 0.784319 0.508144 0.803928
0 0.510354 0.784319 0.589962 0.803928
0 0.592172 0.784319 0.680871 0.803928
0 0.681818 0.784319 0.744508 0.803928
0 0.745455 0.784319 0.826326 0.803928
0 0.827273 0.784319 0.880871 0.803928
0 0.892424 0.784319 0.907576 0.803926
0 0.928788 0.784319 0.943939 0.803926
0 0.066162 0.803928 0.299053 0.823534
0 0.045455 0.823534 0.299053 0.843141
0 0.301263 0.823536 0.417235 0.843150
0 0.419444 0.823536 0.508144 0.843150
0 0.510354 0.823536 0.589962 0.843150
0 0.592172 0.823536 0.680871 0.843150
0 0.681818 0.823536 0.744508 0.843150
0 0.745455 0.823536 0.826326 0.843150
0 0.827273 0.823536 0.880871 0.843150
0 0.892424 0.823539 0.907576 0.843147
0 0.928788 0.823539 0.943939 0.843147
0 0.066162 0.843150 0.299053 0.862757
0 0.045455 0.862757 0.299053 0.882363
0 0.301263 0.862758 0.417235 0.882368
0 0.419444 0.862758 0.508144 0.882368
0 0.510354 0.862758 0.589962 0.882368
0 0.592172 0.862758 0.680871 0.882368
0 0.681818 0.862758 0.744508 0.882368
0 0.745455 0.862758 0.826326 0.882368
0 0.827273 0.862758 0.880871 0.882368
0 0.892424 0.862758 0.907576 0.882366
0 0.928788 0.862758 0.943939 0.882366
