0 0.200000 0.121213 0.258824 0.136364
0 0.411765 0.121213 0.564706 0.136364
0 0.576471 0.121213 0.635294 0.136364
0 0.717647 0.121213 0.870588 0.136364
0 0.882353 0.121213 0.941176 0.136364
0 0.058824 0.151515 0.682353 0.166668
0 0.058824 0.181819 0.682353 0.196972
0 0.682353 0.174242 0.941176 0.196968
0 0.411765 0.199492 0.424837 0.209593
0 0.694118 0.199492 0.707190 0.209593
0 0.411765 0.214646 0.424837 0.224747
0 0.105882 0.287881 0.235294 0.303032
0 0.235294 0.287881 0.941176 0.303032
0 0.105882 0.303032 0.235294 0.318182
0 0.235294 0.303032 0.941176 0.318182
0 0.105882 0.318182 0.235294 0.333332
0 0.235294 0.318182 0.941176 0.333332
0 0.105882 0.333332 0.235294 0.348482
0 0.235294 0.333332 0.941176 0.348482
0 0.058824 0.378790 0.458824 0.393941
0 0.458824 0.378790 0.941176 0.393941
0 0.058824 0.393941 0.458824 0.409091
0 0.458824 0.393941 0.941176 0.409091
0 0.058824 0.409091 0.458824 0.424241
0 0.458824 0.409091 0.941176 0.424241
0 0.058824 0.424241 0.458824 0.439391
0 0.458824 0.424241 0.941176 0.439391
0 0.058824 0.469700 0.329412 0.484850
0 0.329412 0.469700 0.705882 0.484850
0 0.705882 0.469700 0.941176 0.484850
0 0.058824 0.484850 0.329412 0.500000
0 0.329412 0.484850 0.705882 0.500000
0 0.705882 0.484850 0.941176 0.500000
0 0.058824 0.500000 0.329412 0.515150
0 0.329412 0.500000 0.705882 0.515150
0 0.705882 0.500000 0.941176 0.515150
0 0.058824 0.515150 0.329412 0.530300
0 0.329412 0.515150 0.705882 0.530300
0 0.705882 0.515150 0.941176 0.530300
0 0.329412 0.545452 0.705882 0.560605
0 0.705882 0.545452 0.941176 0.560605
0 0.105882 0.606063 0.223529 0.621213
0 0.223529 0.606063 0.341176 0.621213
0 0.341176 0.606063 0.635294 0.621213
0 0.635294 0.606063 0.941176 0.621213
0 0.105882 0.621213 0.223529 0.636364
0 0.223529 0.621213 0.341176 0.636364
0 0.341176 0.621213 0.635294 0.636364
0 0.635294 0.621213 0.941176 0.636364
0 0.105882 0.636364 0.223529 0.651514
0 0.223529 0.636364 0.341176 0.651514
0 0.341176 0.636364 0.635294 0.651514
0 0.635294 0.636364 0.941176 0.651514
0 0.105882 0.651514 0.223529 0.666664
0 0.223529 0.651514 0.341176 0.666664
0 0.341176 0.651514 0.635294 0.666664
0 0.635294 0.651514 0.941176 0.666664
0 0.058824 0.696972 0.635294 0.712122
0 0.635294 0.696972 0.788235 0.712122
0 0.788235 0.696972 0.941176 0.712122
0 0.058824 0.712122 0.635294 0.727273
0 0.635294 0.712122 0.788235 0.727273
0 0.788235 0.712122 0.941176 0.727273
0 0.058824 0.727273 0.635294 0.742423
0 0.635294 0.727273 0.788235 0.742423
0 0.788235 0.727273 0.941176 0.742423
0 0.058824 0.742423 0.635294 0.757573
0 0.635294 0.742423 0.788235 0.757573
0 0.788235 0.742423 0.941176 0.757573
0 0.635294 0.772725 0.788235 0.787878
0 0.788235 0.772725 0.941176 0.787878
0 0.788235 0.818182 0.941176 0.833332
0 0.788235 0.848482 0.941176 0.863633
0 0.788235 0.878787 0.941176 0.893937
0 0.788235 0.909091 0.941176 0.924241
0 0.788235 0.939391 0.941176 0.954542
