0 0.058826 0.151520 0.941213 0.166671
0 0.058826 0.181826 0.941213 0.196976
0 0.058826 0.212131 0.941213 0.227282
0 0.058826 0.242433 0.941213 0.257584
0 0.058826 0.272738 0.941213 0.287889
0 0.058826 0.303044 0.941213 0.318195
0 0.058826 0.333346 0.941213 0.348496
0 0.058826 0.363651 0.941213 0.378802
0 0.058826 0.393957 0.941213 0.409107
0 0.058826 0.424258 0.941213 0.439409
0 0.058826 0.454564 0.941213 0.469715
0 0.058826 0.484869 0.941213 0.500020
0 0.058826 0.515171 0.941213 0.530322
0 0.058826 0.545477 0.941213 0.560627
0 0.058826 0.575782 0.941213 0.590933
0 0.058826 0.606084 0.941213 0.621235
0 0.058826 0.636389 0.941213 0.651540
0 0.058826 0.666695 0.941213 0.681846
0 0.058826 0.696997 0.941213 0.712148
0 0.058826 0.727302 0.941213 0.742453
0 0.058826 0.757608 0.941213 0.772758
0 0.058826 0.787909 0.941213 0.803060
0 0.058826 0.818215 0.941213 0.833366
0 0.058826 0.848520 0.941213 0.863671
0 0.058826 0.878822 0.941213 0.893973
0 0.058826 0.909128 0.941213 0.924279
0 0.058826 0.939433 0.941213 0.954584
