0 0.478758 0.090908 0.941176 0.106058
0 0.877614 0.150252 0.897222 0.165403
0 0.912909 0.150252 0.932516 0.165403
0 0.111111 0.214644 0.124183 0.224745
0 0.111111 0.229794 0.124183 0.239895
0 0.111111 0.244944 0.124183 0.255045
0 0.111111 0.275248 0.124183 0.285349
0 0.111111 0.290398 0.124183 0.300499
0 0.111111 0.305552 0.124183 0.315653
0 0.877614 0.332067 0.897222 0.347218
0 0.912909 0.332067 0.932516 0.347218
0 0.111111 0.366156 0.124183 0.376257
0 0.111111 0.381306 0.124183 0.391407
0 0.111111 0.396460 0.124183 0.406561
0 0.111111 0.426760 0.124183 0.436861
0 0.111111 0.441914 0.124183 0.452015
0 0.111111 0.487368 0.124183 0.497469
0 0.111111 0.517668 0.124183 0.527769
0 0.111111 0.532822 0.124183 0.542923
0 0.111111 0.547972 0.124183 0.558073
0 0.111111 0.563122 0.124183 0.573223
0 0.111111 0.578276 0.124183 0.588377
0 0.877614 0.635093 0.897222 0.650244
0 0.912909 0.635093 0.932516 0.650244
0 0.111111 0.669184 0.124183 0.679285
0 0.111111 0.684334 0.124183 0.694435
0 0.111111 0.699484 0.124183 0.709585
0 0.111111 0.729157 0.124183 0.739258
