0 0.922912 0.077970 0.935984 0.088072
0 0.623554 0.121218 0.763510 0.136369
0 0.800031 0.121218 0.941213 0.136369
0 0.623554 0.136369 0.763510 0.151520
0 0.800031 0.136369 0.941213 0.151520
0 0.623554 0.151520 0.763510 0.166671
0 0.800031 0.151520 0.941213 0.166671
0 0.623554 0.166671 0.763510 0.181822
0 0.800031 0.166671 0.941213 0.181822
0 0.623554 0.212131 0.763510 0.227282
0 0.800031 0.212131 0.941213 0.227282
0 0.623554 0.242433 0.763510 0.257584
0 0.800031 0.242433 0.941213 0.257584
0 0.623554 0.257584 0.763510 0.272735
0 0.800031 0.257584 0.941213 0.272735
0 0.623554 0.272735 0.763510 0.287885
0 0.800031 0.272735 0.941213 0.287885
0 0.623554 0.287885 0.763510 0.303036
0 0.800031 0.287885 0.941213 0.303036
0 0.482372 0.318195 0.622328 0.333346
0 0.482372 0.333346 0.622328 0.348496
0 0.623554 0.333342 0.763510 0.348493
0 0.800031 0.333342 0.941213 0.348493
0 0.623554 0.348493 0.763510 0.363643
0 0.800031 0.348493 0.941213 0.363643
0 0.623554 0.363643 0.763510 0.378794
0 0.800031 0.363643 0.941213 0.378794
0 0.623554 0.378794 0.763510 0.393945
0 0.800031 0.378794 0.941213 0.393945
0 0.623554 0.393945 0.763510 0.409096
0 0.800031 0.393945 0.941213 0.409096
0 0.623554 0.409096 0.763510 0.424247
0 0.800031 0.409096 0.941213 0.424247
0 0.623554 0.424247 0.763510 0.439398
0 0.800031 0.424247 0.941213 0.439398
0 0.623554 0.439398 0.763510 0.454549
0 0.800031 0.439398 0.941213 0.454549
0 0.623554 0.454549 0.763510 0.469700
0 0.800031 0.454549 0.941213 0.469700
0 0.623554 0.469700 0.763510 0.484850
0 0.800031 0.469700 0.941213 0.484850
0 0.623554 0.484850 0.763510 0.500001
0 0.800031 0.484850 0.941213 0.500001
0 0.623554 0.500001 0.763510 0.515152
0 0.800031 0.500001 0.941213 0.515152
0 0.623554 0.545475 0.763510 0.560626
0 0.800031 0.545475 0.941213 0.560626
0 0.623554 0.560609 0.763510 0.575759
0 0.800031 0.560609 0.941213 0.575759
0 0.623554 0.575759 0.763510 0.590910
0 0.800031 0.575759 0.941213 0.590910
0 0.623554 0.621215 0.763510 0.636367
0 0.800031 0.621215 0.941213 0.636367
0 0.623554 0.636367 0.763510 0.651517
0 0.800031 0.636367 0.941213 0.651517
0 0.510641 0.655329 0.523713 0.665431
0 0.623554 0.681823 0.763510 0.696974
0 0.800031 0.681823 0.941213 0.696974
0 0.623554 0.696974 0.763510 0.712125
0 0.800031 0.696974 0.941213 0.712125
0 0.557702 0.715937 0.570774 0.726038
0 0.623554 0.742430 0.763510 0.757581
0 0.800031 0.742430 0.941213 0.757581
0 0.623554 0.757581 0.763510 0.772732
0 0.800031 0.757581 0.941213 0.772732
0 0.623554 0.772732 0.763510 0.787883
0 0.800031 0.772732 0.941213 0.787883
0 0.623554 0.787883 0.763510 0.803034
0 0.800031 0.787883 0.941213 0.803034
0 0.623554 0.803034 0.763510 0.818185
0 0.800031 0.803034 0.941213 0.818185
