0 0.045455 0.173204 0.808144 0.196082
0 0.809091 0.173204 0.954545 0.196082
0 0.072727 0.274508 0.299053 0.294118
0 0.300000 0.274508 0.390909 0.294118
0 0.390909 0.274508 0.454545 0.294118
0 0.454545 0.274508 0.527273 0.294118
0 0.527273 0.274508 0.617235 0.294118
0 0.619444 0.274508 0.817235 0.294118
0 0.823232 0.276142 0.835859 0.292482
0 0.845960 0.276142 0.858586 0.292482
0 0.868687 0.276142 0.881313 0.292482
0 0.891414 0.276142 0.904040 0.292482
0 0.914141 0.276142 0.926768 0.292482
0 0.936869 0.276142 0.949495 0.292482
0 0.072727 0.313725 0.299053 0.333335
0 0.300000 0.313725 0.390909 0.333335
0 0.390909 0.313725 0.454545 0.333335
0 0.454545 0.313725 0.527273 0.333335
0 0.527273 0.313725 0.617235 0.333335
0 0.619444 0.313725 0.817235 0.333335
0 0.823232 0.315359 0.835859 0.331699
0 0.845960 0.315359 0.858586 0.331699
0 0.868687 0.315359 0.881313 0.331699
0 0.891414 0.315359 0.904040 0.331699
0 0.914141 0.315359 0.926768 0.331699
0 0.936869 0.315359 0.949495 0.331699
0 0.072727 0.352943 0.299053 0.372552
0 0.300000 0.352943 0.390909 0.372552
0 0.390909 0.352943 0.454545 0.372552
0 0.454545 0.352943 0.527273 0.372552
0 0.527273 0.352943 0.617235 0.372552
0 0.619444 0.352943 0.817235 0.372552
0 0.823232 0.354577 0.835859 0.370917
0 0.845960 0.354577 0.858586 0.370917
0 0.868687 0.354577 0.881313 0.370917
0 0.891414 0.354577 0.904040 0.370917
0 0.914141 0.354577 0.926768 0.370917
0 0.936869 0.354577 0.949495 0.370917
0 0.072727 0.392160 0.299053 0.411770
0 0.300000 0.392160 0.390909 0.411770
0 0.390909 0.392160 0.454545 0.411770
0 0.454545 0.392160 0.527273 0.411770
0 0.527273 0.392160 0.617235 0.411770
0 0.619444 0.392160 0.817235 0.411770
0 0.823232 0.393794 0.835859 0.410134
0 0.845960 0.393794 0.858586 0.410134
0 0.868687 0.393794 0.881313 0.410134
0 0.891414 0.393794 0.904040 0.410134
0 0.914141 0.393794 0.926768 0.410134
0 0.936869 0.393794 0.949495 0.410134
0 0.481818 0.450977 0.599053 0.470583
0 0.600000 0.450977 0.717235 0.470583
0 0.718182 0.450977 0.835417 0.470583
0 0.836364 0.450977 0.954545 0.470583
0 0.481818 0.470583 0.599053 0.490190
0 0.600000 0.470583 0.717235 0.490190
0 0.718182 0.470583 0.835417 0.490190
0 0.836364 0.470583 0.954545 0.490190
0 0.481818 0.490190 0.599053 0.509796
0 0.600000 0.490190 0.717235 0.509796
0 0.718182 0.490190 0.835417 0.509796
0 0.836364 0.490190 0.954545 0.509796
0 0.481818 0.509796 0.599053 0.529402
0 0.600000 0.509796 0.717235 0.529402
0 0.718182 0.509796 0.835417 0.529402
0 0.836364 0.509796 0.954545 0.529402
0 0.481818 0.529402 0.599053 0.549008
0 0.600000 0.529402 0.717235 0.549008
0 0.718182 0.529402 0.835417 0.549008
0 0.836364 0.529402 0.954545 0.549008
0 0.481818 0.549008 0.599053 0.568614
0 0.600000 0.549008 0.717235 0.568614
0 0.718182 0.549008 0.835417 0.568614
0 0.836364 0.549008 0.954545 0.568614
0 0.481818 0.568614 0.599053 0.588221
0 0.600000 0.568614 0.717235 0.588221
0 0.718182 0.568614 0.835417 0.588221
0 0.836364 0.568614 0.954545 0.588221
0 0.481818 0.588221 0.599053 0.607827
0 0.600000 0.588221 0.717235 0.607827
0 0.718182 0.588221 0.835417 0.607827
0 0.836364 0.588221 0.954545 0.607827
0 0.481818 0.607827 0.599053 0.627433
0 0.600000 0.607827 0.717235 0.627433
0 0.718182 0.607827 0.835417 0.627433
0 0.836364 0.607827 0.954545 0.627433
0 0.481818 0.627433 0.599053 0.647039
0 0.600000 0.627433 0.717235 0.647039
0 0.718182 0.627433 0.835417 0.647039
0 0.836364 0.627433 0.954545 0.647039
0 0.481818 0.647039 0.599053 0.666645
0 0.600000 0.647039 0.717235 0.666645
0 0.718182 0.647039 0.835417 0.666645
0 0.836364 0.647039 0.954545 0.666645
0 0.481818 0.666645 0.599053 0.686252
0 0.600000 0.666645 0.717235 0.686252
0 0.718182 0.666645 0.835417 0.686252
0 0.836364 0.666645 0.954545 0.686252
0 0.481818 0.686252 0.599053 0.705858
0 0.600000 0.686252 0.717235 0.705858
0 0.718182 0.686252 0.835417 0.705858
0 0.836364 0.686252 0.954545 0.705858
0 0.505556 0.746730 0.518182 0.763070
0 0.564646 0.746730 0.577273 0.763070
0 0.623737 0.746730 0.636364 0.763070
0 0.682828 0.746730 0.695455 0.763070
0 0.741919 0.746730 0.754545 0.763070
0 0.801010 0.746730 0.813636 0.763070
0 0.860101 0.746730 0.872727 0.763070
0 0.919192 0.746730 0.931818 0.763070
0 0.505556 0.785948 0.518182 0.802288
0 0.564646 0.785948 0.577273 0.802288
0 0.623737 0.785948 0.636364 0.802288
0 0.682828 0.785948 0.695455 0.802288
0 0.741919 0.785948 0.754545 0.802288
0 0.801010 0.785948 0.813636 0.802288
0 0.860101 0.785948 0.872727 0.802288
0 0.919192 0.785948 0.931818 0.802288
0 0.505556 0.805556 0.518182 0.821895
0 0.564646 0.805556 0.577273 0.821895
0 0.623737 0.805556 0.636364 0.821895
0 0.682828 0.805556 0.695455 0.821895
0 0.741919 0.805556 0.754545 0.821895
0 0.801010 0.805556 0.813636 0.821895
0 0.860101 0.805556 0.872727 0.821895
0 0.919192 0.805556 0.931818 0.821895
0 0.505556 0.844771 0.518182 0.861111
0 0.564646 0.844771 0.577273 0.861111
0 0.623737 0.844771 0.636364 0.861111
0 0.682828 0.844771 0.695455 0.861111
0 0.741919 0.844771 0.754545 0.861111
0 0.801010 0.844771 0.813636 0.861111
0 0.860101 0.844771 0.872727 0.861111
0 0.919192 0.844771 0.931818 0.861111
