0 0.094121 0.227282 0.374851 0.242433
0 0.058826 0.242433 0.374851 0.257584
0 0.378119 0.227282 0.445442 0.242433
0 0.378119 0.242433 0.445442 0.257584
0 0.455737 0.243065 0.473711 0.256955
0 0.485150 0.243065 0.503124 0.256955
0 0.508680 0.243065 0.526655 0.256955
0 0.532210 0.243065 0.550185 0.256955
0 0.561623 0.243065 0.579598 0.256955
0 0.591036 0.243065 0.609011 0.256955
0 0.611789 0.242434 0.716450 0.257587
0 0.717675 0.242434 0.822336 0.257587
0 0.823562 0.242434 0.941213 0.257587
0 0.094121 0.257587 0.374851 0.272738
0 0.058826 0.272738 0.374851 0.287889
0 0.378119 0.257587 0.445442 0.272738
0 0.378119 0.272738 0.445442 0.287889
0 0.455737 0.273371 0.473711 0.287260
0 0.485150 0.273371 0.503124 0.287260
0 0.508680 0.273371 0.526655 0.287260
0 0.532210 0.273371 0.550185 0.287260
0 0.561623 0.273371 0.579598 0.287260
0 0.591036 0.273371 0.609011 0.287260
0 0.611789 0.272740 0.716450 0.287893
0 0.717675 0.272740 0.822336 0.287893
0 0.823562 0.272740 0.941213 0.287893
0 0.094121 0.287893 0.374851 0.303044
0 0.058826 0.303048 0.374851 0.318198
0 0.378119 0.287893 0.445442 0.303044
0 0.378119 0.303048 0.445442 0.318198
0 0.455737 0.303676 0.473711 0.317566
0 0.485150 0.303676 0.503124 0.317566
0 0.508680 0.303676 0.526655 0.317566
0 0.532210 0.303676 0.550185 0.317566
0 0.561623 0.303676 0.579598 0.317566
0 0.591036 0.303676 0.609011 0.317566
0 0.611789 0.303045 0.716450 0.318198
0 0.717675 0.303045 0.822336 0.318198
0 0.823562 0.303045 0.941213 0.318198
0 0.094121 0.318198 0.374851 0.333349
0 0.058826 0.333349 0.374851 0.348500
0 0.378119 0.318198 0.445442 0.333349
0 0.378119 0.333349 0.445442 0.348500
0 0.455737 0.333982 0.473711 0.347871
0 0.485150 0.333982 0.503124 0.347871
0 0.508680 0.333982 0.526655 0.347871
0 0.532210 0.333982 0.550185 0.347871
0 0.561623 0.333982 0.579598 0.347871
0 0.591036 0.333982 0.609011 0.347871
0 0.611789 0.333351 0.716450 0.348504
0 0.717675 0.333351 0.822336 0.348504
0 0.823562 0.333351 0.941213 0.348504
0 0.094121 0.348504 0.374851 0.363655
0 0.058826 0.363655 0.374851 0.378806
0 0.378119 0.348504 0.445442 0.363655
0 0.378119 0.363655 0.445442 0.378806
0 0.455737 0.364287 0.473711 0.378177
0 0.485150 0.364287 0.503124 0.378177
0 0.508680 0.364287 0.526655 0.378177
0 0.532210 0.364287 0.550185 0.378177
0 0.561623 0.364287 0.579598 0.378177
0 0.591036 0.364287 0.609011 0.378177
0 0.611789 0.363656 0.716450 0.378809
0 0.717675 0.363656 0.822336 0.378809
0 0.823562 0.363656 0.941213 0.378809
0 0.094121 0.378809 0.374851 0.393960
0 0.058826 0.393964 0.374851 0.409115
0 0.378119 0.378809 0.445442 0.393960
0 0.378119 0.393964 0.445442 0.409115
0 0.455737 0.394593 0.473711 0.408482
0 0.485150 0.394593 0.503124 0.408482
0 0.508680 0.394593 0.526655 0.408482
0 0.532210 0.394593 0.550185 0.408482
0 0.561623 0.394593 0.579598 0.408482
0 0.591036 0.394593 0.609011 0.408482
0 0.611789 0.393962 0.716450 0.409115
0 0.717675 0.393962 0.822336 0.409115
0 0.823562 0.393962 0.941213 0.409115
0 0.094121 0.409115 0.374851 0.424266
0 0.058826 0.424266 0.374851 0.439417
0 0.378119 0.409115 0.445442 0.424266
0 0.378119 0.424266 0.445442 0.439417
0 0.455737 0.424898 0.473711 0.438788
0 0.485150 0.424898 0.503124 0.438788
0 0.508680 0.424898 0.526655 0.438788
0 0.532210 0.424898 0.550185 0.438788
0 0.561623 0.424898 0.579598 0.438788
0 0.591036 0.424898 0.609011 0.438788
0 0.611789 0.424267 0.716450 0.439421
0 0.717675 0.424267 0.822336 0.439421
0 0.823562 0.424267 0.941213 0.439421
0 0.094121 0.439421 0.374851 0.454571
0 0.058826 0.454571 0.374851 0.469722
0 0.378119 0.439421 0.445442 0.454571
0 0.378119 0.454571 0.445442 0.469722
0 0.455737 0.455204 0.473711 0.469093
0 0.485150 0.455204 0.503124 0.469093
0 0.508680 0.455204 0.526655 0.469093
0 0.532210 0.455204 0.550185 0.469093
0 0.561623 0.455204 0.579598 0.469093
0 0.591036 0.455204 0.609011 0.469093
0 0.611789 0.454573 0.716450 0.469726
0 0.717675 0.454573 0.822336 0.469726
0 0.823562 0.454573 0.941213 0.469726
0 0.094121 0.469726 0.374851 0.484877
0 0.058826 0.484881 0.374851 0.500032
0 0.378119 0.469726 0.445442 0.484877
0 0.378119 0.484881 0.445442 0.500032
0 0.455737 0.485510 0.473711 0.499399
0 0.485150 0.485510 0.503124 0.499399
0 0.508680 0.485510 0.526655 0.499399
0 0.532210 0.485510 0.550185 0.499399
0 0.561623 0.485510 0.579598 0.499399
0 0.591036 0.485510 0.609011 0.499399
0 0.611789 0.484878 0.716450 0.500032
0 0.717675 0.484878 0.822336 0.500032
0 0.823562 0.484878 0.941213 0.500032
0 0.094121 0.500032 0.374851 0.515182
0 0.058826 0.515182 0.374851 0.530333
0 0.378119 0.500032 0.445442 0.515182
0 0.378119 0.515182 0.445442 0.530333
0 0.455737 0.515815 0.473711 0.529704
0 0.485150 0.515815 0.503124 0.529704
0 0.508680 0.515815 0.526655 0.529704
0 0.532210 0.515815 0.550185 0.529704
0 0.561623 0.515815 0.579598 0.529704
0 0.591036 0.515815 0.609011 0.529704
0 0.611789 0.515184 0.716450 0.530337
0 0.717675 0.515184 0.822336 0.530337
0 0.823562 0.515184 0.941213 0.530337
0 0.094121 0.530337 0.374851 0.545488
0 0.058826 0.545488 0.374851 0.560639
0 0.378119 0.530337 0.445442 0.545488
0 0.378119 0.545488 0.445442 0.560639
0 0.455737 0.546121 0.473711 0.560010
0 0.485150 0.546121 0.503124 0.560010
0 0.508680 0.546121 0.526655 0.560010
0 0.532210 0.546121 0.550185 0.560010
0 0.561623 0.546121 0.579598 0.560010
0 0.591036 0.546121 0.609011 0.560010
0 0.611789 0.545489 0.716450 0.560643
0 0.717675 0.545489 0.822336 0.560643
0 0.823562 0.545489 0.941213 0.560643
0 0.611789 0.560627 0.716450 0.575778
0 0.717675 0.560627 0.822336 0.575778
0 0.823562 0.560627 0.941213 0.575778
0 0.611789 0.575782 0.716450 0.590933
0 0.717675 0.575782 0.822336 0.590933
0 0.823562 0.575782 0.941213 0.590933
0 0.611789 0.590933 0.716450 0.606084
0 0.717675 0.590933 0.822336 0.606084
0 0.823562 0.590933 0.941213 0.606084
0 0.423546 0.621238 0.941213 0.636389
0 0.878466 0.666694 0.898074 0.681846
0 0.913761 0.666694 0.933370 0.681846
0 0.878466 0.712150 0.898074 0.727302
0 0.913761 0.712150 0.933370 0.727302
0 0.878466 0.742452 0.898074 0.757604
0 0.913761 0.742452 0.933370 0.757604
0 0.058826 0.833370 0.586624 0.848520
0 0.589892 0.833370 0.776501 0.848520
0 0.776501 0.833370 0.941213 0.848520
0 0.058826 0.848520 0.586624 0.863671
0 0.589892 0.848520 0.776501 0.863671
0 0.776501 0.848520 0.941213 0.863671
0 0.058826 0.863671 0.586624 0.878822
0 0.589892 0.863671 0.776501 0.878822
0 0.776501 0.863671 0.941213 0.878822
0 0.058826 0.878822 0.586624 0.893973
0 0.589892 0.878822 0.776501 0.893973
0 0.776501 0.878822 0.941213 0.893973
0 0.058826 0.893973 0.586624 0.909124
0 0.589892 0.893973 0.776501 0.909124
0 0.776501 0.893973 0.941213 0.909124
0 0.552963 0.924279 0.764736 0.939429
