0 0.552963 0.090913 0.681154 0.106064
0 0.682380 0.090913 0.810571 0.106064
0 0.811797 0.090913 0.941213 0.106064
0 0.552963 0.106064 0.681154 0.121215
0 0.682380 0.106064 0.810571 0.121215
0 0.811797 0.106064 0.941213 0.121215
0 0.270599 0.121215 0.551737 0.136365
0 0.383054 0.136365 0.551737 0.151516
0 0.552963 0.136365 0.681154 0.151516
0 0.682380 0.136365 0.810571 0.151516
0 0.811797 0.136365 0.941213 0.151516
0 0.258834 0.151516 0.551737 0.166667
0 0.384759 0.166667 0.551737 0.181818
0 0.552963 0.166667 0.681154 0.181818
0 0.682380 0.166667 0.810571 0.181818
0 0.811797 0.166667 0.941213 0.181818
0 0.552963 0.181818 0.681154 0.196969
0 0.682380 0.181818 0.810571 0.196969
0 0.811797 0.181818 0.941213 0.196969
0 0.552963 0.212121 0.681154 0.227274
0 0.682380 0.212121 0.810571 0.227274
0 0.811797 0.212121 0.941213 0.227274
0 0.435311 0.227274 0.551737 0.242425
0 0.376485 0.242425 0.551737 0.257576
0 0.552963 0.242425 0.681154 0.257576
0 0.682380 0.242425 0.810571 0.257576
0 0.811797 0.242425 0.941213 0.257576
0 0.552963 0.257576 0.681154 0.272727
0 0.682380 0.257576 0.810571 0.272727
0 0.811797 0.257576 0.941213 0.272727
0 0.552963 0.272727 0.681154 0.287878
0 0.682380 0.272727 0.810571 0.287878
0 0.811797 0.272727 0.941213 0.287878
0 0.552963 0.287878 0.681154 0.303029
0 0.682380 0.287878 0.810571 0.303029
0 0.811797 0.287878 0.941213 0.303029
0 0.552963 0.303029 0.681154 0.318180
0 0.682380 0.303029 0.810571 0.318180
0 0.811797 0.303029 0.941213 0.318180
0 0.552963 0.318180 0.681154 0.333330
0 0.682380 0.318180 0.810571 0.333330
0 0.811797 0.318180 0.941213 0.333330
0 0.435311 0.333330 0.551737 0.348481
0 0.411781 0.348481 0.551737 0.363632
0 0.552963 0.348481 0.681154 0.363632
0 0.682380 0.348481 0.810571 0.363632
0 0.811797 0.348481 0.941213 0.363632
0 0.552963 0.363632 0.681154 0.378783
0 0.682380 0.363632 0.810571 0.378783
0 0.811797 0.363632 0.941213 0.378783
0 0.552963 0.378783 0.681154 0.393934
0 0.682380 0.378783 0.810571 0.393934
0 0.811797 0.378783 0.941213 0.393934
0 0.375503 0.393934 0.551737 0.409085
0 0.435311 0.409085 0.551737 0.424236
0 0.552963 0.409085 0.681154 0.424236
0 0.682380 0.409085 0.810571 0.424236
0 0.811797 0.409085 0.941213 0.424236
0 0.282364 0.424257 0.529433 0.439408
0 0.552963 0.424236 0.681154 0.439386
0 0.682380 0.424236 0.810571 0.439386
0 0.811797 0.424236 0.941213 0.439386
0 0.552963 0.454539 0.681154 0.469692
0 0.682380 0.454539 0.810571 0.469692
0 0.811797 0.454539 0.941213 0.469692
0 0.552963 0.469692 0.681154 0.484843
0 0.682380 0.469692 0.810571 0.484843
0 0.811797 0.469692 0.941213 0.484843
0 0.552963 0.484843 0.681154 0.499994
0 0.682380 0.484843 0.810571 0.499994
0 0.811797 0.484843 0.941213 0.499994
0 0.552963 0.499994 0.681154 0.515145
0 0.682380 0.499994 0.810571 0.515145
0 0.811797 0.499994 0.941213 0.515145
0 0.552963 0.515145 0.681154 0.530295
0 0.682380 0.515145 0.810571 0.530295
0 0.811797 0.515145 0.941213 0.530295
0 0.552963 0.530295 0.681154 0.545446
0 0.682380 0.530295 0.810571 0.545446
0 0.811797 0.530295 0.941213 0.545446
0 0.294129 0.545475 0.529433 0.560626
0 0.552963 0.545446 0.681154 0.560597
0 0.682380 0.545446 0.810571 0.560597
0 0.811797 0.545446 0.941213 0.560597
0 0.552963 0.560597 0.681154 0.575748
0 0.682380 0.560597 0.810571 0.575748
0 0.811797 0.560597 0.941213 0.575748
0 0.521589 0.592199 0.534661 0.602301
0 0.552963 0.606054 0.681154 0.621204
0 0.682380 0.606054 0.810571 0.621204
0 0.811797 0.606054 0.941213 0.621204
0 0.552963 0.621204 0.681154 0.636355
0 0.682380 0.621204 0.810571 0.636355
0 0.811797 0.621204 0.941213 0.636355
0 0.521589 0.652807 0.534661 0.662908
0 0.552963 0.666661 0.681154 0.681812
0 0.682380 0.666661 0.810571 0.681812
0 0.811797 0.666661 0.941213 0.681812
0 0.552963 0.681812 0.681154 0.696963
0 0.682380 0.681812 0.810571 0.696963
0 0.811797 0.681812 0.941213 0.696963
0 0.552963 0.696963 0.681154 0.712113
0 0.682380 0.696963 0.810571 0.712113
0 0.811797 0.696963 0.941213 0.712113
0 0.552963 0.712113 0.681154 0.727264
0 0.682380 0.712113 0.810571 0.727264
0 0.811797 0.712113 0.941213 0.727264
0 0.552963 0.742416 0.681154 0.757570
0 0.682380 0.742416 0.810571 0.757570
0 0.811797 0.742416 0.941213 0.757570
0 0.811797 0.787909 0.941213 0.803060
0 0.811797 0.803064 0.941213 0.818215
0 0.400016 0.818215 0.764736 0.833366
0 0.811797 0.818215 0.941213 0.833366
0 0.811797 0.833366 0.941213 0.848517
0 0.364720 0.848520 0.764736 0.863671
0 0.811797 0.848520 0.941213 0.863671
0 0.811797 0.863671 0.941213 0.878822
