0 0.124841 0.094068 0.137914 0.104170
0 0.152947 0.090913 0.941213 0.106064
0 0.124841 0.109219 0.137914 0.119321
0 0.152947 0.106064 0.941213 0.121215
0 0.124841 0.124374 0.137914 0.134475
0 0.152947 0.121218 0.941213 0.136369
0 0.124841 0.139525 0.137914 0.149626
0 0.152947 0.136369 0.941213 0.151520
0 0.423546 0.181826 0.551737 0.196976
0 0.552963 0.181826 0.681154 0.196976
0 0.682380 0.181826 0.810571 0.196976
0 0.811797 0.181826 0.941213 0.196976
0 0.811797 0.204552 0.941213 0.219706
0 0.423546 0.227282 0.551737 0.242433
0 0.552963 0.227282 0.681154 0.242433
0 0.682380 0.227282 0.810571 0.242433
0 0.811797 0.227282 0.941213 0.242433
0 0.811797 0.250009 0.941213 0.265162
0 0.423546 0.333347 0.551737 0.348500
0 0.552963 0.333347 0.681154 0.348500
0 0.682380 0.333347 0.810571 0.348500
0 0.811797 0.333347 0.941213 0.348500
0 0.423546 0.348500 0.551737 0.363651
0 0.552963 0.348500 0.681154 0.363651
0 0.682380 0.348500 0.810571 0.363651
0 0.811797 0.348500 0.941213 0.363651
0 0.423546 0.363651 0.551737 0.378802
0 0.552963 0.363651 0.681154 0.378802
0 0.682380 0.363651 0.810571 0.378802
0 0.811797 0.363651 0.941213 0.378802
0 0.423546 0.409106 0.551737 0.424258
0 0.552963 0.409106 0.681154 0.424258
0 0.682380 0.409106 0.810571 0.424258
0 0.811797 0.409106 0.941213 0.424258
0 0.423546 0.454563 0.551737 0.469715
0 0.552963 0.454563 0.681154 0.469715
0 0.682380 0.454563 0.810571 0.469715
0 0.811797 0.454563 0.941213 0.469715
0 0.811797 0.481079 0.941213 0.496232
0 0.082356 0.560627 0.363495 0.575778
0 0.365946 0.560627 0.657624 0.575778
0 0.658849 0.560627 0.752971 0.575778
0 0.776501 0.560627 0.941213 0.575778
0 0.082356 0.575778 0.363495 0.590929
0 0.365946 0.575778 0.657624 0.590929
0 0.658849 0.575778 0.752971 0.590929
0 0.776501 0.575778 0.941213 0.590929
0 0.082356 0.590929 0.363495 0.606080
0 0.365946 0.590929 0.657624 0.606080
0 0.658849 0.590929 0.752971 0.606080
0 0.776501 0.590929 0.941213 0.606080
0 0.082356 0.606080 0.363495 0.621231
0 0.365946 0.606080 0.657624 0.621231
0 0.658849 0.606080 0.752971 0.621231
0 0.776501 0.606080 0.941213 0.621231
0 0.776501 0.636391 0.941213 0.651544
0 0.058826 0.681846 0.941213 0.696997
0 0.058826 0.712151 0.941213 0.727302
0 0.058826 0.742453 0.941213 0.757604
0 0.058826 0.772758 0.941213 0.787909
0 0.058826 0.803064 0.941213 0.818215
0 0.058826 0.833366 0.941213 0.848517
0 0.058826 0.863671 0.941213 0.878822
0 0.058826 0.893977 0.941213 0.909128
0 0.058826 0.924279 0.941213 0.939429
