0 0.045455 0.173204 0.808144 0.196082
0 0.809091 0.173204 0.954545 0.196082
0 0.066162 0.294118 0.435417 0.313724
0 0.045455 0.313724 0.435417 0.333330
0 0.437626 0.313725 0.580871 0.333335
0 0.583081 0.313725 0.680871 0.333335
0 0.681818 0.313725 0.771780 0.333335
0 0.772727 0.313725 0.862689 0.333335
0 0.864899 0.313725 0.954545 0.333335
0 0.066162 0.333335 0.435417 0.352941
0 0.045455 0.352941 0.435417 0.372547
0 0.437626 0.352943 0.580871 0.372552
0 0.583081 0.352943 0.680871 0.372552
0 0.681818 0.352943 0.771780 0.372552
0 0.772727 0.352943 0.862689 0.372552
0 0.864899 0.352943 0.954545 0.372552
0 0.066162 0.372552 0.435417 0.392159
0 0.045455 0.392168 0.435417 0.411775
0 0.437626 0.392160 0.580871 0.411775
0 0.583081 0.392160 0.680871 0.411775
0 0.681818 0.392160 0.771780 0.411775
0 0.772727 0.392160 0.862689 0.411775
0 0.864899 0.392160 0.954545 0.411775
0 0.066162 0.411775 0.435417 0.431381
0 0.045455 0.431395 0.435417 0.451002
0 0.437626 0.431382 0.580871 0.451002
0 0.583081 0.431382 0.680871 0.451002
0 0.681818 0.431382 0.771780 0.451002
0 0.772727 0.431382 0.862689 0.451002
0 0.864899 0.431382 0.954545 0.451002
0 0.066162 0.451002 0.435417 0.470608
0 0.045455 0.470608 0.435417 0.490214
0 0.437626 0.470609 0.580871 0.490219
0 0.583081 0.470609 0.680871 0.490219
0 0.681818 0.470609 0.771780 0.490219
0 0.772727 0.470609 0.862689 0.490219
0 0.864899 0.470609 0.954545 0.490219
0 0.066162 0.490219 0.435417 0.509825
0 0.045455 0.509825 0.435417 0.529431
0 0.437626 0.509827 0.580871 0.529436
0 0.583081 0.509827 0.680871 0.529436
0 0.681818 0.509827 0.771780 0.529436
0 0.772727 0.509827 0.862689 0.529436
0 0.864899 0.509827 0.954545 0.529436
0 0.066162 0.647059 0.380871 0.666665
0 0.045455 0.666665 0.380871 0.686271
0 0.383081 0.666667 0.499053 0.686276
0 0.501263 0.666667 0.599053 0.686276
0 0.600000 0.666667 0.689962 0.686276
0 0.690909 0.666667 0.789962 0.686276
0 0.792172 0.666667 0.880871 0.686276
0 0.892424 0.666667 0.907576 0.686275
0 0.928788 0.666667 0.943939 0.686275
0 0.066162 0.686276 0.380871 0.705882
0 0.045455 0.705882 0.380871 0.725489
0 0.383081 0.705884 0.499053 0.725493
0 0.501263 0.705884 0.599053 0.725493
0 0.600000 0.705884 0.689962 0.725493
0 0.690909 0.705884 0.789962 0.725493
0 0.792172 0.705884 0.880871 0.725493
0 0.892424 0.705884 0.907576 0.725492
0 0.928788 0.705884 0.943939 0.725492
0 0.066162 0.725493 0.380871 0.745100
0 0.045455 0.745110 0.380871 0.764716
0 0.383081 0.745101 0.499053 0.764716
0 0.501263 0.745101 0.599053 0.764716
0 0.600000 0.745101 0.689962 0.764716
0 0.690909 0.745101 0.789962 0.764716
0 0.792172 0.745101 0.880871 0.764716
0 0.892424 0.745105 0.907576 0.764712
0 0.928788 0.745105 0.943939 0.764712
0 0.066162 0.764716 0.380871 0.784322
0 0.045455 0.784322 0.380871 0.803928
0 0.383081 0.784323 0.499053 0.803933
0 0.501263 0.784323 0.599053 0.803933
0 0.600000 0.784323 0.689962 0.803933
0 0.690909 0.784323 0.789962 0.803933
0 0.792172 0.784323 0.880871 0.803933
0 0.892424 0.784323 0.907576 0.803931
0 0.928788 0.784323 0.943939 0.803931
0 0.066162 0.803933 0.380871 0.823539
0 0.045455 0.823539 0.380871 0.843145
0 0.383081 0.823541 0.499053 0.843150
0 0.501263 0.823541 0.599053 0.843150
0 0.600000 0.823541 0.689962 0.843150
0 0.690909 0.823541 0.789962 0.843150
0 0.792172 0.823541 0.880871 0.843150
0 0.892424 0.823541 0.907576 0.843149
0 0.928788 0.823541 0.943939 0.843149
0 0.066162 0.843150 0.380871 0.862757
0 0.045455 0.862757 0.380871 0.882363
0 0.383081 0.862758 0.499053 0.882368
0 0.501263 0.862758 0.599053 0.882368
0 0.600000 0.862758 0.689962 0.882368
0 0.690909 0.862758 0.789962 0.882368
0 0.792172 0.862758 0.880871 0.882368
0 0.892424 0.862758 0.907576 0.882366
0 0.928788 0.862758 0.943939 0.882366
0 0.066162 0.882368 0.380871 0.901974
0 0.045455 0.901974 0.380871 0.921580
0 0.383081 0.901975 0.499053 0.921585
0 0.501263 0.901975 0.599053 0.921585
0 0.600000 0.901975 0.689962 0.921585
0 0.690909 0.901975 0.789962 0.921585
0 0.792172 0.901975 0.880871 0.921585
0 0.892424 0.901975 0.907576 0.921583
0 0.928788 0.901975 0.943939 0.921583
