0 0.678889 0.121212 0.941176 0.136362
0 0.094118 0.181816 0.610539 0.196966
0 0.058824 0.196974 0.610539 0.212124
0 0.058824 0.212124 0.610539 0.227274
0 0.613399 0.181816 0.941176 0.227270
0 0.094118 0.227270 0.610539 0.242420
0 0.058824 0.242424 0.610539 0.257574
0 0.058824 0.257574 0.610539 0.272724
0 0.613399 0.227270 0.941176 0.272724
0 0.094118 0.272724 0.610539 0.287874
0 0.058824 0.287878 0.610539 0.303028
0 0.058824 0.303028 0.610539 0.318178
0 0.613399 0.272724 0.941176 0.318178
0 0.094118 0.318178 0.610539 0.333328
0 0.058824 0.333332 0.610539 0.348482
0 0.058824 0.348482 0.610539 0.363632
0 0.613399 0.318178 0.941176 0.363632
0 0.094118 0.363632 0.610539 0.378782
0 0.058824 0.378786 0.610539 0.393936
0 0.058824 0.393936 0.610539 0.409086
0 0.613399 0.363632 0.941176 0.409086
0 0.094118 0.409086 0.610539 0.424236
0 0.058824 0.424236 0.610539 0.439386
0 0.058824 0.439390 0.610539 0.454540
0 0.613399 0.409086 0.941176 0.454540
0 0.094118 0.454540 0.610539 0.469690
0 0.058824 0.469694 0.610539 0.484844
0 0.058824 0.484852 0.610539 0.500002
0 0.613399 0.454540 0.941176 0.499994
0 0.094118 0.499994 0.610539 0.515144
0 0.058824 0.515148 0.610539 0.530298
0 0.058824 0.530298 0.610539 0.545448
0 0.613399 0.499994 0.941176 0.545448
0 0.094118 0.545448 0.610539 0.560598
0 0.058824 0.560602 0.610539 0.575752
0 0.058824 0.575752 0.610539 0.590902
0 0.613399 0.545448 0.941176 0.590902
0 0.094118 0.590902 0.610539 0.606052
0 0.058824 0.606056 0.610539 0.621206
0 0.058824 0.621206 0.610539 0.636356
0 0.613399 0.590902 0.941176 0.636356
