0 0.066162 0.235294 0.227273 0.274511
0 0.254545 0.235294 0.353598 0.254900
0 0.354545 0.235294 0.453598 0.254900
0 0.454545 0.235294 0.553599 0.254900
0 0.554545 0.235294 0.653599 0.254900
0 0.654545 0.235294 0.753598 0.254900
0 0.754545 0.235294 0.853598 0.254900
0 0.854545 0.235294 0.954545 0.254900
0 0.254545 0.254900 0.353598 0.274507
0 0.354545 0.254900 0.453598 0.274507
0 0.454545 0.254900 0.553599 0.274507
0 0.554545 0.254900 0.653599 0.274507
0 0.654545 0.254900 0.753598 0.274507
0 0.754545 0.254900 0.853598 0.274507
0 0.854545 0.254900 0.954545 0.274507
0 0.066162 0.274511 0.227273 0.313729
0 0.254545 0.274511 0.353598 0.294118
0 0.354545 0.274511 0.453598 0.294118
0 0.454545 0.274511 0.553599 0.294118
0 0.554545 0.274511 0.653599 0.294118
0 0.654545 0.274511 0.753598 0.294118
0 0.754545 0.274511 0.853598 0.294118
0 0.854545 0.274511 0.954545 0.294118
0 0.254545 0.294118 0.353598 0.313724
0 0.354545 0.294118 0.453598 0.313724
0 0.454545 0.294118 0.553599 0.313724
0 0.554545 0.294118 0.653599 0.313724
0 0.654545 0.294118 0.753598 0.313724
0 0.754545 0.294118 0.853598 0.313724
0 0.854545 0.294118 0.954545 0.313724
0 0.066162 0.313724 0.227273 0.352941
0 0.254545 0.313724 0.353598 0.333330
0 0.354545 0.313724 0.453598 0.333330
0 0.454545 0.313724 0.553599 0.333330
0 0.554545 0.313724 0.653599 0.333330
0 0.654545 0.313724 0.753598 0.333330
0 0.754545 0.313724 0.853598 0.333330
0 0.854545 0.313724 0.954545 0.333330
0 0.254545 0.333335 0.353598 0.352941
0 0.354545 0.333335 0.453598 0.352941
0 0.454545 0.333335 0.553599 0.352941
0 0.554545 0.333335 0.653599 0.352941
0 0.654545 0.333335 0.753598 0.352941
0 0.754545 0.333335 0.853598 0.352941
0 0.854545 0.333335 0.954545 0.352941
0 0.066162 0.352941 0.227273 0.392159
0 0.254545 0.352941 0.353598 0.372547
0 0.354545 0.352941 0.453598 0.372547
0 0.454545 0.352941 0.553599 0.372547
0 0.554545 0.352941 0.653599 0.372547
0 0.654545 0.352941 0.753598 0.372547
0 0.754545 0.352941 0.853598 0.372547
0 0.854545 0.352941 0.954545 0.372547
0 0.254545 0.372547 0.353598 0.392154
0 0.354545 0.372547 0.453598 0.392154
0 0.454545 0.372547 0.553599 0.392154
0 0.554545 0.372547 0.653599 0.392154
0 0.654545 0.372547 0.753598 0.392154
0 0.754545 0.372547 0.853598 0.392154
0 0.854545 0.372547 0.954545 0.392154
0 0.066162 0.392159 0.227273 0.431376
0 0.254545 0.392159 0.353598 0.411765
0 0.354545 0.392159 0.453598 0.411765
0 0.454545 0.392159 0.553599 0.411765
0 0.554545 0.392159 0.653599 0.411765
0 0.654545 0.392159 0.753598 0.411765
0 0.754545 0.392159 0.853598 0.411765
0 0.854545 0.392159 0.954545 0.411765
0 0.254545 0.411765 0.353598 0.431371
0 0.354545 0.411765 0.453598 0.431371
0 0.454545 0.411765 0.553599 0.431371
0 0.554545 0.411765 0.653599 0.431371
0 0.654545 0.411765 0.753598 0.431371
0 0.754545 0.411765 0.853598 0.431371
0 0.854545 0.411765 0.954545 0.431371
0 0.066162 0.431371 0.227273 0.470588
0 0.254545 0.431371 0.353598 0.450977
0 0.354545 0.431371 0.453598 0.450977
0 0.454545 0.431371 0.553599 0.450977
0 0.554545 0.431371 0.653599 0.450977
0 0.654545 0.431371 0.753598 0.450977
0 0.754545 0.431371 0.853598 0.450977
0 0.854545 0.431371 0.954545 0.450977
0 0.254545 0.450982 0.353598 0.470588
0 0.354545 0.450982 0.453598 0.470588
0 0.454545 0.450982 0.553599 0.470588
0 0.554545 0.450982 0.653599 0.470588
0 0.654545 0.450982 0.753598 0.470588
0 0.754545 0.450982 0.853598 0.470588
0 0.854545 0.450982 0.954545 0.470588
0 0.066162 0.470588 0.227273 0.509806
0 0.254545 0.470588 0.353598 0.490194
0 0.354545 0.470588 0.453598 0.490194
0 0.454545 0.470588 0.553599 0.490194
0 0.554545 0.470588 0.653599 0.490194
0 0.654545 0.470588 0.753598 0.490194
0 0.754545 0.470588 0.853598 0.490194
0 0.854545 0.470588 0.954545 0.490194
0 0.254545 0.490194 0.353598 0.509801
0 0.354545 0.490194 0.453598 0.509801
0 0.454545 0.490194 0.553599 0.509801
0 0.554545 0.490194 0.653599 0.509801
0 0.654545 0.490194 0.753598 0.509801
0 0.754545 0.490194 0.853598 0.509801
0 0.854545 0.490194 0.954545 0.509801
0 0.066162 0.509806 0.227273 0.549023
0 0.254545 0.509806 0.353598 0.529412
0 0.354545 0.509806 0.453598 0.529412
0 0.454545 0.509806 0.553599 0.529412
0 0.554545 0.509806 0.653599 0.529412
0 0.654545 0.509806 0.753598 0.529412
0 0.754545 0.509806 0.853598 0.529412
0 0.854545 0.509806 0.954545 0.529412
0 0.254545 0.529412 0.353598 0.549018
0 0.354545 0.529412 0.453598 0.549018
0 0.454545 0.529412 0.553599 0.549018
0 0.554545 0.529412 0.653599 0.549018
0 0.654545 0.529412 0.753598 0.549018
0 0.754545 0.529412 0.853598 0.549018
0 0.854545 0.529412 0.954545 0.549018
0 0.066162 0.549018 0.227273 0.588235
0 0.254545 0.549018 0.353598 0.568624
0 0.354545 0.549018 0.453598 0.568624
0 0.454545 0.549018 0.553599 0.568624
0 0.554545 0.549018 0.653599 0.568624
0 0.654545 0.549018 0.753598 0.568624
0 0.754545 0.549018 0.853598 0.568624
0 0.854545 0.549018 0.954545 0.568624
0 0.254545 0.568629 0.353598 0.588235
0 0.354545 0.568629 0.453598 0.588235
0 0.454545 0.568629 0.553599 0.588235
0 0.554545 0.568629 0.653599 0.588235
0 0.654545 0.568629 0.753598 0.588235
0 0.754545 0.568629 0.853598 0.588235
0 0.854545 0.568629 0.954545 0.588235
0 0.066162 0.588235 0.227273 0.627453
0 0.254545 0.588235 0.353598 0.607841
0 0.354545 0.588235 0.453598 0.607841
0 0.454545 0.588235 0.553599 0.607841
0 0.554545 0.588235 0.653599 0.607841
0 0.654545 0.588235 0.753598 0.607841
0 0.754545 0.588235 0.853598 0.607841
0 0.854545 0.588235 0.954545 0.607841
0 0.254545 0.607841 0.353598 0.627448
0 0.354545 0.607841 0.453598 0.627448
0 0.454545 0.607841 0.553599 0.627448
0 0.554545 0.607841 0.653599 0.627448
0 0.654545 0.607841 0.753598 0.627448
0 0.754545 0.607841 0.853598 0.627448
0 0.854545 0.607841 0.954545 0.627448
0 0.066162 0.627453 0.227273 0.666670
0 0.254545 0.627453 0.353598 0.647059
0 0.354545 0.627453 0.453598 0.647059
0 0.454545 0.627453 0.553599 0.647059
0 0.554545 0.627453 0.653599 0.647059
0 0.654545 0.627453 0.753598 0.647059
0 0.754545 0.627453 0.853598 0.647059
0 0.854545 0.627453 0.954545 0.647059
0 0.254545 0.647059 0.353598 0.666665
0 0.354545 0.647059 0.453598 0.666665
0 0.454545 0.647059 0.553599 0.666665
0 0.554545 0.647059 0.653599 0.666665
0 0.654545 0.647059 0.753598 0.666665
0 0.754545 0.647059 0.853598 0.666665
0 0.854545 0.647059 0.954545 0.666665
0 0.066162 0.666665 0.227273 0.705882
0 0.254545 0.666665 0.353598 0.686271
0 0.354545 0.666665 0.453598 0.686271
0 0.454545 0.666665 0.553599 0.686271
0 0.554545 0.666665 0.653599 0.686271
0 0.654545 0.666665 0.753598 0.686271
0 0.754545 0.666665 0.853598 0.686271
0 0.854545 0.666665 0.954545 0.686271
0 0.254545 0.686276 0.353598 0.705882
0 0.354545 0.686276 0.453598 0.705882
0 0.454545 0.686276 0.553599 0.705882
0 0.554545 0.686276 0.653599 0.705882
0 0.654545 0.686276 0.753598 0.705882
0 0.754545 0.686276 0.853598 0.705882
0 0.854545 0.686276 0.954545 0.705882
0 0.066162 0.705882 0.227273 0.745100
0 0.254545 0.705882 0.353598 0.725489
0 0.354545 0.705882 0.453598 0.725489
0 0.454545 0.705882 0.553599 0.725489
0 0.554545 0.705882 0.653599 0.725489
0 0.654545 0.705882 0.753598 0.725489
0 0.754545 0.705882 0.853598 0.725489
0 0.854545 0.705882 0.954545 0.725489
0 0.254545 0.725489 0.353598 0.745095
0 0.354545 0.725489 0.453598 0.745095
0 0.454545 0.725489 0.553599 0.745095
0 0.554545 0.725489 0.653599 0.745095
0 0.654545 0.725489 0.753598 0.745095
0 0.754545 0.725489 0.853598 0.745095
0 0.854545 0.725489 0.954545 0.745095
0 0.066162 0.745100 0.227273 0.784317
0 0.254545 0.745100 0.353598 0.764706
0 0.354545 0.745100 0.453598 0.764706
0 0.454545 0.745100 0.553599 0.764706
0 0.554545 0.745100 0.653599 0.764706
0 0.654545 0.745100 0.753598 0.764706
0 0.754545 0.745100 0.853598 0.764706
0 0.854545 0.745100 0.954545 0.764706
0 0.254545 0.764706 0.353598 0.784312
0 0.354545 0.764706 0.453598 0.784312
0 0.454545 0.764706 0.553599 0.784312
0 0.554545 0.764706 0.653599 0.784312
0 0.654545 0.764706 0.753598 0.784312
0 0.754545 0.764706 0.853598 0.784312
0 0.854545 0.764706 0.954545 0.784312
0 0.066162 0.784312 0.227273 0.823529
0 0.254545 0.784312 0.353598 0.803918
0 0.354545 0.784312 0.453598 0.803918
0 0.454545 0.784312 0.553599 0.803918
0 0.554545 0.784312 0.653599 0.803918
0 0.654545 0.784312 0.753598 0.803918
0 0.754545 0.784312 0.853598 0.803918
0 0.854545 0.784312 0.954545 0.803918
0 0.254545 0.803923 0.353598 0.823529
0 0.354545 0.803923 0.453598 0.823529
0 0.454545 0.803923 0.553599 0.823529
0 0.554545 0.803923 0.653599 0.823529
0 0.654545 0.803923 0.753598 0.823529
0 0.754545 0.803923 0.853598 0.823529
0 0.854545 0.803923 0.954545 0.823529
0 0.066162 0.823529 0.227273 0.862747
0 0.254545 0.823529 0.353598 0.843136
0 0.354545 0.823529 0.453598 0.843136
0 0.454545 0.823529 0.553599 0.843136
0 0.554545 0.823529 0.653599 0.843136
0 0.654545 0.823529 0.753598 0.843136
0 0.754545 0.823529 0.853598 0.843136
0 0.854545 0.823529 0.954545 0.843136
0 0.254545 0.843141 0.353598 0.862747
0 0.354545 0.843141 0.453598 0.862747
0 0.454545 0.843141 0.553599 0.862747
0 0.554545 0.843141 0.653599 0.862747
0 0.654545 0.843141 0.753598 0.862747
0 0.754545 0.843141 0.853598 0.862747
0 0.854545 0.843141 0.954545 0.862747
