0 0.058824 0.118684 0.681127 0.136362
0 0.682353 0.118684 0.941176 0.136362
0 0.094118 0.196966 0.317647 0.212117
0 0.319281 0.196966 0.588235 0.212117
0 0.589869 0.196966 0.870588 0.212117
0 0.878431 0.196965 0.898039 0.212117
0 0.913726 0.196965 0.933333 0.212117
0 0.094118 0.212117 0.317647 0.227267
0 0.319281 0.212117 0.588235 0.227267
0 0.589869 0.212117 0.870588 0.227267
0 0.878431 0.212115 0.898039 0.227267
0 0.913726 0.212115 0.933333 0.227267
0 0.094118 0.227267 0.317647 0.242417
0 0.319281 0.227267 0.588235 0.242417
0 0.589869 0.227267 0.870588 0.242417
0 0.878431 0.227265 0.898039 0.242417
0 0.913726 0.227265 0.933333 0.242417
0 0.094118 0.242417 0.317647 0.257567
0 0.319281 0.242417 0.588235 0.257567
0 0.589869 0.242417 0.870588 0.257567
0 0.878431 0.242415 0.898039 0.257567
0 0.913726 0.242415 0.933333 0.257567
0 0.094118 0.257567 0.317647 0.272717
0 0.319281 0.257567 0.588235 0.272717
0 0.589869 0.257567 0.870588 0.272717
0 0.878431 0.257566 0.898039 0.272717
0 0.913726 0.257566 0.933333 0.272717
0 0.094118 0.272717 0.317647 0.287867
0 0.319281 0.272717 0.588235 0.287867
0 0.589869 0.272717 0.870588 0.287867
0 0.878431 0.272716 0.898039 0.287867
0 0.913726 0.272716 0.933333 0.287867
0 0.823529 0.303028 0.941176 0.318179
0 0.824039 0.318179 0.941176 0.333329
0 0.094118 0.439387 0.234069 0.454537
0 0.236928 0.439387 0.328186 0.454537
0 0.331046 0.439387 0.422304 0.454537
0 0.437827 0.439354 0.457516 0.454569
0 0.484886 0.439354 0.504575 0.454569
0 0.517647 0.439387 0.622304 0.454537
0 0.623529 0.439387 0.728186 0.454537
0 0.737255 0.439386 0.756863 0.454537
0 0.772549 0.439386 0.792157 0.454537
0 0.807843 0.439386 0.827451 0.454537
0 0.843137 0.439386 0.862745 0.454537
0 0.878431 0.439386 0.898039 0.454537
0 0.913726 0.439386 0.933333 0.454537
0 0.094118 0.454537 0.234069 0.469687
0 0.236928 0.454537 0.328186 0.469687
0 0.331046 0.454537 0.422304 0.469687
0 0.437827 0.454504 0.457516 0.469719
0 0.484886 0.454504 0.504575 0.469719
0 0.517647 0.454537 0.622304 0.469687
0 0.623529 0.454537 0.728186 0.469687
0 0.737255 0.454536 0.756863 0.469687
0 0.772549 0.454536 0.792157 0.469687
0 0.807843 0.454536 0.827451 0.469687
0 0.843137 0.454536 0.862745 0.469687
0 0.878431 0.454536 0.898039 0.469687
0 0.913726 0.454536 0.933333 0.469687
0 0.094118 0.469687 0.234069 0.484837
0 0.236928 0.469687 0.328186 0.484837
0 0.331046 0.469687 0.422304 0.484837
0 0.437827 0.469654 0.457516 0.484869
0 0.484886 0.469654 0.504575 0.484869
0 0.517647 0.469687 0.622304 0.484837
0 0.623529 0.469687 0.728186 0.484837
0 0.737255 0.469686 0.756863 0.484837
0 0.772549 0.469686 0.792157 0.484837
0 0.807843 0.469686 0.827451 0.484837
0 0.843137 0.469686 0.862745 0.484837
0 0.878431 0.469686 0.898039 0.484837
0 0.913726 0.469686 0.933333 0.484837
0 0.094118 0.484837 0.234069 0.499987
0 0.236928 0.484837 0.328186 0.499987
0 0.331046 0.484837 0.422304 0.499987
0 0.437827 0.484804 0.457516 0.500019
0 0.484886 0.484804 0.504575 0.500019
0 0.517647 0.484837 0.622304 0.499987
0 0.623529 0.484837 0.728186 0.499987
0 0.737255 0.484836 0.756863 0.499987
0 0.772549 0.484836 0.792157 0.499987
0 0.807843 0.484836 0.827451 0.499987
0 0.843137 0.484836 0.862745 0.499987
0 0.878431 0.484836 0.898039 0.499987
0 0.913726 0.484836 0.933333 0.499987
0 0.094118 0.499987 0.234069 0.515137
0 0.236928 0.499987 0.328186 0.515137
0 0.331046 0.499987 0.422304 0.515137
0 0.437827 0.499955 0.457516 0.515169
0 0.484886 0.499955 0.504575 0.515169
0 0.517647 0.499987 0.622304 0.515137
0 0.623529 0.499987 0.728186 0.515137
0 0.737255 0.499986 0.756863 0.515137
0 0.772549 0.499986 0.792157 0.515137
0 0.807843 0.499986 0.827451 0.515137
0 0.843137 0.499986 0.862745 0.515137
0 0.878431 0.499986 0.898039 0.515137
0 0.913726 0.499986 0.933333 0.515137
0 0.094118 0.515137 0.234069 0.530288
0 0.236928 0.515137 0.328186 0.530288
0 0.331046 0.515137 0.422304 0.530288
0 0.437827 0.515105 0.457516 0.530319
0 0.484886 0.515105 0.504575 0.530319
0 0.517647 0.515137 0.622304 0.530288
0 0.623529 0.515137 0.728186 0.530288
0 0.737255 0.515136 0.756863 0.530288
0 0.772549 0.515136 0.792157 0.530288
0 0.807843 0.515136 0.827451 0.530288
0 0.843137 0.515136 0.862745 0.530288
0 0.878431 0.515136 0.898039 0.530288
0 0.913726 0.515136 0.933333 0.530288
0 0.094118 0.530288 0.234069 0.545438
0 0.236928 0.530288 0.328186 0.545438
0 0.331046 0.530288 0.422304 0.545438
0 0.437827 0.530255 0.457516 0.545469
0 0.484886 0.530255 0.504575 0.545469
0 0.517647 0.530288 0.622304 0.545438
0 0.623529 0.530288 0.728186 0.545438
0 0.737255 0.530286 0.756863 0.545438
0 0.772549 0.530286 0.792157 0.545438
0 0.807843 0.530286 0.827451 0.545438
0 0.843137 0.530286 0.862745 0.545438
0 0.878431 0.530286 0.898039 0.545438
0 0.913726 0.530286 0.933333 0.545438
0 0.094118 0.545438 0.234069 0.560588
0 0.236928 0.545438 0.328186 0.560588
0 0.331046 0.545438 0.422304 0.560588
0 0.437827 0.545405 0.457516 0.560619
0 0.484886 0.545405 0.504575 0.560619
0 0.517647 0.545438 0.622304 0.560588
0 0.623529 0.545438 0.728186 0.560588
0 0.737255 0.545436 0.756863 0.560588
0 0.772549 0.545436 0.792157 0.560588
0 0.807843 0.545436 0.827451 0.560588
0 0.843137 0.545436 0.862745 0.560588
0 0.878431 0.545436 0.898039 0.560588
0 0.913726 0.545436 0.933333 0.560588
0 0.094118 0.560588 0.234069 0.575738
0 0.236928 0.560588 0.328186 0.575738
0 0.331046 0.560588 0.422304 0.575738
0 0.437827 0.560555 0.457516 0.575769
0 0.484886 0.560555 0.504575 0.575769
0 0.517647 0.560588 0.622304 0.575738
0 0.623529 0.560588 0.728186 0.575738
0 0.737255 0.560586 0.756863 0.575738
0 0.772549 0.560586 0.792157 0.575738
0 0.807843 0.560586 0.827451 0.575738
0 0.843137 0.560586 0.862745 0.575738
0 0.878431 0.560586 0.898039 0.575738
0 0.913726 0.560586 0.933333 0.575738
0 0.094118 0.575738 0.234069 0.590888
0 0.236928 0.575738 0.328186 0.590888
0 0.331046 0.575738 0.422304 0.590888
0 0.437827 0.575705 0.457516 0.590920
0 0.484886 0.575705 0.504575 0.590920
0 0.517647 0.575738 0.622304 0.590888
0 0.623529 0.575738 0.728186 0.590888
0 0.737255 0.575737 0.756863 0.590888
0 0.772549 0.575737 0.792157 0.590888
0 0.807843 0.575737 0.827451 0.590888
0 0.843137 0.575737 0.862745 0.590888
0 0.878431 0.575737 0.898039 0.590888
0 0.913726 0.575737 0.933333 0.590888
0 0.633964 0.590903 0.728186 0.606053
0 0.094118 0.666661 0.257598 0.681811
0 0.260458 0.666661 0.457598 0.681811
0 0.458824 0.666661 0.587010 0.681811
0 0.589869 0.666661 0.763480 0.681811
0 0.766340 0.666661 0.941176 0.681811
0 0.094118 0.681811 0.257598 0.696961
0 0.260458 0.681811 0.457598 0.696961
0 0.458824 0.681811 0.587010 0.696961
0 0.589869 0.681811 0.763480 0.696961
0 0.766340 0.681811 0.941176 0.696961
0 0.094118 0.696961 0.257598 0.712111
0 0.260458 0.696961 0.457598 0.712111
0 0.458824 0.696961 0.587010 0.712111
0 0.589869 0.696961 0.763480 0.712111
0 0.766340 0.696961 0.941176 0.712111
0 0.094118 0.712111 0.257598 0.727262
0 0.260458 0.712111 0.457598 0.727262
0 0.458824 0.712111 0.587010 0.727262
0 0.589869 0.712111 0.763480 0.727262
0 0.766340 0.712111 0.941176 0.727262
0 0.094118 0.727262 0.257598 0.742412
0 0.260458 0.727262 0.457598 0.742412
0 0.458824 0.727262 0.587010 0.742412
0 0.589869 0.727262 0.763480 0.742412
0 0.766340 0.727262 0.941176 0.742412
0 0.094118 0.742412 0.257598 0.757562
0 0.260458 0.742412 0.457598 0.757562
0 0.458824 0.742412 0.587010 0.757562
0 0.589869 0.742412 0.763480 0.757562
0 0.766340 0.742412 0.941176 0.757562
0 0.094118 0.757562 0.257598 0.772712
0 0.260458 0.757562 0.457598 0.772712
0 0.458824 0.757562 0.587010 0.772712
0 0.589869 0.757562 0.763480 0.772712
0 0.766340 0.757562 0.941176 0.772712
0 0.094118 0.772712 0.257598 0.787862
0 0.260458 0.772712 0.457598 0.787862
0 0.458824 0.772712 0.587010 0.787862
0 0.589869 0.772712 0.763480 0.787862
0 0.766340 0.772712 0.941176 0.787862
0 0.094118 0.787862 0.257598 0.803012
0 0.260458 0.787862 0.457598 0.803012
0 0.458824 0.787862 0.587010 0.803012
0 0.589869 0.787862 0.763480 0.803012
0 0.766340 0.787862 0.941176 0.803012
0 0.094118 0.803012 0.257598 0.818162
0 0.260458 0.803012 0.457598 0.818162
0 0.458824 0.803012 0.587010 0.818162
0 0.589869 0.803012 0.763480 0.818162
0 0.766340 0.803012 0.941176 0.818162
