0 0.905808 0.138886 0.918434 0.155225
0 0.933081 0.138886 0.945707 0.155225
0 0.905808 0.158497 0.918434 0.174837
0 0.933081 0.158497 0.945707 0.174837
0 0.905808 0.178103 0.918434 0.194443
0 0.933081 0.178103 0.945707 0.194443
0 0.905808 0.197709 0.918434 0.214049
0 0.933081 0.197709 0.945707 0.214049
0 0.905808 0.217320 0.918434 0.233660
0 0.933081 0.217320 0.945707 0.233660
0 0.905808 0.236926 0.918434 0.253266
0 0.933081 0.236926 0.945707 0.253266
0 0.045455 0.372547 0.262689 0.411765
0 0.263636 0.372547 0.345455 0.411765
0 0.345455 0.372547 0.453598 0.411765
0 0.455808 0.372547 0.563636 0.411765
0 0.563636 0.372547 0.672727 0.411765
0 0.673990 0.372547 0.845455 0.411765
0 0.845455 0.372547 0.954545 0.411765
0 0.045455 0.411765 0.262689 0.450982
0 0.263636 0.411765 0.345455 0.450982
0 0.345455 0.411765 0.453598 0.450982
0 0.455808 0.411765 0.563636 0.450982
0 0.563636 0.411765 0.672727 0.450982
0 0.673990 0.411765 0.845455 0.450982
0 0.845455 0.411765 0.954545 0.450982
0 0.045455 0.450982 0.262689 0.490199
0 0.263636 0.450982 0.345455 0.490199
0 0.345455 0.450982 0.453598 0.490199
0 0.455808 0.450982 0.563636 0.490199
0 0.563636 0.450982 0.672727 0.490199
0 0.673990 0.450982 0.845455 0.490199
0 0.845455 0.450982 0.954545 0.490199
0 0.045455 0.490199 0.262689 0.529417
0 0.263636 0.490199 0.345455 0.529417
0 0.345455 0.490199 0.453598 0.529417
0 0.455808 0.490199 0.563636 0.529417
0 0.563636 0.490199 0.672727 0.529417
0 0.673990 0.490199 0.845455 0.529417
0 0.845455 0.490199 0.954545 0.529417
0 0.045455 0.529417 0.262689 0.568634
0 0.263636 0.529417 0.345455 0.568634
0 0.345455 0.529417 0.453598 0.568634
0 0.455808 0.529417 0.563636 0.568634
0 0.563636 0.529417 0.672727 0.568634
0 0.673990 0.529417 0.845455 0.568634
0 0.845455 0.529417 0.954545 0.568634
0 0.045455 0.568634 0.262689 0.607851
0 0.263636 0.568634 0.345455 0.607851
0 0.345455 0.568634 0.453598 0.607851
0 0.455808 0.568634 0.563636 0.607851
0 0.563636 0.568634 0.672727 0.607851
0 0.673990 0.568634 0.845455 0.607851
0 0.845455 0.568634 0.954545 0.607851
0 0.045455 0.607851 0.262689 0.647069
0 0.263636 0.607851 0.345455 0.647069
0 0.345455 0.607851 0.453598 0.647069
0 0.455808 0.607851 0.563636 0.647069
0 0.563636 0.607851 0.672727 0.647069
0 0.673990 0.607851 0.845455 0.647069
0 0.845455 0.607851 0.954545 0.647069
0 0.045455 0.647069 0.262689 0.686286
0 0.263636 0.647069 0.345455 0.686286
0 0.345455 0.647069 0.453598 0.686286
0 0.455808 0.647069 0.563636 0.686286
0 0.563636 0.647069 0.672727 0.686286
0 0.673990 0.647069 0.845455 0.686286
0 0.845455 0.647069 0.954545 0.686286
0 0.045455 0.686286 0.262689 0.725503
0 0.263636 0.686286 0.345455 0.725503
0 0.345455 0.686286 0.453598 0.725503
0 0.455808 0.686286 0.563636 0.725503
0 0.563636 0.686286 0.672727 0.725503
0 0.673990 0.686286 0.845455 0.725503
0 0.845455 0.686286 0.954545 0.725503
0 0.905808 0.766338 0.918434 0.782678
0 0.933081 0.766338 0.945707 0.782678
0 0.905808 0.785944 0.918434 0.802284
0 0.933081 0.785944 0.945707 0.802284
0 0.905808 0.805556 0.918434 0.821895
0 0.933081 0.805556 0.945707 0.821895
0 0.905808 0.825162 0.918434 0.841502
0 0.933081 0.825162 0.945707 0.841502
0 0.797075 0.843136 0.954545 0.862742
