0 0.906061 0.156863 0.921212 0.176471
0 0.933333 0.156863 0.948485 0.176471
0 0.906061 0.176469 0.921212 0.196077
0 0.933333 0.176469 0.948485 0.196077
0 0.906061 0.196075 0.921212 0.215683
0 0.933333 0.196075 0.948485 0.215683
0 0.906061 0.215686 0.921212 0.235294
0 0.933333 0.215686 0.948485 0.235294
0 0.906061 0.235292 0.921212 0.254900
0 0.933333 0.235292 0.948485 0.254900
0 0.906061 0.274510 0.921212 0.294118
0 0.933333 0.274510 0.948485 0.294118
0 0.906061 0.294116 0.921212 0.313724
0 0.933333 0.294116 0.948485 0.313724
0 0.906061 0.313722 0.921212 0.333330
0 0.933333 0.313722 0.948485 0.333330
0 0.906061 0.333333 0.921212 0.352941
0 0.933333 0.333333 0.948485 0.352941
0 0.906061 0.352940 0.921212 0.372547
0 0.933333 0.352940 0.948485 0.372547
0 0.906061 0.392157 0.921212 0.411765
0 0.933333 0.392157 0.948485 0.411765
0 0.906061 0.411763 0.921212 0.431371
0 0.933333 0.411763 0.948485 0.431371
0 0.906061 0.431369 0.921212 0.450977
0 0.933333 0.431369 0.948485 0.450977
0 0.906061 0.450980 0.921212 0.470588
0 0.933333 0.450980 0.948485 0.470588
0 0.906061 0.470587 0.921212 0.490194
0 0.933333 0.470587 0.948485 0.490194
0 0.906061 0.509804 0.921212 0.529412
0 0.933333 0.509804 0.948485 0.529412
0 0.906061 0.529410 0.921212 0.549018
0 0.933333 0.529410 0.948485 0.549018
0 0.906061 0.568627 0.921212 0.588235
0 0.933333 0.568627 0.948485 0.588235
0 0.906061 0.588234 0.921212 0.607841
0 0.933333 0.588234 0.948485 0.607841
0 0.066162 0.686276 0.553599 0.725493
0 0.554545 0.705884 0.663636 0.725493
0 0.663636 0.705884 0.771780 0.725493
0 0.773990 0.705884 0.954545 0.725493
0 0.066162 0.725493 0.553599 0.764711
0 0.554545 0.745101 0.663636 0.764711
0 0.663636 0.745101 0.771780 0.764711
0 0.773990 0.745101 0.954545 0.764711
0 0.066162 0.764711 0.553599 0.803928
0 0.554545 0.784319 0.663636 0.803928
0 0.663636 0.784319 0.771780 0.803928
0 0.773990 0.784319 0.954545 0.803928
0 0.066162 0.803928 0.553599 0.843145
0 0.554545 0.823536 0.663636 0.843145
0 0.663636 0.823536 0.771780 0.843145
0 0.773990 0.823536 0.954545 0.843145
0 0.066162 0.843145 0.553599 0.882363
0 0.554545 0.862753 0.663636 0.882363
0 0.663636 0.862753 0.771780 0.882363
0 0.773990 0.862753 0.954545 0.882363
0 0.066162 0.882363 0.553599 0.921580
0 0.554545 0.901971 0.663636 0.921580
0 0.663636 0.901971 0.771780 0.921580
0 0.773990 0.901971 0.954545 0.921580
