0 0.105887 0.106067 0.588258 0.121218
0 0.588258 0.106067 0.694145 0.121218
0 0.694145 0.106067 0.811797 0.121218
0 0.811797 0.106067 0.941213 0.121218
0 0.105887 0.121218 0.588258 0.136369
0 0.588258 0.121218 0.694145 0.136369
0 0.694145 0.121218 0.811797 0.136369
0 0.811797 0.121218 0.941213 0.136369
0 0.105887 0.136369 0.588258 0.151520
0 0.588258 0.136369 0.694145 0.151520
0 0.694145 0.136369 0.811797 0.151520
0 0.811797 0.136369 0.941213 0.151520
0 0.105887 0.151520 0.588258 0.166671
0 0.588258 0.151520 0.694145 0.166671
0 0.694145 0.151520 0.811797 0.166671
0 0.811797 0.151520 0.941213 0.166671
0 0.105887 0.166671 0.588258 0.181822
0 0.588258 0.166671 0.694145 0.181822
0 0.694145 0.166671 0.811797 0.181822
0 0.811797 0.166671 0.941213 0.181822
0 0.105887 0.212131 0.269373 0.227282
0 0.270599 0.212131 0.481146 0.227282
0 0.482372 0.212131 0.692919 0.227282
0 0.694145 0.212131 0.941213 0.227282
0 0.105887 0.227282 0.269373 0.242433
0 0.270599 0.227282 0.481146 0.242433
0 0.482372 0.227282 0.692919 0.242433
0 0.694145 0.227282 0.941213 0.242433
0 0.105887 0.242433 0.269373 0.257584
0 0.270599 0.242433 0.481146 0.257584
0 0.482372 0.242433 0.692919 0.257584
0 0.694145 0.242433 0.941213 0.257584
0 0.105887 0.257584 0.269373 0.272735
0 0.270599 0.257584 0.481146 0.272735
0 0.482372 0.257584 0.692919 0.272735
0 0.694145 0.257584 0.941213 0.272735
0 0.105887 0.272735 0.269373 0.287885
0 0.270599 0.272735 0.481146 0.287885
0 0.482372 0.272735 0.692919 0.287885
0 0.694145 0.272735 0.941213 0.287885
0 0.105887 0.333346 0.269373 0.348496
0 0.270599 0.333346 0.481146 0.348496
0 0.482372 0.333346 0.692919 0.348496
0 0.694145 0.333346 0.941213 0.348496
0 0.105887 0.348496 0.269373 0.363647
0 0.270599 0.348496 0.481146 0.363647
0 0.482372 0.348496 0.692919 0.363647
0 0.694145 0.348496 0.941213 0.363647
0 0.105887 0.363647 0.269373 0.378798
0 0.270599 0.363647 0.481146 0.378798
0 0.482372 0.363647 0.692919 0.378798
0 0.694145 0.363647 0.941213 0.378798
0 0.105887 0.378798 0.269373 0.393949
0 0.270599 0.378798 0.481146 0.393949
0 0.482372 0.378798 0.692919 0.393949
0 0.694145 0.378798 0.941213 0.393949
0 0.105887 0.393949 0.269373 0.409100
0 0.270599 0.393949 0.481146 0.409100
0 0.482372 0.393949 0.692919 0.409100
0 0.694145 0.393949 0.941213 0.409100
0 0.729440 0.424258 0.941213 0.439409
0 0.729440 0.469715 0.941213 0.484866
0 0.563957 0.502544 0.577029 0.512646
0 0.329425 0.515171 0.423546 0.530322
0 0.823562 0.515171 0.941213 0.530322
0 0.823562 0.560627 0.941213 0.575778
0 0.823562 0.575782 0.941213 0.590933
0 0.823562 0.590933 0.941213 0.606084
0 0.823562 0.606084 0.941213 0.621235
0 0.670615 0.636389 0.787041 0.651540
0 0.670615 0.651540 0.787041 0.666691
0 0.670615 0.666695 0.787041 0.681846
0 0.670615 0.681846 0.787041 0.696997
0 0.823562 0.696997 0.941213 0.712148
0 0.543551 0.714675 0.556623 0.724777
0 0.823562 0.712151 0.941213 0.727302
0 0.823562 0.727302 0.941213 0.742453
0 0.823562 0.742453 0.941213 0.757604
0 0.552963 0.757608 0.670615 0.772758
0 0.823562 0.757608 0.941213 0.772758
