0 0.105882 0.108582 0.118954 0.118683
0 0.105882 0.123736 0.118954 0.133837
0 0.105882 0.138886 0.118954 0.148987
0 0.529412 0.108582 0.542484 0.118683
0 0.529412 0.123736 0.542484 0.133837
0 0.594118 0.121212 0.941176 0.136362
0 0.835294 0.198228 0.848366 0.208329
0 0.897386 0.198228 0.910458 0.208329
0 0.835294 0.275249 0.848366 0.285349
0 0.897386 0.275249 0.910458 0.285349
0 0.717647 0.318179 0.941176 0.333329
0 0.717647 0.333329 0.941176 0.348479
0 0.717647 0.348483 0.941176 0.363633
0 0.717647 0.363633 0.941176 0.378783
0 0.835294 0.381307 0.848366 0.391408
0 0.897386 0.381307 0.910458 0.391408
0 0.897384 0.395829 0.910456 0.405930
0 0.352941 0.454541 0.469363 0.469691
0 0.470588 0.454541 0.587010 0.469691
0 0.588235 0.454541 0.704657 0.469691
0 0.705882 0.454541 0.822304 0.469691
0 0.823529 0.454541 0.941176 0.469691
0 0.352941 0.469691 0.469363 0.484841
0 0.470588 0.469691 0.587010 0.484841
0 0.588235 0.469691 0.704657 0.484841
0 0.705882 0.469691 0.822304 0.484841
0 0.823529 0.469691 0.941176 0.484841
0 0.352941 0.499992 0.469363 0.515145
0 0.470588 0.499992 0.587010 0.515145
0 0.588235 0.499992 0.704657 0.515145
0 0.705882 0.499992 0.822304 0.515145
0 0.823529 0.499992 0.941176 0.515145
0 0.352941 0.515145 0.469363 0.530295
0 0.470588 0.515145 0.587010 0.530295
0 0.588235 0.515145 0.704657 0.530295
0 0.705882 0.515145 0.822304 0.530295
0 0.823529 0.515145 0.941176 0.530295
0 0.352941 0.545446 0.469363 0.560599
0 0.470588 0.545446 0.587010 0.560599
0 0.588235 0.545446 0.704657 0.560599
0 0.705882 0.545446 0.822304 0.560599
0 0.823529 0.545446 0.941176 0.560599
0 0.352941 0.560599 0.469363 0.575749
0 0.470588 0.560599 0.587010 0.575749
0 0.588235 0.560599 0.704657 0.575749
0 0.705882 0.560599 0.822304 0.575749
0 0.823529 0.560599 0.941176 0.575749
0 0.352941 0.575749 0.469363 0.590899
0 0.470588 0.575749 0.587010 0.590899
0 0.588235 0.575749 0.704657 0.590899
0 0.705882 0.575749 0.822304 0.590899
0 0.823529 0.575749 0.941176 0.590899
0 0.376471 0.606053 0.466013 0.621203
0 0.270588 0.621207 0.360131 0.636357
0 0.235294 0.636357 0.324837 0.651507
0 0.879739 0.697591 0.897712 0.711480
0 0.915033 0.697591 0.933007 0.711480
0 0.879739 0.712745 0.897712 0.726634
0 0.915033 0.712745 0.933007 0.726634
0 0.879739 0.727895 0.897712 0.741784
0 0.915033 0.727895 0.933007 0.741784
0 0.388235 0.818174 0.528186 0.833324
0 0.529412 0.818174 0.657598 0.833324
0 0.658824 0.818174 0.798775 0.833324
0 0.800000 0.818174 0.941176 0.833324
0 0.388235 0.833324 0.528186 0.848474
0 0.529412 0.833324 0.657598 0.848474
0 0.658824 0.833324 0.798775 0.848474
0 0.800000 0.833324 0.941176 0.848474
0 0.388235 0.848474 0.528186 0.863624
0 0.529412 0.848474 0.657598 0.863624
0 0.658824 0.848474 0.798775 0.863624
0 0.800000 0.848474 0.941176 0.863624
0 0.388235 0.863624 0.528186 0.878774
0 0.529412 0.863624 0.657598 0.878774
0 0.658824 0.863624 0.798775 0.878774
0 0.800000 0.863624 0.941176 0.878774
0 0.388235 0.878774 0.528186 0.893924
0 0.529412 0.878774 0.657598 0.893924
0 0.658824 0.878774 0.798775 0.893924
0 0.800000 0.878774 0.941176 0.893924
0 0.800000 0.893932 0.941176 0.909082
