0 0.058824 0.106058 0.941176 0.121208
0 0.058824 0.136362 0.941176 0.151512
0 0.058824 0.166666 0.941176 0.181816
0 0.058824 0.196966 0.941176 0.212117
0 0.058824 0.227270 0.941176 0.242421
0 0.058824 0.257574 0.941176 0.272725
0 0.058824 0.287875 0.941176 0.303025
0 0.058824 0.318179 0.941176 0.333329
0 0.058824 0.348483 0.941176 0.363633
0 0.058824 0.378783 0.941176 0.393933
0 0.058824 0.409087 0.941176 0.424237
0 0.058824 0.439391 0.941176 0.454541
0 0.058824 0.469691 0.941176 0.484841
0 0.058824 0.499995 0.941176 0.515145
0 0.058824 0.530299 0.941176 0.545449
0 0.058824 0.560599 0.941176 0.575749
0 0.058824 0.590903 0.941176 0.606053
0 0.058824 0.621207 0.941176 0.636357
0 0.058824 0.651507 0.941176 0.666657
0 0.058824 0.681811 0.941176 0.696961
0 0.058824 0.712115 0.941176 0.727265
0 0.058824 0.742416 0.941176 0.757566
0 0.058824 0.772719 0.941176 0.787870
0 0.058824 0.803023 0.941176 0.818174
0 0.058824 0.833324 0.941176 0.848474
0 0.058824 0.863628 0.941176 0.878778
0 0.058824 0.893932 0.941176 0.909082
0 0.058824 0.924232 0.941176 0.939382
