0 0.201642 0.118690 0.551737 0.136369
0 0.201642 0.148996 0.551737 0.166675
0 0.201642 0.179301 0.798806 0.196980
0 0.554597 0.118690 0.798806 0.136369
0 0.554597 0.148996 0.798806 0.166675
0 0.894806 0.146471 0.907879 0.156572
0 0.552963 0.242433 0.694145 0.257584
0 0.811797 0.242433 0.941213 0.257584
0 0.552963 0.272740 0.694145 0.287893
0 0.811797 0.272740 0.941213 0.287893
0 0.552963 0.287889 0.694145 0.303040
0 0.811797 0.287889 0.941213 0.303040
0 0.552963 0.303044 0.694145 0.318195
0 0.811797 0.303044 0.941213 0.318195
0 0.552963 0.333347 0.694145 0.348500
0 0.811797 0.333347 0.941213 0.348500
0 0.552963 0.363652 0.694145 0.378806
0 0.811797 0.363652 0.941213 0.378806
0 0.552963 0.378802 0.694145 0.393953
0 0.811797 0.378802 0.941213 0.393953
0 0.552963 0.393957 0.694145 0.409107
0 0.811797 0.393957 0.941213 0.409107
0 0.552963 0.409107 0.694145 0.424258
0 0.811797 0.409107 0.941213 0.424258
0 0.552963 0.424258 0.694145 0.439409
0 0.811797 0.424258 0.941213 0.439409
0 0.552963 0.439413 0.694145 0.454554
0 0.811797 0.439413 0.941213 0.454554
0 0.552963 0.454564 0.694145 0.469705
0 0.811797 0.454564 0.941213 0.469705
0 0.811797 0.469715 0.941213 0.484866
0 0.241599 0.515171 0.447076 0.530322
0 0.552474 0.515171 0.764736 0.530322
0 0.811797 0.515171 0.941213 0.530322
0 0.811797 0.530326 0.941213 0.545477
0 0.811797 0.560627 0.941213 0.575778
0 0.811797 0.575782 0.941213 0.590933
0 0.811797 0.606084 0.941213 0.621235
0 0.811797 0.621238 0.941213 0.636389
0 0.647084 0.636389 0.764736 0.651540
0 0.811797 0.651540 0.941213 0.666691
0 0.811797 0.666695 0.941213 0.681846
0 0.811797 0.696997 0.941213 0.712148
0 0.811797 0.712151 0.941213 0.727302
0 0.811797 0.727302 0.941213 0.742453
0 0.811797 0.757608 0.941213 0.772758
0 0.811797 0.772758 0.941213 0.787909
0 0.811797 0.803064 0.941213 0.818215
0 0.811797 0.818215 0.941213 0.833366
0 0.811797 0.833366 0.941213 0.848517
0 0.811797 0.848520 0.941213 0.863671
0 0.811797 0.863671 0.941213 0.878822
0 0.811797 0.878822 0.941213 0.893973
0 0.635319 0.893977 0.764736 0.909128
0 0.647084 0.911652 0.660157 0.921753
0 0.823562 0.911652 0.836634 0.921753
