0 0.058826 0.060609 0.411781 0.075762
0 0.552963 0.060607 0.588258 0.075758
0 0.598063 0.060607 0.682380 0.075758
0 0.752971 0.060609 0.941213 0.075762
0 0.317659 0.166675 0.400016 0.189403
0 0.413088 0.166675 0.445851 0.189403
0 0.470607 0.166675 0.552963 0.189403
0 0.566035 0.166675 0.598798 0.189403
0 0.623554 0.166675 0.705910 0.189403
0 0.718982 0.166675 0.751745 0.189403
0 0.835327 0.166675 0.905918 0.189403
0 0.914088 0.166675 0.939988 0.189403
0 0.317659 0.204554 0.400016 0.227282
0 0.413088 0.204554 0.445851 0.227282
0 0.470607 0.204554 0.552963 0.227282
0 0.566035 0.204554 0.598798 0.227282
0 0.623554 0.204554 0.705910 0.227282
0 0.718982 0.204554 0.751745 0.227282
0 0.835327 0.204554 0.905918 0.227282
0 0.914088 0.204554 0.939988 0.227282
0 0.317659 0.242433 0.400016 0.265161
0 0.413088 0.242433 0.445851 0.265161
0 0.470607 0.242433 0.552963 0.265161
0 0.566035 0.242433 0.598798 0.265161
0 0.623554 0.242433 0.705910 0.265161
0 0.718982 0.242433 0.751745 0.265161
0 0.835327 0.242433 0.905918 0.265161
0 0.914088 0.242433 0.939988 0.265161
0 0.317659 0.280316 0.400016 0.303044
0 0.413088 0.280316 0.445851 0.303044
0 0.470607 0.280316 0.552963 0.303044
0 0.566035 0.280316 0.598798 0.303044
0 0.623554 0.280316 0.705910 0.303044
0 0.718982 0.280316 0.751745 0.303044
0 0.835327 0.280316 0.905918 0.303044
0 0.914088 0.280316 0.939988 0.303044
0 0.317659 0.325772 0.400016 0.348500
0 0.413088 0.325772 0.445851 0.348500
0 0.470607 0.325772 0.552963 0.348500
0 0.566035 0.325772 0.598798 0.348500
0 0.623554 0.325772 0.705910 0.348500
0 0.718982 0.325772 0.751745 0.348500
0 0.835327 0.325772 0.905918 0.348500
0 0.914088 0.325772 0.939988 0.348500
0 0.317659 0.371228 0.400016 0.393957
0 0.413088 0.371228 0.445851 0.393957
0 0.470607 0.371228 0.552963 0.393957
0 0.566035 0.371228 0.598798 0.393957
0 0.623554 0.371228 0.705910 0.393957
0 0.718982 0.371228 0.751745 0.393957
0 0.835327 0.371228 0.905918 0.393957
0 0.914088 0.371228 0.939988 0.393957
0 0.317659 0.416685 0.400016 0.439413
0 0.413088 0.416685 0.445851 0.439413
0 0.470607 0.416685 0.552963 0.439413
0 0.566035 0.416685 0.598798 0.439413
0 0.623554 0.416685 0.705910 0.439413
0 0.718982 0.416685 0.751745 0.439413
0 0.835327 0.416685 0.905918 0.439413
0 0.914088 0.416685 0.939988 0.439413
0 0.317659 0.446987 0.400016 0.469715
0 0.413088 0.446987 0.445851 0.469715
0 0.470607 0.446987 0.552963 0.469715
0 0.566035 0.446987 0.598798 0.469715
0 0.623554 0.446987 0.705910 0.469715
0 0.718982 0.446987 0.751745 0.469715
0 0.835327 0.446987 0.905918 0.469715
0 0.914088 0.446987 0.939988 0.469715
0 0.317659 0.484869 0.400016 0.507598
0 0.413088 0.484869 0.445851 0.507598
0 0.470607 0.484869 0.552963 0.507598
0 0.566035 0.484869 0.598798 0.507598
0 0.623554 0.484869 0.705910 0.507598
0 0.718982 0.484869 0.751745 0.507598
0 0.835327 0.484869 0.905918 0.507598
0 0.914088 0.484869 0.939988 0.507598
0 0.317659 0.515171 0.400016 0.537899
0 0.413088 0.515171 0.445851 0.537899
0 0.470607 0.515171 0.552963 0.537899
0 0.566035 0.515171 0.598798 0.537899
0 0.623554 0.515171 0.705910 0.537899
0 0.718982 0.515171 0.751745 0.537899
0 0.835327 0.515171 0.905918 0.537899
0 0.914088 0.515171 0.939988 0.537899
0 0.317659 0.545477 0.400016 0.568205
0 0.413088 0.545477 0.445851 0.568205
0 0.470607 0.545477 0.552963 0.568205
0 0.566035 0.545477 0.598798 0.568205
0 0.623554 0.545477 0.705910 0.568205
0 0.718982 0.545477 0.751745 0.568205
0 0.835327 0.545477 0.905918 0.568205
0 0.914088 0.545477 0.939988 0.568205
0 0.317659 0.583356 0.400016 0.606084
0 0.413088 0.583356 0.445851 0.606084
0 0.470607 0.583356 0.552963 0.606084
0 0.566035 0.583356 0.598798 0.606084
0 0.623554 0.583356 0.705910 0.606084
0 0.718982 0.583356 0.751745 0.606084
0 0.835327 0.583356 0.905918 0.606084
0 0.914088 0.583356 0.939988 0.606084
0 0.317659 0.628812 0.400016 0.651540
0 0.413088 0.628812 0.445851 0.651540
0 0.470607 0.628812 0.552963 0.651540
0 0.566035 0.628812 0.598798 0.651540
0 0.623554 0.628812 0.705910 0.651540
0 0.718982 0.628812 0.751745 0.651540
0 0.835327 0.628812 0.905918 0.651540
0 0.914088 0.628812 0.939988 0.651540
0 0.317659 0.681846 0.400016 0.704574
0 0.413088 0.681846 0.445851 0.704574
0 0.470607 0.681846 0.552963 0.704574
0 0.566035 0.681846 0.598798 0.704574
0 0.623554 0.681846 0.705910 0.704574
0 0.718982 0.681846 0.751745 0.704574
0 0.835327 0.681846 0.905918 0.704574
0 0.914088 0.681846 0.939988 0.704574
0 0.317659 0.734879 0.400016 0.757608
0 0.413088 0.734879 0.445851 0.757608
0 0.470607 0.734879 0.552963 0.757608
0 0.566035 0.734879 0.598798 0.757608
0 0.623554 0.734879 0.705910 0.757608
0 0.718982 0.734879 0.751745 0.757608
0 0.835327 0.734879 0.905918 0.757608
0 0.914088 0.734879 0.939988 0.757608
0 0.317659 0.810638 0.400016 0.833366
0 0.413088 0.810638 0.445851 0.833366
0 0.470607 0.810638 0.552963 0.833366
0 0.566035 0.810638 0.598798 0.833366
0 0.623554 0.810638 0.705910 0.833366
0 0.718982 0.810638 0.751745 0.833366
0 0.835327 0.810638 0.905918 0.833366
0 0.914088 0.810638 0.939988 0.833366
0 0.317659 0.848520 0.400016 0.871249
0 0.413088 0.848520 0.445851 0.871249
0 0.470607 0.848520 0.552963 0.871249
0 0.566035 0.848520 0.598798 0.871249
0 0.623554 0.848520 0.705910 0.871249
0 0.718982 0.848520 0.751745 0.871249
0 0.835327 0.848520 0.905918 0.871249
0 0.914088 0.848520 0.939988 0.871249
0 0.317659 0.886399 0.447076 0.909128
0 0.470607 0.886399 0.600024 0.909128
0 0.623554 0.886399 0.752971 0.909128
0 0.835327 0.916705 0.905918 0.939433
0 0.914088 0.916705 0.937945 0.939433
