0 0.811797 0.075762 0.941213 0.090913
0 0.811797 0.090913 0.941213 0.106064
0 0.811797 0.106064 0.941213 0.121215
0 0.811797 0.121218 0.941213 0.136369
0 0.811797 0.136369 0.941213 0.151520
0 0.811797 0.151520 0.941213 0.166671
0 0.811797 0.166675 0.941213 0.181826
0 0.811797 0.181826 0.941213 0.196976
0 0.811797 0.212131 0.941213 0.227282
0 0.811797 0.227282 0.941213 0.242433
0 0.811797 0.242433 0.941213 0.257584
0 0.811797 0.272738 0.941213 0.287889
0 0.811797 0.287889 0.941213 0.303040
0 0.811797 0.303044 0.941213 0.318195
0 0.282364 0.590930 0.445851 0.606084
0 0.447076 0.590930 0.610563 0.606084
0 0.611789 0.590930 0.775276 0.606084
0 0.776501 0.590930 0.941213 0.606084
0 0.282364 0.636387 0.445851 0.651540
0 0.447076 0.636387 0.610563 0.651540
0 0.611789 0.636387 0.775276 0.651540
0 0.776501 0.636387 0.941213 0.651540
0 0.282364 0.681843 0.445851 0.696997
0 0.447076 0.681843 0.610563 0.696997
0 0.611789 0.681843 0.775276 0.696997
0 0.776501 0.681843 0.941213 0.696997
0 0.282364 0.712149 0.445851 0.727302
0 0.447076 0.712149 0.610563 0.727302
0 0.611789 0.712149 0.775276 0.727302
0 0.776501 0.712149 0.941213 0.727302
0 0.776501 0.727302 0.941213 0.742453
0 0.647084 0.744977 0.660157 0.755079
0 0.835327 0.744977 0.848399 0.755079
0 0.196413 0.757608 0.458841 0.786650
0 0.499641 0.757608 0.682380 0.786650
0 0.823562 0.769977 0.941213 0.785128
0 0.547288 0.818215 0.764736 0.847258
0 0.154581 0.861147 0.398790 0.878826
0 0.803298 0.854834 0.816370 0.864935
0 0.848726 0.861147 0.941213 0.878826
0 0.247069 0.878822 0.751745 0.893973
0 0.247069 0.893977 0.751745 0.909128
0 0.823562 0.878822 0.941213 0.893973
0 0.823562 0.893977 0.941213 0.909128
