0 0.058826 0.060609 0.411781 0.075762
0 0.552963 0.060607 0.588258 0.075758
0 0.598063 0.060607 0.682380 0.075758
0 0.752971 0.060609 0.941213 0.075762
0 0.067650 0.100383 0.082356 0.111747
0 0.067650 0.138262 0.082356 0.149626
0 0.094121 0.181826 0.917683 0.196976
0 0.094121 0.196976 0.917683 0.212127
0 0.094121 0.212131 0.917683 0.227282
0 0.094121 0.227282 0.917683 0.242433
0 0.094121 0.242433 0.917683 0.257584
0 0.094121 0.257587 0.917683 0.272738
0 0.094121 0.272738 0.917683 0.287889
0 0.094121 0.287889 0.917683 0.303040
0 0.094121 0.303044 0.917683 0.318195
0 0.094121 0.318195 0.917683 0.333346
0 0.094121 0.333346 0.917683 0.348496
0 0.094121 0.348500 0.917683 0.363651
0 0.094121 0.363651 0.917683 0.378802
0 0.094121 0.378802 0.917683 0.393953
0 0.094121 0.393957 0.917683 0.409107
0 0.094121 0.409107 0.917683 0.424258
0 0.094121 0.424258 0.917683 0.439409
0 0.094121 0.439413 0.917683 0.454564
0 0.094121 0.454564 0.917683 0.469715
0 0.094121 0.469715 0.917683 0.484866
0 0.094121 0.484869 0.917683 0.500020
0 0.094121 0.500020 0.917683 0.515171
0 0.094121 0.515171 0.917683 0.530322
0 0.094121 0.530326 0.917683 0.545477
0 0.094121 0.545477 0.917683 0.560627
0 0.094121 0.560627 0.917683 0.575778
0 0.636953 0.659118 0.929448 0.681846
0 0.636953 0.689423 0.929448 0.712151
0 0.694145 0.719725 0.929448 0.742453
0 0.914742 0.759500 0.929448 0.770864
0 0.225172 0.780336 0.647084 0.803064
0 0.741206 0.780336 0.929448 0.803064
0 0.225172 0.840943 0.647084 0.863671
0 0.741206 0.840943 0.929448 0.863671
0 0.225172 0.871249 0.647084 0.893977
0 0.741206 0.871249 0.929448 0.893977
0 0.225172 0.901550 0.470607 0.924279
0 0.552963 0.901550 0.647084 0.924279
0 0.741206 0.901550 0.929448 0.924279
