0 0.719309 0.073234 0.941213 0.106064
0 0.083990 0.118690 0.941213 0.136369
0 0.083990 0.148996 0.481146 0.166675
0 0.484006 0.148996 0.941213 0.166675
0 0.083990 0.179301 0.481146 0.196980
0 0.083990 0.209603 0.481146 0.227282
0 0.484006 0.179301 0.941213 0.196980
0 0.484006 0.209603 0.941213 0.227282
0 0.083990 0.239909 0.941213 0.257587
0 0.083990 0.270214 0.539972 0.287893
0 0.542832 0.270214 0.941213 0.287893
0 0.417010 0.304935 0.430082 0.315037
0 0.487601 0.304935 0.500673 0.315037
0 0.811797 0.303044 0.941213 0.318195
0 0.805260 0.320719 0.818333 0.330820
0 0.887617 0.320719 0.900689 0.330820
0 0.099350 0.351024 0.112423 0.361126
0 0.258834 0.348500 0.423546 0.363651
0 0.546427 0.351024 0.559499 0.361126
0 0.729440 0.348500 0.941213 0.363651
0 0.099350 0.366175 0.112423 0.376277
0 0.546427 0.366175 0.559499 0.376277
0 0.717675 0.363651 0.941213 0.378802
0 0.099350 0.381326 0.112423 0.391427
0 0.388251 0.378802 0.529433 0.393953
0 0.546427 0.381326 0.559499 0.391427
0 0.705910 0.378802 0.941213 0.393953
0 0.099350 0.396481 0.112423 0.406582
0 0.546427 0.396481 0.559499 0.406582
0 0.722904 0.396481 0.735977 0.406582
0 0.099350 0.411632 0.112423 0.421733
0 0.546427 0.411632 0.559499 0.421733
0 0.722904 0.411632 0.735977 0.421733
0 0.099350 0.426782 0.112423 0.436884
0 0.352955 0.424258 0.529433 0.439409
0 0.546427 0.426782 0.559499 0.436884
0 0.722904 0.426782 0.735977 0.436884
0 0.099350 0.441937 0.112423 0.452038
0 0.235303 0.439413 0.529433 0.454564
0 0.772854 0.439413 0.941213 0.454564
0 0.448710 0.467191 0.657624 0.484869
0 0.660483 0.467191 0.941213 0.484869
0 0.452305 0.488656 0.465378 0.498758
0 0.694145 0.484869 0.941213 0.500020
0 0.099350 0.502544 0.112423 0.512646
0 0.341190 0.500020 0.435311 0.515171
0 0.094121 0.515171 0.435311 0.530322
0 0.452305 0.503807 0.465378 0.513908
0 0.764736 0.500020 0.941213 0.515171
0 0.452305 0.518958 0.465378 0.529059
0 0.099350 0.534113 0.112423 0.544214
0 0.452305 0.534113 0.465378 0.544214
0 0.658849 0.530326 0.941213 0.545477
0 0.099350 0.549263 0.112423 0.559365
0 0.452305 0.549263 0.465378 0.559365
0 0.705910 0.545477 0.941213 0.560627
0 0.099350 0.563152 0.112423 0.573253
0 0.223538 0.560627 0.941213 0.575778
0 0.094121 0.588409 0.541198 0.606088
0 0.800031 0.575782 0.941213 0.590933
0 0.094121 0.664167 0.235303 0.681846
0 0.235303 0.664167 0.376485 0.681846
0 0.376485 0.664167 0.541198 0.681846
0 0.662116 0.669219 0.675188 0.679320
0 0.647084 0.696997 0.941213 0.712148
0 0.522896 0.714675 0.535969 0.724777
0 0.734669 0.714675 0.747742 0.724777
0 0.099350 0.729826 0.112423 0.739928
0 0.205237 0.729826 0.218309 0.739928
0 0.334654 0.729826 0.347726 0.739928
0 0.522896 0.729826 0.535969 0.739928
0 0.734669 0.729826 0.747742 0.739928
0 0.875851 0.729826 0.888924 0.739928
0 0.099350 0.744977 0.112423 0.755079
0 0.205237 0.744977 0.218309 0.755079
0 0.334654 0.744977 0.347726 0.755079
0 0.522896 0.744977 0.535969 0.755079
0 0.647084 0.742453 0.941213 0.757604
0 0.094121 0.770234 0.941213 0.787913
0 0.581722 0.790433 0.594795 0.800535
0 0.652313 0.790433 0.665386 0.800535
0 0.289317 0.803064 0.458841 0.818215
0 0.142816 0.845993 0.704684 0.863671
0 0.707544 0.845993 0.941213 0.863671
0 0.142816 0.876298 0.704684 0.893977
0 0.707544 0.876298 0.941213 0.893977
0 0.246729 0.909128 0.704684 0.924279
0 0.707544 0.906604 0.941213 0.924282
0 0.707544 0.936905 0.941213 0.954584
