0 0.823529 0.094063 0.836601 0.104164
0 0.894118 0.094063 0.907190 0.104164
0 0.317647 0.106058 0.941176 0.121208
0 0.764706 0.121212 0.941176 0.136362
0 0.364706 0.139518 0.377778 0.149618
0 0.447059 0.139518 0.460131 0.149618
0 0.623529 0.139518 0.636601 0.149618
0 0.105882 0.154668 0.118954 0.164769
0 0.223529 0.151512 0.941176 0.166662
0 0.729412 0.181816 0.941176 0.196966
0 0.105882 0.196966 0.941176 0.212117
0 0.823529 0.215276 0.836601 0.225377
0 0.894118 0.215276 0.907190 0.225377
0 0.823529 0.230426 0.836601 0.240527
0 0.894118 0.230426 0.907190 0.240527
0 0.823529 0.242421 0.924837 0.257571
0 0.823529 0.275880 0.836601 0.285981
0 0.894118 0.275880 0.907190 0.285981
0 0.823529 0.287875 0.924837 0.303025
0 0.823529 0.306184 0.836601 0.316285
0 0.894118 0.306184 0.907190 0.316285
0 0.682353 0.318179 0.941176 0.333329
0 0.105882 0.333329 0.941176 0.348479
0 0.105882 0.348483 0.941176 0.363633
