0 0.835294 0.092802 0.850000 0.104165
0 0.897386 0.092802 0.912092 0.104165
0 0.614033 0.106059 0.941176 0.121210
0 0.105882 0.121213 0.941176 0.136364
0 0.835294 0.138256 0.850000 0.149620
0 0.897386 0.138256 0.912092 0.149620
0 0.405523 0.151514 0.941176 0.166664
0 0.835294 0.168561 0.850000 0.179924
0 0.897386 0.168561 0.912092 0.179924
0 0.486250 0.181818 0.941176 0.196968
0 0.105882 0.196968 0.941176 0.212119
0 0.835294 0.214015 0.850000 0.225379
0 0.897386 0.214015 0.912092 0.225379
0 0.266150 0.227273 0.941176 0.242423
0 0.835294 0.244316 0.850000 0.255679
0 0.897386 0.244316 0.912092 0.255679
0 0.458824 0.259470 0.473529 0.270833
0 0.576471 0.259470 0.591176 0.270833
0 0.105882 0.274620 0.120588 0.285984
0 0.253595 0.272727 0.941176 0.287878
0 0.835294 0.289770 0.850000 0.301134
0 0.897386 0.289770 0.912092 0.301134
0 0.410176 0.303032 0.941176 0.318182
0 0.800000 0.318182 0.941176 0.333332
0 0.400000 0.335225 0.414706 0.346588
0 0.529412 0.335225 0.544118 0.346588
0 0.705882 0.335225 0.720588 0.346588
0 0.105882 0.350379 0.120588 0.361742
0 0.253595 0.348486 0.941176 0.363636
0 0.329412 0.393941 0.941176 0.409091
0 0.105882 0.409091 0.941176 0.424241
0 0.105882 0.424241 0.941176 0.439391
0 0.835294 0.441288 0.850000 0.452652
0 0.897386 0.441288 0.912092 0.452652
0 0.835294 0.456438 0.850000 0.467802
0 0.897386 0.456438 0.912092 0.467802
0 0.835294 0.484850 0.917647 0.500000
0 0.835294 0.516412 0.850000 0.527775
0 0.897386 0.516412 0.912092 0.527775
0 0.835294 0.530304 0.917647 0.545455
0 0.835294 0.547347 0.850000 0.558711
0 0.897386 0.547347 0.912092 0.558711
0 0.788832 0.560605 0.941176 0.575755
0 0.105882 0.575759 0.941176 0.590909
0 0.105882 0.590909 0.941176 0.606059
0 0.129412 0.666668 0.447059 0.681822
0 0.811765 0.666668 0.941176 0.681821
