0 0.058824 0.148990 0.505882 0.166668
0 0.058824 0.188764 0.505882 0.212122
0 0.058824 0.232324 0.282353 0.257577
0 0.282353 0.232324 0.505882 0.257577
0 0.058824 0.270203 0.282353 0.303032
0 0.282353 0.270203 0.505882 0.303032
0 0.058824 0.323234 0.282353 0.348486
0 0.282353 0.323234 0.505882 0.348486
0 0.505882 0.148990 0.941176 0.166668
0 0.505882 0.186870 0.941176 0.212122
0 0.505882 0.232324 0.729412 0.257577
0 0.729412 0.232324 0.941176 0.257577
0 0.505882 0.270203 0.729412 0.303032
0 0.729412 0.270203 0.941176 0.303032
0 0.505882 0.315658 0.729412 0.348486
0 0.729412 0.323234 0.941176 0.348486
0 0.588235 0.363636 0.941176 0.378790
0 0.058824 0.378790 0.941176 0.393941
0 0.341176 0.578918 0.355882 0.590282
0 0.447059 0.578914 0.461765 0.590278
0 0.741176 0.575759 0.835294 0.590909
0 0.858823 0.575763 0.929412 0.590913
0 0.717647 0.636367 0.941176 0.651518
0 0.105882 0.651518 0.941176 0.666668
0 0.105882 0.666672 0.941176 0.681822
0 0.764706 0.681818 0.941176 0.696968
0 0.376471 0.700127 0.391176 0.711491
0 0.458824 0.700127 0.473529 0.711491
0 0.552941 0.700127 0.567647 0.711491
0 0.705882 0.700127 0.720588 0.711491
0 0.847059 0.696972 0.941176 0.712122
0 0.525472 0.772731 0.666975 0.787881
0 0.764706 0.787878 0.941176 0.803028
0 0.105882 0.803032 0.941176 0.818186
0 0.423529 0.818186 0.941176 0.833336
0 0.105882 0.833336 0.941176 0.848486
0 0.105882 0.848486 0.941176 0.863636
