0 0.623529 0.075758 0.752941 0.090908
0 0.105882 0.109214 0.118954 0.119314
0 0.235294 0.109214 0.248366 0.119314
0 0.317647 0.109214 0.330719 0.119314
0 0.482353 0.109214 0.495425 0.119314
0 0.600000 0.106058 0.941176 0.121208
0 0.541176 0.151512 0.941176 0.166662
0 0.105882 0.166666 0.941176 0.181816
0 0.214706 0.196966 0.411765 0.212117
0 0.105882 0.227270 0.941176 0.242421
0 0.105882 0.242421 0.941176 0.257571
0 0.282353 0.257574 0.941176 0.272725
0 0.105882 0.272725 0.941176 0.287875
0 0.105882 0.287875 0.941176 0.303025
0 0.447059 0.321334 0.460131 0.331435
0 0.611765 0.321334 0.624837 0.331435
0 0.317647 0.333329 0.941176 0.348479
0 0.400000 0.348483 0.517647 0.363633
0 0.611765 0.351638 0.624837 0.361739
0 0.670588 0.351638 0.683660 0.361739
0 0.741176 0.351638 0.754248 0.361739
0 0.835294 0.351638 0.848366 0.361739
0 0.105882 0.366788 0.118954 0.376889
0 0.223529 0.363633 0.941176 0.378783
0 0.282353 0.378783 0.941176 0.393933
0 0.105882 0.393937 0.941176 0.409087
0 0.282353 0.409087 0.505882 0.424237
0 0.282353 0.424237 0.941176 0.439387
0 0.282353 0.439391 0.941176 0.454541
0 0.105882 0.454541 0.941176 0.469691
0 0.105882 0.469691 0.941176 0.484841
0 0.435294 0.488000 0.448366 0.498101
0 0.541176 0.488000 0.554248 0.498101
0 0.152941 0.499995 0.941176 0.515145
0 0.105882 0.515145 0.941176 0.530295
0 0.105882 0.530299 0.941176 0.545449
0 0.823529 0.548604 0.836601 0.558705
0 0.894118 0.548604 0.907190 0.558705
0 0.352941 0.560599 0.941176 0.575749
0 0.482353 0.575753 0.941176 0.590903
0 0.105882 0.590903 0.941176 0.606053
0 0.105882 0.606053 0.941176 0.621203
0 0.823529 0.624362 0.836601 0.634463
0 0.894118 0.624362 0.907190 0.634463
0 0.517647 0.651507 0.941176 0.666657
0 0.105882 0.666661 0.941176 0.681811
0 0.105882 0.681811 0.941176 0.696961
0 0.823529 0.700117 0.836601 0.710218
0 0.894118 0.700117 0.907190 0.710218
0 0.383660 0.712115 0.941176 0.727265
0 0.105882 0.727265 0.941176 0.742416
0 0.105882 0.742416 0.941176 0.757566
0 0.529412 0.772719 0.941176 0.787870
0 0.105882 0.787870 0.941176 0.803020
0 0.352941 0.803023 0.941176 0.818174
0 0.341176 0.821329 0.354248 0.831430
0 0.447059 0.821329 0.460131 0.831430
0 0.529412 0.821329 0.542484 0.831430
0 0.611765 0.821329 0.624837 0.831430
0 0.105882 0.836479 0.118954 0.846580
0 0.223529 0.833324 0.941176 0.848474
0 0.541176 0.848478 0.941176 0.863628
0 0.411765 0.863628 0.941176 0.878778
0 0.341176 0.878778 0.941176 0.893928
