0 0.058824 0.497471 0.505310 0.515149
0 0.058824 0.542923 0.505310 0.560599
0 0.058824 0.573225 0.505310 0.590903
0 0.058824 0.603529 0.294118 0.621207
0 0.295752 0.603529 0.504657 0.621207
0 0.058824 0.633833 0.294118 0.651511
0 0.294118 0.633833 0.505882 0.651511
0 0.507516 0.497471 0.941176 0.515149
0 0.507516 0.542923 0.941176 0.560599
0 0.505882 0.573225 0.741176 0.590903
0 0.741176 0.573225 0.940523 0.590903
0 0.505882 0.603529 0.741176 0.621207
0 0.741176 0.604145 0.940523 0.621207
0 0.505882 0.633833 0.741176 0.651511
0 0.058824 0.681811 0.941176 0.696961
0 0.058824 0.696961 0.941176 0.712111
0 0.317647 0.729789 0.330719 0.739890
0 0.447059 0.729789 0.460131 0.739890
0 0.364706 0.742416 0.517647 0.757569
0 0.623529 0.742416 0.776471 0.756292
0 0.105882 0.806179 0.118954 0.816280
0 0.494118 0.806179 0.507190 0.816280
0 0.105882 0.821329 0.118954 0.831430
0 0.494118 0.821329 0.507190 0.831430
0 0.105882 0.836479 0.118954 0.846580
0 0.223529 0.833324 0.941176 0.848474
0 0.105882 0.848478 0.941176 0.863628
