0 0.823529 0.078913 0.836601 0.089014
0 0.894118 0.078913 0.907190 0.089014
0 0.211765 0.090908 0.941176 0.106058
0 0.105882 0.106058 0.941176 0.121208
0 0.823529 0.124367 0.836601 0.134468
0 0.894118 0.124367 0.907190 0.134468
0 0.211765 0.136362 0.941176 0.151512
0 0.105882 0.151512 0.941176 0.166662
0 0.435294 0.169822 0.448366 0.179922
0 0.517647 0.169822 0.530719 0.179922
0 0.611765 0.169822 0.624837 0.179922
0 0.729412 0.166666 0.941830 0.181816
0 0.435294 0.184972 0.448366 0.195073
0 0.517647 0.184972 0.530719 0.195073
0 0.611765 0.184972 0.624837 0.195073
0 0.729412 0.181816 0.941830 0.196966
0 0.823529 0.215276 0.836601 0.225377
0 0.894118 0.215276 0.907190 0.225377
0 0.352941 0.230426 0.366013 0.240527
0 0.517647 0.230426 0.530719 0.240527
0 0.717647 0.230426 0.730719 0.240527
0 0.105882 0.245576 0.118954 0.255677
0 0.352941 0.245576 0.366013 0.255677
0 0.517647 0.245576 0.530719 0.255677
0 0.717647 0.245576 0.730719 0.255677
0 0.105882 0.260730 0.118954 0.270831
0 0.223529 0.257574 0.941176 0.272725
0 0.823529 0.275880 0.836601 0.285981
0 0.894118 0.275880 0.907190 0.285981
0 0.203070 0.287875 0.941176 0.303025
0 0.105882 0.303028 0.941176 0.318179
0 0.823529 0.321334 0.836601 0.331435
0 0.894118 0.321334 0.907190 0.331435
0 0.823529 0.336484 0.836601 0.346585
0 0.894118 0.336484 0.907190 0.346585
0 0.823529 0.351638 0.836601 0.361739
0 0.894118 0.351638 0.907190 0.361739
0 0.411765 0.363633 0.941176 0.378783
0 0.105882 0.378783 0.941176 0.393933
0 0.823529 0.412242 0.836601 0.422343
0 0.894118 0.412242 0.907190 0.422343
0 0.588235 0.424237 0.941176 0.439387
0 0.823529 0.442546 0.836601 0.452647
0 0.894118 0.442546 0.907190 0.452647
0 0.494118 0.454541 0.941176 0.469691
0 0.482353 0.472846 0.495425 0.482947
0 0.635294 0.472846 0.648366 0.482947
0 0.823529 0.472846 0.836601 0.482947
0 0.105882 0.488000 0.118954 0.498101
0 0.223529 0.484845 0.941176 0.499995
0 0.823529 0.503150 0.836601 0.513251
0 0.894118 0.503150 0.907190 0.513251
0 0.352941 0.518300 0.366013 0.528401
0 0.482353 0.518300 0.495425 0.528401
0 0.576471 0.518300 0.589542 0.528401
0 0.717647 0.518300 0.730719 0.528401
0 0.105882 0.533454 0.118954 0.543555
0 0.223529 0.530299 0.941176 0.545449
0 0.388235 0.548604 0.401307 0.558705
0 0.482353 0.548604 0.495425 0.558705
0 0.105882 0.563754 0.118954 0.573855
0 0.223529 0.560599 0.941176 0.575749
0 0.823529 0.578908 0.836601 0.589009
0 0.894118 0.578908 0.907190 0.589009
0 0.388235 0.594058 0.401307 0.604159
0 0.635294 0.594058 0.648366 0.604159
0 0.105882 0.609208 0.118954 0.619309
0 0.247059 0.609208 0.260131 0.619309
0 0.388235 0.609208 0.401307 0.619309
0 0.105882 0.624362 0.118954 0.634463
0 0.223529 0.621207 0.941176 0.636357
0 0.823529 0.669816 0.836601 0.679917
0 0.894118 0.669816 0.907190 0.679917
0 0.435294 0.681811 0.941176 0.696961
0 0.105882 0.696961 0.941176 0.712111
0 0.823529 0.715271 0.836601 0.725371
0 0.894118 0.715271 0.907190 0.725371
0 0.305882 0.727265 0.941176 0.742416
0 0.823529 0.745571 0.836601 0.755672
0 0.894118 0.745571 0.907190 0.755672
0 0.388235 0.757569 0.941176 0.772719
0 0.105882 0.772719 0.941176 0.787870
0 0.823529 0.791025 0.836601 0.801126
0 0.894118 0.791025 0.907190 0.801126
0 0.211765 0.803023 0.941176 0.818174
0 0.105882 0.818174 0.941176 0.833324
0 0.823529 0.836479 0.836601 0.846580
0 0.894118 0.836479 0.907190 0.846580
0 0.388235 0.851633 0.401307 0.861734
0 0.482353 0.851633 0.495425 0.861734
0 0.105882 0.866783 0.118954 0.876884
0 0.223529 0.863628 0.941176 0.878778
