0 0.188235 0.090909 0.941176 0.106059
0 0.200000 0.106059 0.941176 0.121210
0 0.188235 0.121213 0.941176 0.136364
0 0.521260 0.138888 0.535966 0.150251
0 0.569940 0.138888 0.584645 0.150251
0 0.505882 0.151514 0.941176 0.166664
0 0.105882 0.166668 0.941176 0.181818
0 0.658824 0.181818 0.941176 0.196968
0 0.105882 0.196968 0.941176 0.212119
0 0.200000 0.227273 0.941176 0.242423
0 0.188235 0.242423 0.941176 0.257573
0 0.376471 0.260101 0.391176 0.271465
0 0.488235 0.260101 0.502941 0.271465
0 0.617647 0.260101 0.632353 0.271465
0 0.105882 0.275251 0.120588 0.286615
0 0.352941 0.275251 0.367647 0.286615
0 0.517647 0.275251 0.532353 0.286615
0 0.658824 0.272727 0.941176 0.287878
0 0.192810 0.303032 0.285039 0.318182
0 0.835294 0.320706 0.850000 0.332069
0 0.894118 0.320706 0.908824 0.332069
0 0.446549 0.333332 0.940667 0.348482
0 0.364708 0.348486 0.941178 0.363636
0 0.105882 0.363636 0.941176 0.378787
0 0.541176 0.381311 0.555882 0.392674
0 0.682353 0.381311 0.697059 0.392674
0 0.693574 0.396465 0.708279 0.407828
0 0.762091 0.396465 0.776797 0.407828
0 0.329412 0.409091 0.941176 0.424241
0 0.105882 0.424241 0.941176 0.439395
0 0.835294 0.441288 0.850000 0.452652
0 0.894118 0.441288 0.908824 0.452652
0 0.623529 0.469696 0.941176 0.484846
0 0.105882 0.484850 0.941176 0.500000
0 0.105882 0.500000 0.941176 0.515150
0 0.835294 0.517043 0.850000 0.528407
0 0.894118 0.517043 0.908824 0.528407
0 0.400000 0.530304 0.941176 0.545455
0 0.105882 0.545455 0.941176 0.560609
0 0.105882 0.594063 0.120588 0.605427
0 0.317647 0.594064 0.332353 0.605428
0 0.607841 0.594064 0.622547 0.605428
0 0.823529 0.594064 0.838235 0.605428
0 0.105882 0.609215 0.120588 0.620578
0 0.317647 0.609217 0.332353 0.620581
0 0.607841 0.609217 0.622547 0.620581
0 0.105882 0.624369 0.120588 0.635732
0 0.258824 0.621213 0.941176 0.636367
0 0.835294 0.638888 0.850000 0.650251
0 0.894118 0.638888 0.908824 0.650251
0 0.329412 0.651514 0.941176 0.666664
0 0.835294 0.669192 0.850000 0.680556
0 0.894118 0.669192 0.908824 0.680556
0 0.835294 0.684342 0.850000 0.695706
0 0.894118 0.684342 0.908824 0.695706
0 0.105882 0.727273 0.941176 0.742423
0 0.835294 0.744316 0.850000 0.755679
0 0.894118 0.744316 0.908824 0.755679
0 0.447059 0.772727 0.941176 0.787874
0 0.105882 0.803032 0.941176 0.818186
0 0.105882 0.833336 0.941176 0.848486
0 0.658824 0.863636 0.941176 0.878787
0 0.105882 0.878787 0.941176 0.893937
0 0.282353 0.924241 0.941176 0.939395
