0 0.737691 0.075759 0.929412 0.090909
0 0.105882 0.107952 0.120588 0.119316
0 0.200000 0.107952 0.214706 0.119316
0 0.305882 0.107952 0.320588 0.119316
0 0.482353 0.107952 0.497059 0.119316
0 0.626797 0.106059 0.941176 0.121210
0 0.692484 0.166668 0.941176 0.181818
0 0.105882 0.181818 0.941176 0.196968
0 0.105882 0.196968 0.941176 0.212119
0 0.670588 0.227273 0.811765 0.242423
0 0.729412 0.257577 0.941176 0.272727
0 0.105882 0.272727 0.941176 0.287878
0 0.105882 0.287878 0.941176 0.303028
0 0.420624 0.303032 0.941176 0.318182
0 0.105882 0.318182 0.941176 0.333332
0 0.105882 0.333332 0.941176 0.348482
0 0.105882 0.380679 0.120588 0.392043
0 0.294118 0.380679 0.308824 0.392043
0 0.391830 0.393941 0.941176 0.409091
0 0.501350 0.409091 0.941176 0.424241
0 0.235294 0.426134 0.250000 0.437497
0 0.317647 0.426134 0.332353 0.437497
0 0.400000 0.426134 0.414706 0.437497
0 0.517647 0.426134 0.532353 0.437497
0 0.235294 0.441288 0.250000 0.452652
0 0.383007 0.439395 0.941176 0.454545
0 0.373856 0.454545 0.941176 0.469696
0 0.105882 0.469696 0.941176 0.484846
0 0.105882 0.484850 0.941176 0.500000
0 0.318301 0.500000 0.529412 0.515150
0 0.330020 0.515150 0.941176 0.530300
0 0.378758 0.530304 0.941176 0.545455
0 0.105882 0.545455 0.941176 0.560605
0 0.105882 0.560605 0.941176 0.575755
0 0.494118 0.577652 0.508824 0.589015
0 0.611765 0.577652 0.626471 0.589015
0 0.172876 0.590909 0.941176 0.606059
0 0.105882 0.606059 0.941176 0.621210
0 0.105882 0.621213 0.941176 0.636364
0 0.835294 0.653091 0.850000 0.664455
0 0.897386 0.653091 0.912092 0.664455
0 0.461843 0.666668 0.941176 0.681818
0 0.587871 0.681818 0.941176 0.696968
0 0.105882 0.696968 0.941176 0.712119
0 0.105882 0.712122 0.941176 0.727273
0 0.835294 0.729165 0.850000 0.740529
0 0.897386 0.729165 0.912092 0.740529
0 0.603351 0.757577 0.941176 0.772727
0 0.105882 0.772727 0.941176 0.787878
0 0.105882 0.787878 0.941176 0.803028
0 0.835294 0.804924 0.850000 0.816288
0 0.897386 0.804924 0.912092 0.816288
0 0.499023 0.818182 0.941176 0.833332
0 0.105882 0.833332 0.941176 0.848482
0 0.105882 0.848486 0.941176 0.863636
