0 0.357091 0.075758 0.941127 0.090908
0 0.105877 0.090908 0.941127 0.106058
0 0.105877 0.106058 0.941127 0.121208
0 0.270574 0.151512 0.647025 0.166662
0 0.105877 0.166666 0.647025 0.181816
0 0.105877 0.181816 0.647025 0.196966
0 0.105877 0.196966 0.647025 0.212117
0 0.658789 0.227272 0.799958 0.242424
0 0.799958 0.227272 0.941127 0.242424
0 0.658789 0.257572 0.799958 0.272725
0 0.423507 0.287875 0.505856 0.303025
0 0.658789 0.287876 0.799958 0.303028
0 0.658789 0.318180 0.799958 0.333333
0 0.799958 0.318180 0.941127 0.333333
0 0.658789 0.348480 0.799958 0.363633
0 0.799958 0.348480 0.941127 0.363633
0 0.658789 0.378784 0.799958 0.393937
0 0.799958 0.378784 0.941127 0.393937
0 0.799958 0.409088 0.941127 0.424241
0 0.658789 0.439388 0.799958 0.454541
0 0.799958 0.439388 0.941127 0.454541
0 0.799958 0.469692 0.941127 0.484845
0 0.658789 0.499996 0.799958 0.515149
0 0.799958 0.530296 0.941127 0.545449
0 0.658789 0.560600 0.799958 0.575753
0 0.799958 0.590904 0.941127 0.606057
0 0.658789 0.621205 0.799958 0.636357
0 0.799958 0.666660 0.941127 0.681811
0 0.658789 0.712114 0.799958 0.727265
0 0.799958 0.742417 0.941127 0.757569
0 0.658789 0.772721 0.799958 0.787873
0 0.799958 0.772721 0.941127 0.787873
0 0.799958 0.803021 0.941127 0.818174
0 0.799958 0.851002 0.813029 0.861102
0 0.882307 0.851002 0.895378 0.861102
0 0.799958 0.866152 0.813029 0.876253
0 0.882307 0.866152 0.895378 0.876253
0 0.788194 0.878778 0.941127 0.893928
