0 0.435271 0.085858 0.588190 0.101008
0 0.623497 0.085858 0.658789 0.101008
0 0.058820 0.118684 0.741138 0.151512
0 0.741138 0.118684 0.941127 0.151512
0 0.058820 0.181816 0.941127 0.196966
0 0.058820 0.212120 0.941127 0.227270
0 0.058820 0.242421 0.788194 0.272725
0 0.788194 0.239897 0.941127 0.272725
0 0.788194 0.272725 0.941127 0.287875
0 0.788194 0.287875 0.941127 0.303025
0 0.788194 0.303028 0.941127 0.318179
0 0.788194 0.318179 0.941127 0.333329
0 0.105877 0.348483 0.776430 0.363633
0 0.105877 0.363633 0.776430 0.378783
0 0.788194 0.378783 0.941127 0.424237
0 0.788194 0.424237 0.941127 0.469691
0 0.788194 0.469691 0.941127 0.515145
0 0.529384 0.545449 0.635261 0.560599
0 0.635261 0.545449 0.788194 0.560599
0 0.788194 0.545449 0.941127 0.560599
0 0.529384 0.560599 0.635261 0.575749
0 0.635261 0.560599 0.788194 0.575749
0 0.788194 0.560599 0.941127 0.575749
0 0.294102 0.575753 0.411475 0.590903
0 0.105877 0.590903 0.411475 0.606053
0 0.529384 0.590904 0.635261 0.606057
0 0.635261 0.590904 0.788194 0.606057
0 0.788194 0.590904 0.941127 0.606057
0 0.447035 0.606053 0.529384 0.621203
0 0.529384 0.606053 0.635261 0.621203
0 0.635261 0.606053 0.788194 0.621203
0 0.788194 0.606053 0.941127 0.621203
0 0.447035 0.621207 0.529384 0.636357
0 0.529384 0.621207 0.635261 0.636357
0 0.635261 0.621207 0.788194 0.636357
0 0.788194 0.621207 0.941127 0.636357
0 0.447035 0.636357 0.529384 0.651507
0 0.529384 0.636357 0.635261 0.651507
0 0.635261 0.636357 0.788194 0.651507
0 0.788194 0.636357 0.941127 0.651507
0 0.447035 0.651507 0.529384 0.666657
0 0.529384 0.651507 0.635261 0.666657
0 0.635261 0.651507 0.788194 0.666657
0 0.788194 0.651507 0.941127 0.666657
0 0.447035 0.666661 0.529384 0.681811
0 0.529384 0.666661 0.635261 0.681811
0 0.635261 0.666661 0.788194 0.681811
0 0.788194 0.666661 0.941127 0.681811
0 0.447035 0.681811 0.529384 0.696961
0 0.529384 0.681811 0.635261 0.696961
0 0.635261 0.681811 0.788194 0.696961
0 0.788194 0.681811 0.941127 0.696961
0 0.447035 0.696961 0.529384 0.712111
0 0.529384 0.696961 0.635261 0.712111
0 0.635261 0.696961 0.788194 0.712111
0 0.788194 0.696961 0.941127 0.712111
0 0.447035 0.712115 0.529384 0.727265
0 0.529384 0.712115 0.635261 0.727265
0 0.635261 0.712115 0.788194 0.727265
0 0.788194 0.712115 0.941127 0.727265
0 0.447035 0.727265 0.529384 0.742416
0 0.529384 0.727265 0.635261 0.742416
0 0.635261 0.727265 0.788194 0.742416
0 0.788194 0.727265 0.941127 0.742416
0 0.447035 0.742416 0.529384 0.757566
0 0.529384 0.742416 0.635261 0.757566
0 0.635261 0.742416 0.788194 0.757566
0 0.788194 0.742416 0.941127 0.757566
0 0.105877 0.772719 0.411743 0.787870
0 0.447035 0.772721 0.529384 0.787873
0 0.529384 0.772721 0.635261 0.787873
0 0.635261 0.772721 0.788194 0.787873
0 0.788194 0.772721 0.941127 0.787873
0 0.105877 0.787870 0.411743 0.803020
0 0.447035 0.787870 0.529384 0.803020
0 0.529384 0.787870 0.635261 0.803020
0 0.635261 0.787870 0.788194 0.803020
0 0.788194 0.787870 0.941127 0.803020
0 0.105877 0.803023 0.411743 0.818174
0 0.447035 0.803023 0.529384 0.818174
0 0.529384 0.803023 0.635261 0.818174
0 0.635261 0.803023 0.788194 0.818174
0 0.788194 0.803023 0.941127 0.818174
0 0.105877 0.818174 0.411743 0.833324
0 0.447035 0.818174 0.529384 0.833324
0 0.529384 0.818174 0.635261 0.833324
0 0.635261 0.818174 0.788194 0.833324
0 0.788194 0.818174 0.941127 0.833324
0 0.105877 0.833324 0.411743 0.848474
0 0.447035 0.833324 0.529384 0.848474
0 0.529384 0.833324 0.635261 0.848474
0 0.635261 0.833324 0.788194 0.848474
0 0.788194 0.833324 0.941127 0.848474
0 0.105877 0.848478 0.411743 0.863628
0 0.447035 0.848478 0.529384 0.863628
0 0.529384 0.848478 0.635261 0.863628
0 0.635261 0.848478 0.788194 0.863628
0 0.788194 0.848478 0.941127 0.863628
0 0.447035 0.863628 0.529384 0.878778
0 0.529384 0.863628 0.635261 0.878778
0 0.635261 0.863628 0.788194 0.878778
0 0.788194 0.863628 0.941127 0.878778
0 0.788194 0.878778 0.941127 0.893928
