0 0.082349 0.121212 0.411743 0.151516
0 0.411743 0.121212 0.647025 0.151516
0 0.647025 0.136363 0.788194 0.151516
0 0.788194 0.136363 0.941127 0.151516
0 0.058820 0.151516 0.411743 0.181820
0 0.411743 0.151516 0.647025 0.181820
0 0.647025 0.166668 0.788194 0.181820
0 0.788194 0.166668 0.941127 0.181820
0 0.058820 0.181820 0.411743 0.212124
0 0.411743 0.181820 0.647025 0.212124
0 0.647025 0.196971 0.788194 0.212124
0 0.788194 0.196971 0.941127 0.212124
0 0.058820 0.212124 0.411743 0.242428
0 0.411743 0.212124 0.647025 0.242428
0 0.647025 0.227275 0.788194 0.242428
0 0.788194 0.227275 0.941127 0.242428
0 0.058820 0.242428 0.411743 0.272732
0 0.411743 0.242428 0.647025 0.272732
0 0.647025 0.257579 0.788194 0.272732
0 0.788194 0.257579 0.941127 0.272732
0 0.058820 0.272732 0.411743 0.303036
0 0.411743 0.272732 0.647025 0.303036
0 0.647025 0.287883 0.788194 0.303036
0 0.788194 0.287883 0.941127 0.303036
0 0.058820 0.303036 0.411743 0.333340
0 0.411743 0.303036 0.647025 0.333340
0 0.647025 0.318187 0.788194 0.333340
0 0.788194 0.318187 0.941127 0.333340
0 0.647025 0.348480 0.788194 0.363633
0 0.788194 0.348480 0.941127 0.363633
0 0.647025 0.378784 0.788194 0.393937
0 0.788194 0.378784 0.941127 0.393937
0 0.788194 0.409088 0.941127 0.424241
0 0.788194 0.439388 0.941127 0.454541
0 0.352923 0.515146 0.517620 0.530296
0 0.105877 0.530300 0.517620 0.545450
0 0.105877 0.545450 0.517620 0.560600
0 0.529384 0.575752 0.635261 0.590904
0 0.635261 0.575752 0.788194 0.590904
0 0.788194 0.575752 0.941127 0.590904
0 0.529384 0.606056 0.635261 0.621208
0 0.635261 0.606056 0.788194 0.621208
0 0.788194 0.606056 0.941127 0.621208
0 0.529384 0.636360 0.635261 0.651512
0 0.635261 0.636360 0.788194 0.651512
0 0.788194 0.636360 0.941127 0.651512
0 0.529384 0.666664 0.635261 0.681816
0 0.635261 0.666664 0.788194 0.681816
0 0.788194 0.666664 0.941127 0.681816
0 0.529384 0.712119 0.635261 0.727270
0 0.635261 0.712119 0.788194 0.727270
0 0.788194 0.712119 0.941127 0.727270
0 0.058820 0.742416 0.941127 0.757566
0 0.058820 0.757569 0.941127 0.787873
0 0.058820 0.787870 0.941127 0.818174
0 0.058820 0.818174 0.941127 0.848478
0 0.058820 0.848478 0.941127 0.878782
0 0.058820 0.878778 0.941127 0.909082
0 0.058820 0.909082 0.941127 0.939386
