0 0.201642 0.074497 0.941213 0.106064
0 0.835327 0.108588 0.848399 0.118689
0 0.835327 0.123742 0.848399 0.133844
0 0.201642 0.166675 0.941213 0.303040
0 0.201642 0.318195 0.941213 0.363651
0 0.205237 0.366175 0.218309 0.376277
0 0.206572 0.411632 0.219644 0.421733
0 0.206572 0.441937 0.219644 0.452038
0 0.206572 0.472239 0.219644 0.482340
0 0.477143 0.411632 0.490215 0.421733
0 0.477143 0.441937 0.490215 0.452038
0 0.588258 0.469715 0.741206 0.484866
0 0.835342 0.548001 0.848414 0.558102
0 0.835342 0.563152 0.848414 0.573253
0 0.201642 0.590937 0.941213 0.712151
0 0.477141 0.728564 0.490214 0.738665
