0 0.205237 0.123742 0.218309 0.133844
0 0.435311 0.136369 0.482372 0.151520
0 0.564728 0.136369 0.741206 0.151520
0 0.858857 0.136369 0.941213 0.151520
0 0.205237 0.154044 0.218309 0.164146
0 0.435311 0.166675 0.482372 0.181826
0 0.564728 0.166675 0.741206 0.181826
0 0.858857 0.166675 0.941213 0.181826
0 0.205237 0.199501 0.218309 0.209602
0 0.564728 0.196976 0.741206 0.212127
0 0.858857 0.196976 0.941213 0.212127
0 0.205237 0.229806 0.218309 0.239907
0 0.564728 0.227282 0.741206 0.242433
0 0.858857 0.227282 0.941213 0.242433
0 0.205237 0.260112 0.218309 0.270213
0 0.564728 0.257587 0.741206 0.272738
0 0.858857 0.257587 0.941213 0.272738
0 0.205237 0.290413 0.218309 0.300515
0 0.435311 0.303044 0.482372 0.318195
0 0.564728 0.303044 0.741206 0.318195
0 0.858857 0.303044 0.941213 0.318195
0 0.205237 0.335870 0.218309 0.345971
0 0.564728 0.333346 0.941213 0.348500
0 0.205237 0.366175 0.218309 0.376277
0 0.248374 0.708364 0.361125 0.723515
