0 0.094121 0.117760 0.941213 0.135439
0 0.094121 0.148996 0.941213 0.166675
0 0.106096 0.183913 0.119168 0.194014
0 0.282573 0.183913 0.295646 0.194014
0 0.400225 0.183913 0.413297 0.194014
0 0.517877 0.183913 0.530949 0.194014
0 0.623554 0.184174 0.636626 0.194276
0 0.107728 0.214218 0.120800 0.224320
0 0.768002 0.211694 0.826833 0.227282
0 0.107728 0.244520 0.120800 0.254621
0 0.270808 0.241996 0.835536 0.257147
0 0.094121 0.270210 0.635319 0.287889
0 0.094121 0.300516 0.635319 0.318195
0 0.635319 0.270214 0.941213 0.318195
0 0.706064 0.378806 0.753124 0.409111
0 0.776655 0.378806 0.941367 0.409111
0 0.171567 0.469718 0.941213 0.500020
