0 0.250327 0.060608 0.455556 0.075758
0 0.062092 0.090912 0.539543 0.106062
0 0.062092 0.121212 0.539543 0.196970
0 0.062092 0.212120 0.539543 0.227270
0 0.062092 0.242424 0.280719 0.257574
0 0.283987 0.242424 0.504248 0.257574
0 0.507516 0.242424 0.539543 0.257574
0 0.062092 0.260100 0.539543 0.333333
0 0.544444 0.090912 0.737909 0.106062
0 0.744444 0.090912 0.937908 0.106062
0 0.542810 0.121212 0.739542 0.136362
0 0.742810 0.121212 0.937908 0.136362
0 0.542810 0.151516 0.739542 0.166666
0 0.742810 0.151516 0.937908 0.166666
0 0.542810 0.181820 0.739542 0.196970
0 0.742810 0.181820 0.937908 0.196970
0 0.542810 0.212120 0.739542 0.227270
0 0.742810 0.212120 0.937908 0.227270
0 0.542810 0.242424 0.739542 0.257574
0 0.756209 0.242424 0.798366 0.257574
0 0.801634 0.242424 0.937908 0.257574
0 0.756209 0.272728 0.798366 0.287878
0 0.801634 0.272728 0.937908 0.287878
0 0.756209 0.303028 0.798366 0.318179
0 0.801634 0.303028 0.937908 0.318179
0 0.756209 0.333329 0.798366 0.348479
0 0.801634 0.333329 0.937908 0.348479
0 0.569608 0.273105 0.585948 0.285731
0 0.628431 0.273105 0.644771 0.285731
0 0.687255 0.273105 0.703595 0.285731
0 0.542810 0.303028 0.739542 0.348483
