0 0.216472 0.053032 0.232812 0.065658
0 0.250327 0.060605 0.455556 0.075755
0 0.062092 0.090909 0.539543 0.106059
0 0.062092 0.121213 0.539543 0.196972
0 0.062092 0.212122 0.539543 0.227273
0 0.062092 0.242423 0.280719 0.257573
0 0.283987 0.242423 0.504248 0.257573
0 0.507516 0.242423 0.539543 0.257573
0 0.062092 0.260102 0.539543 0.333336
0 0.544444 0.090909 0.737909 0.106059
0 0.744444 0.090909 0.937908 0.106059
0 0.542810 0.121213 0.739542 0.136364
0 0.742810 0.121213 0.937908 0.136364
0 0.542810 0.151514 0.739542 0.166664
0 0.742810 0.151514 0.937908 0.166664
0 0.542810 0.181818 0.739542 0.196968
0 0.742810 0.181818 0.937908 0.196968
0 0.542810 0.212122 0.739542 0.227273
0 0.742810 0.212122 0.937908 0.227273
0 0.542810 0.242423 0.739542 0.257573
0 0.756209 0.242423 0.798366 0.257573
0 0.801634 0.242423 0.937908 0.257573
0 0.756209 0.272727 0.798366 0.287878
0 0.801634 0.272727 0.937908 0.287878
0 0.756209 0.303032 0.798366 0.318182
0 0.801634 0.303032 0.937908 0.318182
0 0.756209 0.333332 0.798366 0.348482
0 0.801634 0.333332 0.937908 0.348482
0 0.569608 0.273107 0.585948 0.285734
0 0.628431 0.273107 0.644771 0.285734
0 0.687255 0.273107 0.703595 0.285734
0 0.542810 0.303032 0.739542 0.348486
