0 0.217149 0.053031 0.233489 0.065657
0 0.250327 0.060604 0.455556 0.075754
0 0.062092 0.090908 0.539543 0.106058
0 0.062092 0.121212 0.539543 0.196970
0 0.062092 0.212120 0.539543 0.227270
0 0.062092 0.242421 0.280719 0.257571
0 0.283987 0.242421 0.504248 0.257571
0 0.507516 0.242421 0.539543 0.257571
0 0.062092 0.257574 0.539543 0.333333
0 0.542810 0.090908 0.739542 0.106058
0 0.742810 0.090908 0.937908 0.106058
0 0.542810 0.121212 0.739542 0.136362
0 0.742810 0.121212 0.937908 0.136362
0 0.542810 0.151512 0.739542 0.166662
0 0.742810 0.151512 0.937908 0.166662
0 0.542810 0.181816 0.739542 0.196966
0 0.742810 0.181816 0.937908 0.196966
0 0.542810 0.212120 0.739542 0.227270
0 0.742810 0.212120 0.937908 0.227270
0 0.542810 0.242421 0.739542 0.257571
0 0.752941 0.242421 0.800000 0.257571
0 0.801634 0.242421 0.937908 0.257571
0 0.752941 0.272725 0.800000 0.287875
0 0.801634 0.272725 0.937908 0.287875
0 0.752941 0.303028 0.800000 0.318179
0 0.801634 0.303028 0.937908 0.318179
0 0.752941 0.333329 0.800000 0.348479
0 0.801634 0.333329 0.937908 0.348479
0 0.569608 0.273105 0.585948 0.285731
0 0.628431 0.273105 0.644771 0.285731
0 0.687255 0.273105 0.703595 0.285731
0 0.542810 0.303028 0.739542 0.348483
