0 0.235303 0.075762 0.254910 0.088387
0 0.258834 0.075762 0.278441 0.088387
0 0.282364 0.075762 0.301971 0.088387
0 0.305894 0.075762 0.325501 0.088387
0 0.060460 0.118692 0.598798 0.181826
0 0.601658 0.118692 0.939988 0.136369
0 0.601658 0.164148 0.939988 0.181826
0 0.601658 0.209604 0.939988 0.227282
0 0.240514 0.213392 0.255221 0.224757
0 0.173536 0.258849 0.188243 0.270213
0 0.240859 0.258849 0.255566 0.270213
0 0.311450 0.258849 0.326157 0.270213
0 0.373544 0.258849 0.388251 0.270213
0 0.464397 0.258849 0.479104 0.270213
0 0.558519 0.258849 0.573225 0.270213
0 0.307528 0.300517 0.516442 0.318195
0 0.519301 0.300517 0.728215 0.318195
0 0.306172 0.409109 0.516626 0.431836
0 0.517852 0.409109 0.728306 0.431836
0 0.729532 0.409109 0.939986 0.431836
0 0.306172 0.446988 0.516626 0.469715
0 0.517852 0.446988 0.728306 0.469715
0 0.729532 0.446988 0.939986 0.469715
0 0.306172 0.484867 0.516626 0.507594
0 0.517852 0.484867 0.728306 0.507594
0 0.729532 0.484867 0.939986 0.507594
0 0.306172 0.522746 0.517852 0.545473
0 0.517852 0.522746 0.729532 0.545473
0 0.729532 0.522746 0.941212 0.545473
0 0.306172 0.560625 0.516626 0.583352
0 0.517852 0.560625 0.728306 0.583352
0 0.729532 0.560625 0.939986 0.583352
0 0.306172 0.598504 0.516626 0.621231
0 0.517852 0.598504 0.728306 0.621231
0 0.729532 0.598504 0.939986 0.621231
0 0.306172 0.636383 0.516626 0.659110
0 0.517852 0.636383 0.728306 0.659110
0 0.729532 0.636383 0.939986 0.659110
0 0.306172 0.674262 0.516626 0.696989
0 0.517852 0.674262 0.728306 0.696989
0 0.729532 0.674262 0.939986 0.696989
0 0.305894 0.696997 0.941213 0.742453
0 0.800031 0.745608 0.814738 0.756973
0 0.870622 0.745608 0.885329 0.756973
0 0.366027 0.787909 0.939988 0.801798
0 0.436945 0.853570 0.704276 0.871249
0 0.060460 0.883875 0.281138 0.901554
0 0.283998 0.883875 0.492911 0.901554
0 0.495771 0.883875 0.704684 0.901554
0 0.707544 0.883875 0.939988 0.901554
