0 0.154581 0.118690 0.445851 0.136369
0 0.448710 0.118690 0.763510 0.136369
0 0.154581 0.148996 0.763510 0.166675
0 0.154581 0.179301 0.763510 0.196980
0 0.766370 0.118690 0.941213 0.136369
0 0.188243 0.199501 0.201315 0.209602
0 0.188243 0.214655 0.201315 0.224757
0 0.188243 0.229490 0.201315 0.239592
0 0.924873 0.434991 0.937945 0.445092
0 0.671922 0.530326 0.776501 0.545477
0 0.671922 0.553054 0.776501 0.568205
0 0.836634 0.590933 0.941213 0.606084
0 0.836634 0.636389 0.941213 0.651540
0 0.836634 0.674268 0.941213 0.689419
0 0.836634 0.696997 0.941213 0.712148
0 0.154581 0.837155 0.634093 0.878822
0 0.636953 0.861146 0.763510 0.878822
0 0.766370 0.861146 0.941213 0.878822
