0 0.154581 0.118690 0.445851 0.136369
0 0.448710 0.118690 0.775276 0.136369
0 0.154581 0.148996 0.941213 0.166675
0 0.154581 0.179301 0.941213 0.196980
0 0.778135 0.118690 0.941213 0.136369
0 0.188243 0.199501 0.201315 0.209602
0 0.188243 0.214655 0.201315 0.224757
0 0.188243 0.229490 0.201315 0.239592
0 0.836634 0.431836 0.941213 0.446987
0 0.836634 0.477292 0.941213 0.492443
0 0.836634 0.500020 0.941213 0.515171
0 0.671922 0.621238 0.776501 0.636389
0 0.671922 0.643967 0.776501 0.659118
0 0.671922 0.666695 0.776501 0.681846
0 0.836634 0.704574 0.941213 0.719725
0 0.836634 0.750030 0.941213 0.765181
0 0.836634 0.803064 0.941213 0.818215
0 0.836634 0.825792 0.941213 0.840943
