0 0.058826 0.118690 0.398790 0.136369
0 0.401650 0.118690 0.751745 0.136369
0 0.754605 0.118690 0.941213 0.136369
0 0.058826 0.148996 0.941213 0.166675
0 0.058826 0.179301 0.941213 0.196980
0 0.788266 0.212129 0.941213 0.227282
0 0.802973 0.242434 0.941213 0.257587
0 0.823562 0.348500 0.941213 0.363651
0 0.823562 0.409107 0.941213 0.424258
0 0.823562 0.424258 0.941213 0.439409
0 0.823562 0.454564 0.941213 0.469715
0 0.823562 0.469715 0.941213 0.484866
0 0.823562 0.484869 0.941213 0.500020
0 0.823562 0.515171 0.941213 0.530322
0 0.823562 0.530326 0.941213 0.545477
0 0.823562 0.560627 0.941213 0.575778
0 0.823562 0.606084 0.941213 0.621235
