0 0.154581 0.118690 0.445851 0.136369
0 0.448710 0.118690 0.751745 0.136369
0 0.154581 0.148996 0.751745 0.166675
0 0.154581 0.179301 0.751745 0.196980
0 0.754605 0.118690 0.941213 0.136369
0 0.188243 0.199501 0.201315 0.209602
0 0.188243 0.214655 0.201315 0.224757
0 0.188243 0.229490 0.201315 0.239592
0 0.924873 0.412263 0.937945 0.422364
0 0.671922 0.522748 0.776501 0.537899
0 0.671922 0.545477 0.776501 0.560627
0 0.836634 0.583356 0.941213 0.598507
0 0.836634 0.621238 0.941213 0.636389
0 0.836634 0.659118 0.941213 0.674268
0 0.836634 0.681846 0.941213 0.696997
0 0.154581 0.822004 0.634093 0.863671
0 0.636953 0.845995 0.763510 0.863671
0 0.766370 0.845995 0.941213 0.863671
