0 0.722549 0.124999 0.735621 0.135100
0 0.722549 0.140150 0.735621 0.150251
0 0.082353 0.200753 0.095425 0.210854
0 0.082353 0.215907 0.095425 0.226008
0 0.082353 0.231057 0.095425 0.241158
0 0.082353 0.246207 0.095425 0.256308
0 0.082353 0.276511 0.095425 0.286612
0 0.547059 0.257574 0.941176 0.272725
0 0.587908 0.287875 0.941176 0.303025
0 0.082353 0.306815 0.095425 0.316916
0 0.082353 0.321965 0.095425 0.332066
0 0.082353 0.337115 0.095425 0.347216
0 0.258824 0.333329 0.941176 0.348479
0 0.419304 0.348483 0.611765 0.363001
0 0.812301 0.348483 0.941176 0.363001
0 0.189869 0.376259 0.457598 0.393937
0 0.460457 0.376259 0.692892 0.393937
0 0.695752 0.376259 0.941176 0.393937
0 0.189869 0.406563 0.458824 0.424241
0 0.460457 0.406563 0.692892 0.424241
0 0.695752 0.406563 0.941176 0.424241
0 0.189869 0.436863 0.941176 0.454541
0 0.189869 0.467167 0.941176 0.484845
0 0.189869 0.497471 0.941176 0.515149
0 0.189869 0.527771 0.941176 0.545449
0 0.223529 0.560599 0.352941 0.575749
0 0.389869 0.558075 0.551716 0.575753
0 0.554575 0.558075 0.787010 0.575753
0 0.811765 0.547342 0.824837 0.557443
0 0.811765 0.562492 0.824837 0.572593
0 0.189869 0.588379 0.387010 0.606057
0 0.388235 0.588379 0.658824 0.606057
0 0.660458 0.593430 0.941176 0.606057
0 0.223529 0.623100 0.238235 0.634463
0 0.341176 0.623101 0.355882 0.634465
0 0.529412 0.623100 0.544118 0.634463
0 0.729412 0.623100 0.744118 0.634463
0 0.788235 0.621207 0.929412 0.636357
0 0.294118 0.651507 0.376471 0.666657
0 0.429412 0.651507 0.517647 0.666657
0 0.581373 0.651507 0.689216 0.666657
0 0.816667 0.651511 0.924510 0.666661
0 0.223529 0.683073 0.238235 0.694436
0 0.223529 0.698227 0.238235 0.709590
0 0.404887 0.712115 0.470588 0.727265
0 0.485559 0.712115 0.529412 0.727265
0 0.544382 0.712115 0.635294 0.727265
0 0.682933 0.712115 0.752941 0.727265
0 0.767912 0.712115 0.811765 0.727265
0 0.826735 0.712115 0.917647 0.727265
0 0.400000 0.727265 0.552941 0.742416
0 0.564706 0.727265 0.705882 0.742416
0 0.717647 0.727265 0.941176 0.742416
0 0.647059 0.757569 0.941176 0.772719
0 0.329412 0.772719 0.517647 0.787870
0 0.647059 0.772719 0.941176 0.787870
0 0.694118 0.845950 0.941176 0.863628
0 0.282353 0.878778 0.528186 0.893928
0 0.694118 0.866152 0.707190 0.876253
0 0.800000 0.866152 0.813072 0.876253
0 0.694118 0.881302 0.707190 0.891403
0 0.729412 0.893932 0.941176 0.909082
0 0.729412 0.909082 0.941176 0.924232
0 0.223529 0.939386 0.529412 0.954536
0 0.531046 0.939386 0.692892 0.954536
0 0.723529 0.924232 0.811765 0.939382
0 0.849346 0.924232 0.941176 0.939382
0 0.800000 0.939386 0.941176 0.954536
