0 0.058824 0.286613 0.611765 0.303028
0 0.613399 0.286613 0.941176 0.303028
0 0.058824 0.316917 0.941176 0.333333
0 0.473856 0.335853 0.486928 0.345954
0 0.685621 0.335853 0.698693 0.345954
0 0.109150 0.351007 0.122222 0.361107
0 0.285621 0.351007 0.298693 0.361107
0 0.473856 0.351007 0.486928 0.361107
0 0.685621 0.351007 0.698693 0.361107
0 0.109150 0.366157 0.122222 0.376258
0 0.285621 0.366157 0.298693 0.376258
0 0.473856 0.366157 0.486928 0.376258
0 0.685621 0.366157 0.698693 0.376258
0 0.109150 0.381307 0.122222 0.391408
0 0.285621 0.381307 0.298693 0.391408
0 0.473856 0.381307 0.486928 0.391408
0 0.835294 0.396461 0.848366 0.406562
0 0.894118 0.396461 0.907190 0.406562
0 0.109149 0.426761 0.122221 0.436862
0 0.109150 0.472215 0.122222 0.482316
0 0.109150 0.487369 0.122222 0.497470
0 0.109150 0.502519 0.122222 0.512620
0 0.109149 0.517669 0.122221 0.527770
0 0.109149 0.563123 0.122221 0.573224
0 0.109149 0.578277 0.122221 0.588378
0 0.109149 0.608577 0.122221 0.618678
0 0.109149 0.638881 0.122221 0.648982
0 0.109149 0.669185 0.122221 0.679286
0 0.109149 0.699485 0.122221 0.709586
0 0.109150 0.729789 0.122222 0.739890
0 0.109150 0.744939 0.122222 0.755040
0 0.532678 0.426761 0.545750 0.436862
0 0.532678 0.441915 0.545750 0.452016
0 0.532680 0.472215 0.545752 0.482316
0 0.532680 0.487369 0.545752 0.497470
0 0.532678 0.502519 0.545750 0.512620
0 0.532680 0.517669 0.545752 0.527770
0 0.532680 0.532823 0.545752 0.542924
0 0.532680 0.547973 0.545752 0.558074
0 0.532678 0.563123 0.545750 0.573224
0 0.532680 0.593427 0.545752 0.603528
0 0.532680 0.608577 0.545752 0.618678
0 0.532678 0.623731 0.545750 0.633832
0 0.532680 0.654031 0.545752 0.664132
0 0.532680 0.669185 0.545752 0.679286
0 0.532680 0.684335 0.545752 0.694436
0 0.532680 0.699485 0.545752 0.709586
0 0.532680 0.714639 0.545752 0.724740
0 0.532680 0.729789 0.545752 0.739890
0 0.532680 0.744939 0.545752 0.755040
0 0.058824 0.771458 0.941176 0.787873
0 0.058824 0.801758 0.717647 0.818174
0 0.717647 0.801785 0.941176 0.818174
0 0.058824 0.832062 0.941176 0.848478
0 0.058824 0.862366 0.717647 0.878782
0 0.717647 0.862366 0.941176 0.878782
