0 0.058824 0.300501 0.611765 0.318179
0 0.615033 0.300501 0.941176 0.318179
0 0.058824 0.330805 0.941176 0.348483
0 0.058824 0.361109 0.717647 0.378787
0 0.720915 0.361109 0.941176 0.378787
0 0.058824 0.391409 0.941176 0.409087
0 0.058824 0.421713 0.717647 0.439391
0 0.720915 0.421713 0.941176 0.439391
0 0.105882 0.454541 0.941176 0.469691
0 0.058824 0.484831 0.470588 0.499995
0 0.920913 0.472215 0.933985 0.482316
0 0.058824 0.515572 0.470588 0.530299
0 0.470588 0.515170 0.941176 0.530299
0 0.388235 0.545449 0.717647 0.560599
0 0.105882 0.590903 0.288069 0.606053
0 0.575954 0.590903 0.611765 0.606053
0 0.105882 0.606053 0.929412 0.621203
0 0.858752 0.621207 0.941176 0.636357
0 0.105882 0.636357 0.941176 0.651507
0 0.179737 0.866152 0.192809 0.876253
0 0.176471 0.893932 0.694118 0.909086
0 0.705882 0.893932 0.941176 0.909084
0 0.176471 0.924232 0.694118 0.939386
