0 0.109150 0.078282 0.122222 0.088383
0 0.105882 0.106058 0.530286 0.121208
0 0.685621 0.108582 0.698693 0.118683
0 0.815033 0.108582 0.828105 0.118683
0 0.200964 0.121212 0.552941 0.136362
0 0.717647 0.151512 0.931028 0.166662
0 0.191503 0.169190 0.204575 0.179291
0 0.250327 0.169190 0.263399 0.179291
0 0.109150 0.214644 0.122222 0.224745
0 0.109150 0.290399 0.122222 0.300499
0 0.109150 0.305552 0.122222 0.315653
0 0.109150 0.457065 0.122222 0.467166
0 0.109150 0.532823 0.122222 0.542924
0 0.109150 0.775243 0.122222 0.785344
