0 0.114674 0.121533 0.684648 0.136748
0 0.695939 0.121773 0.936455 0.136988
0 0.114674 0.151963 0.684648 0.167178
0 0.695939 0.152077 0.936455 0.167292
0 0.115295 0.182166 0.936651 0.197382
0 0.115295 0.212597 0.936373 0.227812
0 0.115295 0.243027 0.935131 0.258243
0 0.185984 0.317046 0.737591 0.332715
0 0.087484 0.385369 0.100556 0.395471
0 0.761187 0.411885 0.938400 0.425863
0 0.087549 0.445687 0.100622 0.455789
0 0.761187 0.442316 0.938400 0.456268
0 0.087974 0.477368 0.101046 0.487469
0 0.761187 0.472772 0.938400 0.486863
0 0.087778 0.507798 0.100850 0.517900
0 0.762135 0.532888 0.939347 0.547143
0 0.135231 0.569013 0.148303 0.579114
