0 0.058824 0.285351 0.681127 0.303028
0 0.683987 0.285351 0.941176 0.303028
0 0.156209 0.306815 0.169281 0.316916
0 0.156209 0.321965 0.169281 0.332066
0 0.156209 0.337115 0.169281 0.347216
0 0.473856 0.306815 0.486928 0.316916
0 0.473856 0.321965 0.486928 0.332066
0 0.473856 0.337115 0.486928 0.347216
0 0.473856 0.351638 0.486928 0.361739
0 0.109150 0.382569 0.122222 0.392670
0 0.109150 0.397723 0.122222 0.407824
0 0.109150 0.412873 0.122222 0.422974
0 0.109150 0.428023 0.122222 0.438124
0 0.109150 0.458327 0.122222 0.468428
0 0.109150 0.473478 0.122222 0.483578
0 0.109150 0.488631 0.122222 0.498732
0 0.473856 0.382569 0.486928 0.392670
0 0.473856 0.428023 0.486928 0.438124
0 0.473856 0.443177 0.486928 0.453278
0 0.473856 0.458327 0.486928 0.468428
0 0.473856 0.473478 0.486928 0.483578
0 0.473856 0.488631 0.486928 0.498732
0 0.058824 0.527771 0.941176 0.545449
0 0.058824 0.558075 0.704657 0.575753
0 0.707516 0.558075 0.941176 0.575753
0 0.058824 0.588379 0.941176 0.606057
0 0.058824 0.618679 0.704657 0.636357
0 0.707516 0.618679 0.941176 0.636357
0 0.058824 0.648983 0.352941 0.666661
0 0.352941 0.648983 0.647059 0.666661
0 0.647059 0.648983 0.941176 0.666661
0 0.058824 0.679287 0.941176 0.696965
0 0.107353 0.729789 0.120425 0.739890
0 0.107353 0.775243 0.120425 0.785344
0 0.576471 0.772719 0.926471 0.787870
0 0.107353 0.790394 0.120425 0.800494
0 0.588235 0.787870 0.926471 0.803020
0 0.107353 0.820698 0.120425 0.830798
0 0.107353 0.866152 0.120425 0.876253
0 0.107353 0.911606 0.120425 0.921707
