0 0.109149 0.078282 0.122221 0.088383
0 0.309150 0.122158 0.322222 0.132259
0 0.438562 0.122158 0.451634 0.132259
0 0.556209 0.122158 0.569281 0.132259
0 0.109149 0.169190 0.122221 0.179291
0 0.109149 0.199490 0.122221 0.209591
0 0.109149 0.244944 0.122221 0.255045
0 0.109149 0.290399 0.122221 0.300499
0 0.109149 0.320703 0.122221 0.330804
0 0.109149 0.411611 0.122221 0.421712
0 0.109149 0.457065 0.122221 0.467166
0 0.109149 0.487369 0.122221 0.497470
0 0.109149 0.563123 0.122221 0.573224
0 0.109149 0.593427 0.122221 0.603528
0 0.109149 0.623731 0.122221 0.633832
0 0.109149 0.684335 0.122221 0.694436
0 0.109149 0.744939 0.122221 0.755040
0 0.109149 0.790394 0.122221 0.800494
0 0.109149 0.866152 0.122221 0.876253
0 0.109149 0.896456 0.122221 0.906557
0 0.109149 0.924863 0.122221 0.934964
