0 0.109149 0.078282 0.122221 0.088383
0 0.109149 0.138886 0.122221 0.148987
0 0.109149 0.411611 0.122221 0.421712
0 0.109149 0.457065 0.122221 0.467166
0 0.109149 0.563123 0.122221 0.573224
0 0.109149 0.608577 0.122221 0.618678
0 0.129412 0.636357 0.530286 0.651507
0 0.685621 0.638881 0.698693 0.648982
0 0.815033 0.638881 0.828105 0.648982
0 0.217580 0.651507 0.552941 0.666657
0 0.717647 0.681811 0.931028 0.696961
0 0.215033 0.699485 0.228105 0.709586
0 0.273856 0.699485 0.286928 0.709586
0 0.109149 0.760093 0.122221 0.770194
0 0.109149 0.835848 0.122221 0.845949
