0 0.109150 0.123736 0.122222 0.133837
0 0.109150 0.138886 0.122222 0.148987
0 0.391503 0.123736 0.404575 0.133837
0 0.391503 0.138886 0.404575 0.148987
0 0.673856 0.123736 0.686928 0.133837
0 0.058824 0.164751 0.941176 0.181816
0 0.058824 0.194442 0.647059 0.212120
0 0.647059 0.194442 0.941176 0.212120
0 0.199162 0.212120 0.647059 0.227270
0 0.109150 0.290399 0.122222 0.300499
0 0.109149 0.457065 0.122221 0.467166
0 0.109149 0.487369 0.122221 0.497470
0 0.109149 0.532823 0.122221 0.542924
0 0.109149 0.578277 0.122221 0.588378
0 0.109149 0.638881 0.122221 0.648982
0 0.109149 0.684335 0.122221 0.694436
0 0.109149 0.744939 0.122221 0.755040
0 0.109149 0.775243 0.122221 0.785344
0 0.109149 0.835848 0.122221 0.845949
