0 0.095752 0.148991 0.941176 0.166668
0 0.095752 0.179294 0.941176 0.196972
0 0.118464 0.227903 0.131536 0.238004
0 0.365523 0.228534 0.378595 0.238635
0 0.565523 0.228534 0.578595 0.238635
0 0.365523 0.243684 0.378595 0.253785
0 0.118464 0.244316 0.131536 0.254417
0 0.118626 0.260101 0.131698 0.270202
0 0.686928 0.257577 0.729412 0.272727
0 0.118348 0.321968 0.131420 0.332069
0 0.288235 0.318182 0.729412 0.333332
0 0.721569 0.377527 0.734641 0.387628
0 0.811765 0.272727 0.941176 0.287878
0 0.811765 0.333332 0.941176 0.348482
0 0.095905 0.406567 0.600154 0.424245
0 0.095905 0.436867 0.600154 0.454545
0 0.601634 0.406567 0.941176 0.454545
0 0.095752 0.467162 0.941176 0.484850
0 0.682353 0.515150 0.752941 0.545455
0 0.776471 0.515150 0.823529 0.545455
0 0.847059 0.515150 0.941176 0.545455
0 0.682353 0.575759 0.729412 0.606063
0 0.752941 0.575759 0.917647 0.606063
